33 0.8361749444032617 0.26613283089967027 0.04744255003706449 0.030146019783325484
23 0.8806523350630096 0.6443711728685823 0.04151223128243143 0.030146019783325484
23 0.23424759080800592 0.8410268487988696 0.042994810971089696 0.02779086198775318
225 0.6849518161601186 0.4656146961846444 0.042994810971089696 0.029674988224211024
119 0.7957746478873239 0.5063589260480452 0.06893995552260934 0.03297220913801225
212 0.2694588584136397 0.6627414036740462 0.021497405485544848 0.029203956665096564
177 0.19088213491475167 0.8389072067828545 0.04521868050407709 0.03203014601978332
225 0.8902891030392883 0.20018841262364578 0.042994810971089696 0.024493641073951956
186 0.6986656782802075 0.6837023080546397 0.05856189770200148 0.03438530381535563
23 0.8491475166790214 0.44065002355157795 0.04225352112676056 0.02779086198775318
14 0.2616753150481838 0.7345737164390015 0.044477390659747956 0.03250117757889779
150 0.939214232765011 0.44747998115873766 0.042994810971089696 0.03203014601978332
111 0.23498888065233506 0.6274140367404616 0.05930318754633061 0.038624587847385775
14 0.8513713862120088 0.5110692416391899 0.05263157894736842 0.03203014601978332
100 0.6108228317272053 0.6036269430051814 0.04151223128243143 0.03344324069712671
201 0.7557449962935507 0.19594912859161565 0.04521868050407709 0.027319830428638718
100 0.7257227575982209 0.401789919924635 0.0385470719051149 0.030146019783325484
201 0.2538917716827279 0.9517192651907678 0.054114158636026685 0.0287329251059821
14 0.9495922905856189 0.34738577484691474 0.04002965159377316 0.04097974564295808
212 0.8143068939955522 0.437588318417334 0.02742772424017791 0.030146019783325484
201 0.770941438102298 0.6102213848327838 0.04595997034840622 0.0287329251059821
8 0.6908821349147516 0.6394253414978803 0.050407709414381024 0.0287329251059821
201 0.6345441067457376 0.33113518605746584 0.044477390659747956 0.0263777673104098
120 0.6771682727946627 0.19524258125294394 0.04521868050407709 0.026848798869524258
201 0.8806523350630096 0.8243052284503062 0.04892512972572276 0.030146019783325484
8 0.6704966641957005 0.5353273669335846 0.05263157894736842 0.03344324069712671
212 0.7034840622683469 0.29627885068299575 0.023721275018532245 0.02826189354686764
225 0.9043736100815418 0.3405558172397551 0.050407709414381024 0.030146019783325484
186 0.8721275018532246 0.16391898257183232 0.05114899925871015 0.02826189354686764
161 0.7531504818383988 0.6834667922750824 0.04744255003706449 0.03391427225624117
8 0.29762787249814676 0.6615638247762601 0.04670126019273536 0.029674988224211024
7 0.8713862120088954 0.3763542157324541 0.048183839881393624 0.02826189354686764
8 0.684581171237954 0.39990579368817714 0.04225352112676056 0.02826189354686764
23 0.776871756856931 0.3002826189354687 0.04892512972572276 0.030617051342439944
201 0.8183839881393624 0.37305699481865284 0.051890289103039285 0.027319830428638718
8 0.7309117865085248 0.22703721149317005 0.042994810971089696 0.029203956665096564
212 0.6908821349147516 0.6057465850211965 0.031134173461823574 0.029203956665096564
59 0.24240177909562638 0.6975977390485163 0.0681986656782802 0.03485633537447009
23 0.24017790956263899 0.9828073480923222 0.044477390659747956 0.024964672633066416
8 0.66234247590808 0.22703721149317005 0.05114899925871015 0.029203956665096564
23 0.3039288361749444 0.6978332548280735 0.05337286879169755 0.03250117757889779
119 0.639362490733877 0.568535091851154 0.07042253521126761 0.030146019783325484
23 0.6634544106745738 0.4340555817239755 0.0385470719051149 0.02779086198775318
120 0.8135656041512231 0.6116344795101272 0.048183839881393624 0.02779086198775318
33 0.8220904373610082 0.164625529910504 0.05485544848035582 0.02779086198775318
212 0.8921423276501111 0.512246820536976 0.025945144551519642 0.03250117757889779
100 0.9232765011119347 0.7899199246349505 0.04373610081541883 0.030146019783325484
23 0.3080059303187546 0.7315120113047574 0.05263157894736842 0.029203956665096564
225 0.8139362490733877 0.40461610927932173 0.04002965159377316 0.02826189354686764
212 0.14343958487768718 0.7322185586434291 0.03187546330615271 0.030617051342439944
201 0.651223128243143 0.6026848798869524 0.048183839881393624 0.029674988224211024
225 0.3491475166790215 0.7675459255770137 0.05337286879169755 0.03344324069712671
201 0.8650852483320978 0.2998115873763542 0.042994810971089696 0.0287329251059821
120 0.7201630837657523 0.2640131888836552 0.05263157894736842 0.030617051342439944
8 0.5841363973313566 0.5640602920395666 0.0385470719051149 0.038153556288271315
120 0.7361008154188288 0.2993405558172398 0.042994810971089696 0.02779086198775318
186 0.639362490733877 0.39849269901083373 0.04225352112676056 0.029203956665096564
201 0.9355077835433654 0.6116344795101272 0.05337286879169755 0.03438530381535563
23 0.8736100815418828 0.787329251059821 0.04966641957005189 0.03155911446066886
201 0.2301704966641957 0.6617993405558172 0.04670126019273536 0.030146019783325484
186 0.19866567828020756 0.8747056052755535 0.04744255003706449 0.029203956665096564
161 0.15567086730911786 0.800518134715026 0.05633802816901408 0.03344324069712671
100 0.734988880652335 0.6439001413094677 0.03187546330615271 0.03203014601978332
23 0.36063750926612304 0.8040508714083844 0.040770941438102296 0.03203014601978332
201 0.2750185322461082 0.8440885539331136 0.042994810971089696 0.02826189354686764
161 0.7824314306893996 0.43641073951954784 0.04670126019273536 0.030617051342439944
119 0.7131208302446256 0.1629769194536034 0.06078576723498888 0.0263777673104098
119 0.6871756856931059 0.5007065473386717 0.057820607857672346 0.03203014601978332
201 0.7057079318013343 0.43452661328309 0.04892512972572276 0.026848798869524258
45 0.17457375833951075 0.6599152143193594 0.061527057079318014 0.0263777673104098
23 0.24017790956263899 0.800518134715026 0.044477390659747956 0.030617051342439944
212 0.7642698295033358 0.6415449835138954 0.025203854707190512 0.029203956665096564
107 0.7509266123054114 0.575600565237871 0.06078576723498888 0.03391427225624117
23 0.2538917716827279 0.7673104097974565 0.04225352112676056 0.029203956665096564
212 0.6671608598962194 0.16391898257183232 0.026686434395848776 0.02826189354686764
212 0.7442550037064491 0.4371172868582195 0.02816901408450704 0.031088082901554404
150 0.7698295033358042 0.4024964672633067 0.04966641957005189 0.029674988224211024
8 0.8498888065233506 0.4072067828544513 0.04966641957005189 0.03250117757889779
225 0.801704966641957 0.1961846443711729 0.04521868050407709 0.024964672633066416
212 0.6823573017049667 0.12835609985869054 0.02446256486286138 0.03344324069712671
186 0.9125277983691623 0.23457371643900143 0.04595997034840622 0.03203014601978332
201 0.8539659006671608 0.3367875647668394 0.050407709414381024 0.030146019783325484
161 0.1664195700518903 0.7626000942063118 0.03928836174944403 0.029203956665096564
212 0.6060044477390659 0.40014130946773435 0.021497405485544848 0.0287329251059821
107 0.5859896219421794 0.3301931229392369 0.05114899925871015 0.031088082901554404
225 0.6575240919199407 0.365991521431936 0.04151223128243143 0.031088082901554404
225 0.5752409191994069 0.3996702779086199 0.04002965159377316 0.039095619406500234
161 0.9607116382505559 0.8942534149788036 0.04595997034840622 0.03438530381535563
201 0.21756856931060042 0.7331606217616581 0.04373610081541883 0.026848798869524258
107 0.7257227575982209 0.1295336787564767 0.051890289103039285 0.0263777673104098
23 0.631578947368421 0.5007065473386717 0.04002965159377316 0.029203956665096564
14 0.8165307635285396 0.3363165332077249 0.04373610081541883 0.031088082901554404
107 0.829873980726464 0.23268959020254357 0.06893995552260934 0.02826189354686764
120 0.8172720533728688 0.30075365049458314 0.04670126019273536 0.02779086198775318
111 0.2123795404002965 0.7661328308996703 0.04521868050407709 0.03344324069712671
23 0.6953298739807264 0.5704192180876119 0.04151223128243143 0.035798398492699016
119 0.8999258710155671 0.8975506358926049 0.08302446256486286 0.03438530381535563
120 0.8484062268346924 0.5781912388130005 0.04670126019273536 0.03155911446066886
212 0.7490733876945885 0.263777673104098 0.028910303928836173 0.02826189354686764
212 0.9592290585618977 0.7929816297691946 0.023721275018532245 0.024964672633066416
23 0.24573758339510748 0.8754121526142252 0.04670126019273536 0.02779086198775318
150 0.6360266864343959 0.4651436646255299 0.05485544848035582 0.029674988224211024
111 0.7809488510007413 0.26495525200188413 0.040770941438102296 0.0287329251059821
9 0.27353595255744995 0.9152143193593971 0.04151223128243143 0.030146019783325484
120 0.8146775389177168 0.12906264719736224 0.04595997034840622 0.027319830428638718
150 0.6275018532246108 0.293452661328309 0.040770941438102296 0.02826189354686764
212 0.9114158636026686 0.3758831841733396 0.02742772424017791 0.029203956665096564
225 0.8947368421052632 0.44512482336316533 0.04595997034840622 0.031088082901554404
77 0.9036323202372127 0.40956194065002355 0.06523350630096367 0.04757418747056053
119 0.6371386212008895 0.6389543099387659 0.06597479614529281 0.03250117757889779
201 0.8773165307635286 0.7178520960904381 0.054114158636026685 0.0263777673104098
23 0.7197924388435878 0.19477154969382948 0.044477390659747956 0.026848798869524258
8 0.8013343217197924 0.5772491756947715 0.042994810971089696 0.03438530381535563
8 0.7353595255744996 0.503061705134244 0.04595997034840622 0.03203014601978332
225 0.6679021497405485 0.2946302402260952 0.04002965159377316 0.026848798869524258
186 0.19940696812453668 0.8012246820536977 0.051890289103039285 0.03297220913801225
23 0.8813936249073387 0.6827602449364107 0.044477390659747956 0.026848798869524258
119 0.7598220904373609 0.3678756476683938 0.06968124536693847 0.03203014601978332
225 0.7968865826538176 0.6462552991050401 0.037064492216456635 0.031088082901554404
23 0.9677538917716827 0.9232218558643429 0.04521868050407709 0.02826189354686764
201 0.7001482579688658 0.365991521431936 0.04373610081541883 0.024493641073951956
201 0.9088213491475167 0.27037211493170044 0.04002965159377316 0.029203956665096564
212 0.8602668643439585 0.7538860103626943 0.028910303928836173 0.03438530381535563
225 0.9288361749444032 0.7180876118699954 0.050407709414381024 0.02779086198775318
225 0.7761304670126019 0.23033443240697127 0.04151223128243143 0.0263777673104098
212 0.6968124536693847 0.22703721149317005 0.025203854707190512 0.0263777673104098
177 0.5837657524091919 0.46537918040508713 0.048183839881393624 0.031088082901554404
201 0.8962194217939213 0.7531794630240226 0.04892512972572276 0.03203014601978332
161 0.9355077835433654 0.824069712670749 0.05337286879169755 0.03250117757889779
212 0.279466271312083 0.8775317946302402 0.01927353595255745 0.029203956665096564
186 0.6197183098591549 0.43099387658973154 0.042994810971089696 0.02543570419218088
225 0.2939214232765011 0.9498351389543099 0.05263157894736842 0.026848798869524258
161 0.776871756856931 0.4693829486575601 0.04595997034840622 0.03344324069712671
8 0.7742772424017791 0.13000471031559116 0.04521868050407709 0.029203956665096564
186 0.17753891771682728 0.7315120113047574 0.03780578206078577 0.030146019783325484
225 0.617123795404003 0.36434291097503535 0.03780578206078577 0.02779086198775318
77 0.1308376575240919 0.7623645784267546 0.028910303928836173 0.03438530381535563
201 0.9284655300222386 0.4799811587376354 0.04966641957005189 0.030146019783325484
23 0.22646404744255003 0.9156853509185116 0.040770941438102296 0.029203956665096564
8 0.3224610822831727 0.9163918982571833 0.04744255003706449 0.030617051342439944
161 0.30059303187546327 0.7675459255770137 0.04670126019273536 0.03344324069712671
186 0.31356560415122314 0.8019312293923693 0.050407709414381024 0.03155911446066886
100 0.7305411415863602 0.332312764955252 0.03187546330615271 0.030617051342439944
212 0.27575982209043737 0.8031088082901555 0.031134173461823574 0.031088082901554404
23 0.8469236471460341 0.19830428638718794 0.04225352112676056 0.027319830428638718
33 0.6849518161601186 0.3304286387187942 0.05337286879169755 0.030617051342439944
23 0.8146775389177168 0.473386716910033 0.044477390659747956 0.027319830428638718
186 0.7238695329873981 0.6066886481394254 0.04966641957005189 0.03203014601978332
45 0.5719051148999259 0.4333490343853038 0.054114158636026685 0.024493641073951956
100 0.9262416604892513 0.6446066886481394 0.03780578206078577 0.029674988224211024
177 0.88880652335063 0.6090438059349976 0.042994810971089696 0.03297220913801225
186 0.8784284655300222 0.47621290626471974 0.04595997034840622 0.03203014601978332
23 0.8773165307635286 0.8579839849269901 0.04373610081541883 0.03532736693358455
23 0.7661230541141586 0.16109279321714556 0.04670126019273536 0.0263777673104098
177 0.8302446256486286 0.5456900612341027 0.051890289103039285 0.03155911446066886
212 0.8480355819125278 0.4757418747056053 0.020756115641215715 0.030146019783325484
100 0.9277242401779096 0.6827602449364107 0.04521868050407709 0.030617051342439944
225 0.3191252779836916 0.8403203014601979 0.04670126019273536 0.030146019783325484
23 0.5763528539659006 0.36387187941592086 0.034840622683469234 0.02779086198775318
33 0.9740548554484804 0.8221855864342912 0.029651593773165306 0.037211493170042395
23 0.6464047442550037 0.1295336787564767 0.0385470719051149 0.035798398492699016
212 0.21423276501111935 0.9498351389543099 0.031134173461823574 0.02590673575129534
201 0.785396590066716 0.5442769665567593 0.048183839881393624 0.03344324069712671
201 0.6527057079318013 0.6855864342910976 0.04521868050407709 0.03438530381535563
161 0.910303928836175 0.3035798398492699 0.042994810971089696 0.0287329251059821
23 0.7305411415863602 0.4686764013188884 0.04373610081541883 0.02826189354686764
45 0.1704966641957005 0.6978332548280735 0.06968124536693847 0.026848798869524258
212 0.8810229799851742 0.2350447479981159 0.021497405485544848 0.03203014601978332
8 0.7713120830244625 0.3313707018370231 0.05114899925871015 0.03155911446066886
7 0.8810229799851742 0.5485162505887895 0.04966641957005189 0.03155911446066886
14 0.28762045959970345 0.982571832312765 0.04595997034840622 0.023551577955723033
107 0.729058561897702 0.5398021667451719 0.0748702742772424 0.03391427225624117
8 0.667531504818384 0.26495525200188413 0.05114899925871015 0.03250117757889779
212 0.858042994810971 0.6109279321714555 0.03039288361749444 0.03203014601978332
212 0.8780578206078576 0.2675459255770137 0.02742772424017791 0.02826189354686764
119 0.9507042253521126 0.755534620819595 0.054114158636026685 0.038624587847385775
150 0.17976278724981468 0.6262364578426755 0.05559673832468495 0.038153556288271315
186 0.31171237954040026 0.8780028261893548 0.04521868050407709 0.031088082901554404
186 0.6208302446256486 0.5332077249175695 0.05559673832468495 0.03203014601978332
120 0.8558191252779836 0.128827131417805 0.04373610081541883 0.0287329251059821