119 0.5908479138627187 0.0653950953678474 0.05518169582772544 0.09627611262488646
212 0.506393001345895 0.3424159854677566 0.03566621803499327 0.14350590372388736
201 0.8664199192462988 0.20572207084468663 0.08142664872139974 0.12079927338782924
8 0.19751009421265142 0.5099909173478656 0.07065948855989233 0.14623069936421434
150 0.6968371467025573 0.19436875567665757 0.08277254374158816 0.1271571298819255
59 0.5275908479138627 0.4986376021798365 0.07806191117092867 0.11444141689373297
77 0.132907133243607 0.494550408719346 0.09353970390309556 0.2316076294277929
212 0.6386271870794078 0.19436875567665757 0.028263795423956933 0.1271571298819255
201 0.5925302826379543 0.19573115349682108 0.07335127860026917 0.12443233424159854
14 0.784656796769852 0.20708446866485014 0.09825033647375504 0.1307901907356948
150 0.5972409152086138 0.5018165304268847 0.0639300134589502 0.1371480472297911
100 0.6493943472409152 0.5027247956403269 0.04979811574697174 0.16076294277929154
161 0.7553835800807537 0.48501362397820164 0.06258411843876177 0.1380563124432334
119 0.6927994616419919 0.3505903723887375 0.10296096904441454 0.1307901907356948
119 0.8304172274562585 0.07584014532243415 0.11305518169582773 0.12261580381471389
23 0.6080080753701211 0.3478655767484105 0.07604306864064603 0.11262488646684832
14 0.6594885598923284 0.0703905540417802 0.07940780619111709 0.12079927338782924
150 0.7358681022880216 0.07720254314259764 0.07604306864064603 0.11625794732061762
23 0.05518169582772544 0.49182561307901906 0.07267833109017496 0.09536784741144413
17 0.5524899057873486 0.35603996366939145 0.059219380888290714 0.13260672116257946
201 0.7049125168236877 0.5031789282470481 0.06123822341857335 0.14350590372388736