7 0.3344984271233834 0.3975225225225225 0.040545263893743445 0.036036036036036036
23 0.2602236980076896 0.81493993993994 0.04508912967493883 0.044294294294294295
150 0.34568332750786435 0.8721846846846847 0.035651869975533025 0.04842342342342342
161 0.21565886053827332 0.6955705705705706 0.03704998252359314 0.04129129129129129
7 0.19556099265990912 0.818506006006006 0.03460328556448794 0.04241741741741742
100 0.2415239426773855 0.6418918918918919 0.030059419783292553 0.048798798798798795
14 0.28329255505068157 0.5213963963963963 0.04508912967493883 0.04504504504504504
14 0.3912967493883257 0.5251501501501501 0.038098566934638235 0.044294294294294295
33 0.17091925900034952 0.34384384384384387 0.052429220552254456 0.044294294294294295
212 0.26179657462425726 0.7601351351351351 0.024466969591052077 0.04279279279279279
150 0.35249912617965745 0.7588213213213213 0.050681579867179305 0.04016516516516516
7 0.31038098566934635 0.9288663663663663 0.052429220552254456 0.04466966966966967
119 0.37294652219503666 0.5807057057057057 0.04613771408598392 0.04279279279279279
161 0.1600838867528836 0.8188813813813813 0.034952813701502966 0.04542042042042042
23 0.1836770360013981 0.8765015015015015 0.03670045438657812 0.03903903903903904
119 0.30181754631247815 0.4577702702702703 0.04578818594896889 0.03641141141141141
8 0.27874868926948615 0.6454579579579579 0.04928346731911919 0.041666666666666664
100 0.29709891646277525 0.8128753753753754 0.030059419783292553 0.04316816816816817
23 0.15571478504019573 0.5788288288288288 0.04648724222299895 0.05780780780780781
100 0.19119189094722125 0.7565690690690691 0.024466969591052077 0.039414414414414414
7 0.3131772107654666 0.646021021021021 0.040545263893743445 0.0457957957957958
161 0.15606431317721076 0.46208708708708707 0.03460328556448794 0.038288288288288286
14 0.34760573226144703 0.22879129129129128 0.03320517301642782 0.04391891891891892
212 0.3130024466969591 0.34253003003003 0.02132121635791681 0.03866366366366367
161 0.2923802866130723 0.3999624624624625 0.038098566934638235 0.039414414414414414
186 0.26931142957008036 0.6968843843843844 0.06675987416987067 0.04692192192192192
8 0.3455085634393568 0.4590840840840841 0.049982523593149246 0.04129129129129129
23 0.17721076546662004 0.6957582582582582 0.041244320167773504 0.04016516516516516
8 0.3109052778748689 0.6974474474474475 0.05627403005941978 0.04804804804804805
225 0.20866829779797272 0.581081081081081 0.040545263893743445 0.03978978978978979
119 0.20150297098916461 0.28246996996997 0.04369101712687871 0.04542042042042042
14 0.158860538273331 0.7567567567567568 0.04019573575672841 0.03753753753753754
177 0.3804613771408598 0.4630255255255255 0.057672142607479895 0.04692192192192192
161 0.3107305138063614 0.22503753753753752 0.03704998252359314 0.041666666666666664
150 0.28451590353023415 0.5786411411411412 0.048234882908074095 0.04091591591591592
14 0.3836071303739951 0.34177927927927926 0.05277874868926948 0.03490990990990991
9 0.24239776301992308 0.5807057057057057 0.03670045438657812 0.04279279279279279
23 0.27944774554351626 0.33952702702702703 0.04299196085284865 0.04091591591591592
8 0.29360363509262494 0.28284534534534533 0.047535826634044036 0.039414414414414414
201 0.22055225445648374 0.5219594594594594 0.040545263893743445 0.03415915915915916
23 0.33904229290457877 0.8115615615615616 0.047535826634044036 0.04129129129129129
23 0.25969940580216705 0.3982732732732733 0.03774903879762321 0.036036036036036036
225 0.35861586857742045 0.699512012012012 0.04613771408598392 0.04542042042042042
23 0.2700104858441104 0.931493993993994 0.031807060468367704 0.04241741741741742
161 0.3584411045089129 0.5200825825825826 0.038797623208668294 0.04241741741741742
150 0.17616218105557496 0.39958708708708707 0.04334148898986368 0.03866366366366367
23 0.3794127927298147 0.40146396396396394 0.04439007340090877 0.03866366366366367
23 0.25585459629500173 0.455518018018018 0.041244320167773504 0.03415915915915916
14 0.2200279622509612 0.4613363363363363 0.03949667948269835 0.038288288288288286
212 0.2437958755679832 0.34177927927927926 0.019224047535826634 0.03866366366366367
23 0.35948968891995803 0.28246996996997 0.04299196085284865 0.041666666666666664
177 0.3897238727717581 0.7454954954954955 0.030758476057322612 0.03678678678678678
212 0.26896190143306536 0.8731231231231231 0.03390422929045788 0.04129129129129129
7 0.3262845159035302 0.5788288288288288 0.038098566934638235 0.03753753753753754
201 0.37644180356518697 0.22728978978978978 0.030059419783292553 0.04016516516516516
100 0.3942677385529535 0.2834084084084084 0.030059419783292553 0.04204204204204204
8 0.2154840964697658 0.3397147147147147 0.03949667948269835 0.04804804804804805
33 0.22177560293603635 0.3988363363363363 0.04718629849702901 0.04016516516516516
225 0.3416637539321915 0.34215465465465467 0.037399510660608176 0.04241741741741742
14 0.32348829080741 0.28322072072072074 0.04019573575672841 0.04016516516516516
186 0.29884655714785036 0.7591966966966966 0.05173016427822439 0.04466966966966967
14 0.1815798671793079 0.5223348348348348 0.04508912967493883 0.04692192192192192
201 0.35529535127577766 0.6456456456456456 0.04369101712687871 0.03978978978978979
33 0.25026214610276126 0.28246996996997 0.05033205173016427 0.04391891891891892
107 0.18332750786438307 0.6456456456456456 0.059070255155540013 0.04354354354354354
225 0.188395665851101 0.4588963963963964 0.03145753233135267 0.03566066066066066
119 0.30513806361412094 0.8738738738738738 0.04194337644180356 0.046546546546546545
212 0.40440405452638933 0.22503753753753752 0.028661307235232435 0.03791291291291291
8 0.3250611674239776 0.5198948948948949 0.04683677036001398 0.04279279279279279
212 0.25253407899335895 0.5249624624624625 0.025515554002097166 0.04016516516516516