8 0.39742574257425745 0.5526134800550206 0.03207920792079208 0.03576341127922971
59 0.30534653465346534 0.6996217331499313 0.04831683168316832 0.035419532324621736
212 0.4106930693069307 0.6925722145804677 0.024554455445544555 0.04264099037138927
120 0.6057425742574258 0.16110729023383769 0.030495049504950498 0.03954607977991747
23 0.3522772277227723 0.7367606602475929 0.03683168316831684 0.03885832187070151
33 0.6342574257425743 0.3686382393397524 0.029702970297029705 0.03645116918844567
212 0.2211881188118812 0.7420907840440165 0.015445544554455447 0.04332874828060523
201 0.567920792079208 0.11433975240715269 0.038019801980198026 0.03198074277854195
77 0.36851485148514856 0.5572558459422283 0.033663366336633666 0.049174690508940855
107 0.4736633663366337 0.5503782668500687 0.04356435643564357 0.03404401650618982
45 0.5275247524752475 0.05983493810178817 0.05386138613861387 0.03851444291609354
150 0.2588118811881188 0.5199449793672627 0.04554455445544555 0.03645116918844567
23 0.5277227722772277 0.5909559834938102 0.02811881188118812 0.03885832187070151
212 0.47683168316831687 0.5966299862448419 0.017425742574257427 0.03645116918844567
45 0.4128712871287129 0.46509628610729026 0.059009900990099014 0.03473177441540578
111 0.5990099009900991 0.11124484181568088 0.03920792079207921 0.0374828060522696
201 0.19881188118811882 0.6585281980742779 0.038019801980198026 0.04607977991746905
201 0.6647524752475248 0.6368638239339752 0.033663366336633666 0.03988995873452545
100 0.5077227722772277 0.5493466299862448 0.024554455445544555 0.0374828060522696
186 0.29049504950495053 0.517193947730399 0.030495049504950498 0.041953232462173314
212 0.4720792079207921 0.3304676753782669 0.02930693069306931 0.03094910591471802
225 0.5021782178217822 0.3339064649243466 0.0300990099009901 0.030261348005502064
23 0.40653465346534656 0.3345942228335626 0.03207920792079208 0.0343878954607978
201 0.22237623762376238 0.2075309491059147 0.03128712871287129 0.03885832187070151
23 0.2320792079207921 0.6103851444291609 0.030891089108910894 0.037138927097661624
119 0.5443564356435644 0.3713892709766162 0.033663366336633666 0.04607977991746905
212 0.6582178217821782 0.36949793672627235 0.01821782178217822 0.03679504814305364
59 0.36910891089108916 0.3357977991746905 0.04831683168316832 0.038170563961485555
14 0.1900990099009901 0.2080467675378267 0.032475247524752476 0.03370013755158184
8 0.6542574257425743 0.3347661623108666 0.042772277227722776 0.0202888583218707
8 0.2837623762376238 0.4719738651994498 0.0201980198019802 0.04160935350756534
186 0.38693069306930694 0.6473521320495186 0.038019801980198026 0.0374828060522696
201 0.19485148514851486 0.7414030261348006 0.03326732673267327 0.03576341127922971
59 0.5883168316831684 0.546767537826685 0.03920792079207921 0.03163686382393398
100 0.561980198019802 0.3296079779917469 0.04435643564356436 0.027854195323246216
201 0.341980198019802 0.6982462173314993 0.02811881188118812 0.03679504814305364
100 0.28693069306930696 0.6078060522696012 0.02811881188118812 0.03954607977991747
7 0.49900990099009906 0.592503438789546 0.026930693069306934 0.03576341127922971
7 0.5910891089108912 0.5926753782668501 0.03207920792079208 0.03954607977991747
212 0.5314851485148515 0.4607977991746905 0.01821782178217822 0.03782668500687758
120 0.25782178217821783 0.46956671251719395 0.0300990099009901 0.0374828060522696
59 0.3801980198019802 0.37585969738652 0.049900990099009904 0.03370013755158184
225 0.5637623762376238 0.6851788170563962 0.03128712871287129 0.03610729023383769
161 0.6497029702970297 0.5914718019257221 0.038415841584158415 0.039202200825309494
8 0.5742574257425743 0.3674346629986245 0.028514851485148516 0.0484869325997249
150 0.32574257425742575 0.5142709766162311 0.03920792079207921 0.038170563961485555
225 0.45623762376237625 0.4657840440165062 0.027722772277227723 0.0374828060522696
59 0.2607920792079208 0.7371045392022009 0.05108910891089109 0.03266850068775791
45 0.42910891089108916 0.7388239339752407 0.048712871287128715 0.038170563961485555
186 0.31445544554455446 0.3734525447042641 0.02930693069306931 0.037138927097661624
212 0.2726732673267327 0.7011691884456671 0.022574257425742577 0.0343878954607978
100 0.5146534653465347 0.6425378266850069 0.03128712871287129 0.03954607977991747
150 0.4970297029702971 0.6813961485557084 0.04118811881188119 0.0374828060522696
212 0.3532673267326733 0.6506189821182944 0.03326732673267327 0.03782668500687758
201 0.19623762376237625 0.7027166437414031 0.03683168316831684 0.0374828060522696
7 0.4247524752475248 0.42314305364511695 0.040792079207920794 0.0374828060522696
8 0.20534653465346536 0.46801925722145804 0.030495049504950498 0.041953232462173314
150 0.5615841584158416 0.7338376891334251 0.047524752475247525 0.04332874828060523
14 0.5712871287128714 0.41970426409903716 0.06297029702970297 0.03954607977991747
111 0.47782178217821786 0.37121733149931224 0.02811881188118812 0.03473177441540578
212 0.4603960396039604 0.6858665749656121 0.018613861386138617 0.03679504814305364
201 0.19405940594059407 0.24776478679504815 0.0300990099009901 0.03885832187070151
14 0.2417821782178218 0.702200825309491 0.030495049504950498 0.0343878954607978
8 0.5524752475247525 0.5471114167812929 0.0300990099009901 0.03645116918844567
23 0.5596039603960397 0.5094566712517195 0.02930693069306931 0.040233837689133425
201 0.620990099009901 0.5866574965612105 0.030891089108910894 0.03370013755158184
225 0.44435643564356436 0.3371733149931224 0.045148514851485154 0.025103163686382393
7 0.6411881188118812 0.686726272352132 0.03722772277227723 0.035075653370013754
59 0.5299009900990099 0.1110729023383769 0.060990099009900996 0.03851444291609354
212 0.25485148514851486 0.20220082530949107 0.03287128712871287 0.03782668500687758
120 0.2300990099009901 0.4702544704264099 0.02930693069306931 0.03954607977991747
186 0.6900990099009902 0.561898211829436 0.04237623762376238 0.04332874828060523
33 0.31306930693069307 0.47231774415405775 0.03683168316831684 0.04160935350756534
201 0.5085148514851485 0.4625171939477304 0.032475247524752476 0.03988995873452545
225 0.5932673267326734 0.6848349381017882 0.0300990099009901 0.03266850068775791
120 0.5574257425742575 0.5912998624484181 0.03762376237623763 0.03404401650618982
150 0.5568316831683169 0.4544360385144429 0.04118811881188119 0.038170563961485555
14 0.5726732673267327 0.6397867950481431 0.04118811881188119 0.03610729023383769
45 0.21049504950495052 0.5649931224209078 0.04475247524752476 0.03370013755158184
59 0.36930693069306936 0.5132393397524072 0.04950495049504951 0.03679504814305364
100 0.2837623762376238 0.656980742778542 0.02732673267326733 0.04436038514442916
119 0.26415841584158417 0.4288170563961486 0.02613861386138614 0.041953232462173314
201 0.6231683168316832 0.547627235213205 0.03445544554455446 0.03954607977991747
225 0.6043564356435644 0.7331499312242091 0.03326732673267327 0.03576341127922971
119 0.5813861386138615 0.061038514442916095 0.04118811881188119 0.058803301237964234
45 0.30653465346534653 0.4236588720770289 0.05702970297029703 0.0343878954607978
212 0.24039603960396042 0.4264099037138927 0.021386138613861388 0.04607977991746905
14 0.46 0.5108321870701513 0.036039603960396044 0.035419532324621736
8 0.31584158415841584 0.655433287482806 0.03920792079207921 0.04332874828060523
14 0.21009900990099012 0.3827372764786795 0.05504950495049505 0.03370013755158184
212 0.3215841584158416 0.7410591471801926 0.01821782178217822 0.03782668500687758
8 0.5247524752475248 0.4178129298486933 0.03405940594059406 0.03851444291609354
8 0.38495049504950496 0.42434662998624484 0.0403960396039604 0.03851444291609354
212 0.6126732673267327 0.6836313617606603 0.020594059405940595 0.0405777166437414
8 0.38554455445544555 0.6910247592847318 0.028910891089108912 0.0374828060522696
150 0.281980198019802 0.3763755158184319 0.045148514851485154 0.033356258596973866
212 0.2512871287128713 0.38325309491059145 0.021782178217821784 0.04092159559834938
161 0.5104950495049505 0.3717331499312242 0.02930693069306931 0.0405777166437414
225 0.34831683168316835 0.42262723521320494 0.028910891089108912 0.0405777166437414
201 0.29980198019801985 0.7383081155433288 0.026930693069306934 0.03370013755158184
14 0.4756435643564357 0.4614855570839065 0.034851485148514855 0.03370013755158184
107 0.5364356435643565 0.1580123796423659 0.04237623762376238 0.04367262723521321
8 0.3908910891089109 0.6048830811554333 0.03326732673267327 0.04401650618982118
23 0.5283168316831683 0.6832874828060522 0.02613861386138614 0.03576341127922971
100 0.3104950495049505 0.5606946354883081 0.021386138613861388 0.04092159559834938
201 0.5750495049504951 0.16145116918844568 0.034851485148514855 0.03473177441540578
77 0.42811881188118817 0.36674690508940855 0.0403960396039604 0.056052269601100414
8 0.4607920792079208 0.4202200825309491 0.03920792079207921 0.03988995873452545
33 0.5297029702970297 0.5096286107290234 0.03445544554455446 0.03851444291609354
161 0.2611881188118812 0.6069463548830811 0.036039603960396044 0.041953232462173314
14 0.5322772277227723 0.3354539202200825 0.028514851485148516 0.02579092159559835
186 0.2003960396039604 0.6055708390646493 0.038019801980198026 0.0405777166437414
212 0.22435643564356436 0.24759284731774417 0.033663366336633666 0.03370013755158184
186 0.25366336633663367 0.24209078404401652 0.03207920792079208 0.037138927097661624
107 0.3524752475247525 0.6064305364511692 0.038019801980198026 0.040233837689133425
212 0.5980198019801981 0.3681224209078404 0.01504950495049505 0.04573590096286107
100 0.421980198019802 0.5998968363136176 0.018613861386138617 0.03885832187070151
100 0.6368316831683168 0.6394429160935351 0.027722772277227723 0.04092159559834938
212 0.45584158415841586 0.3734525447042641 0.017425742574257427 0.04401650618982118
225 0.6524752475247525 0.5524415405777167 0.03683168316831684 0.04160935350756534
8 0.27900990099009904 0.5593191196698762 0.03445544554455446 0.035419532324621736
150 0.4213861386138614 0.6442572214580468 0.038019801980198026 0.04092159559834938
23 0.33524752475247527 0.5558803301237965 0.03128712871287129 0.040233837689133425
201 0.4516831683168317 0.5976616231086658 0.03207920792079208 0.035075653370013754
23 0.3235643564356436 0.3349381017881706 0.04910891089108911 0.03370013755158184
225 0.24831683168316834 0.5643053645116919 0.030891089108910894 0.03576341127922971
100 0.47009900990099013 0.7355570839064649 0.030891089108910894 0.03782668500687758
119 0.4251485148514852 0.5118638239339752 0.038415841584158415 0.038170563961485555
212 0.3627722772277228 0.6934319119669876 0.016633663366336635 0.03679504814305364
23 0.4942574257425743 0.5087689133425034 0.032475247524752476 0.0374828060522696
8 0.343960396039604 0.46681568088033015 0.036039603960396044 0.042297111416781295
212 0.37089108910891094 0.4675034387895461 0.018613861386138617 0.04298486932599725
23 0.5906930693069308 0.5098005502063274 0.02811881188118812 0.03954607977991747
212 0.5287128712871287 0.5495185694635488 0.013465346534653467 0.03163686382393398
212 0.4023762376237624 0.5127235213204951 0.015841584158415842 0.03576341127922971
201 0.5435643564356436 0.6459766162310867 0.030495049504950498 0.03885832187070151
119 0.42970297029702975 0.5508940852819807 0.04118811881188119 0.03851444291609354
119 0.4944554455445545 0.41918844566712515 0.04 0.03782668500687758
201 0.3182178217821782 0.6062585969738652 0.03524752475247525 0.0405777166437414
77 0.38356435643564357 0.7383081155433288 0.03762376237623763 0.04332874828060523
14 0.4324752475247525 0.68792984869326 0.038019801980198026 0.03473177441540578
59 0.5099009900990099 0.7290233837689134 0.051881188118811886 0.041953232462173314
8 0.341980198019802 0.375 0.03445544554455446 0.04367262723521321
59 0.2124752475247525 0.5244154057771665 0.04712871287128713 0.03988995873452545
23 0.6061386138613862 0.6378954607977991 0.033663366336633666 0.039202200825309494
45 0.6097029702970297 0.3296079779917469 0.041584158415841586 0.0374828060522696
8 0.2106930693069307 0.4252063273727648 0.03564356435643565 0.04367262723521321
161 0.21861386138613864 0.703060522696011 0.027722772277227723 0.03266850068775791
77 0.2322772277227723 0.656292984869326 0.041584158415841586 0.049174690508940855