14 0.44477998274374464 0.5451416468096373 0.01725625539257981 0.022239872915011914
119 0.2875323554788611 0.5033095048980673 0.025021570319240728 0.026476039184537992
201 0.6024590163934427 0.4920571882446386 0.01941328731665229 0.023563674874238813
212 0.1643658326143227 0.7258406142441091 0.010785159620362382 0.023563674874238813
119 0.6899266609145815 0.5868414085252847 0.023943054357204487 0.03680169446650781
14 0.4545944779982744 0.45710881652104846 0.020491803278688527 0.024093195657929573
225 0.5781924072476273 0.5238284352660842 0.018334771354616048 0.02938840349483717
119 0.525237273511648 0.4009796134498279 0.02113891285591027 0.025681758009001854
177 0.6755823986194996 0.4049510193275086 0.025021570319240728 0.025152237225311094
201 0.720772217428818 0.5266084193804607 0.018766177739430543 0.027005559968228753
186 0.4976272648835203 0.6126555467302092 0.01725625539257981 0.028594122319301033
14 0.7613244176013806 0.46068308181096107 0.016609145815358068 0.022239872915011914
8 0.41220880069025023 0.5496425734710088 0.016824849007765316 0.028594122319301033
119 0.19812338222605697 0.5043685464654488 0.023080241587575497 0.022769393698702674
23 0.713006902502157 0.5909451945988881 0.022217428817946507 0.032300767805136354
119 0.15476704055220017 0.5060894890124438 0.023943054357204487 0.03415409054805401
212 0.5272864538395169 0.5214455917394758 0.006686798964624677 0.024622716441620333
8 0.5130500431406385 0.5187979878210219 0.021354616048317517 0.024093195657929573
59 0.5244823123382226 0.4903362456976436 0.020491803278688527 0.017474185861795076
120 0.7028688524590164 0.5578501456182156 0.020491803278688527 0.025416997617156475
59 0.6542277825711821 0.49404289118347894 0.01941328731665229 0.023298914482393435
107 0.5609361518550475 0.43076515753243316 0.018334771354616048 0.024887476833465715
59 0.42008196721311475 0.40031771247021447 0.026962899050905955 0.028064601535610273
212 0.691220880069025 0.49536669314270587 0.009275237273511648 0.024887476833465715
23 0.25830457290767905 0.5022504633306857 0.017471958584987058 0.024357956049774955
7 0.6653364969801553 0.5251522372253111 0.020491803278688527 0.02832936192745565
120 0.4276315789473684 0.577310034418851 0.018334771354616048 0.026740799576383374
23 0.5044219154443486 0.54871591209955 0.02006039689387403 0.023034154090548053
212 0.4323770491803279 0.5198570293884035 0.012295081967213115 0.025152237225311094
201 0.41350301984469373 0.43116229812020124 0.01941328731665229 0.024093195657929573
8 0.22530198446937016 0.4457241196716971 0.017903364969801553 0.022504633306857296
8 0.14667817083692838 0.6016679904686258 0.016824849007765316 0.025681758009001854
23 0.6361087144089733 0.492321948636484 0.016824849007765316 0.024093195657929573
8 0.17881794650560828 0.6330420969023034 0.019844693701466784 0.026476039184537992
8 0.7357635893011217 0.4715382578766217 0.01941328731665229 0.021710352131321154
23 0.6847497842968077 0.5571882446386021 0.02006039689387403 0.025681758009001854
8 0.612381363244176 0.4308975377283558 0.020707506471095774 0.026740799576383374
120 0.4650560828300259 0.39899391051098754 0.019844693701466784 0.022769393698702674
23 0.7413718723037102 0.5029123643102992 0.02200172562553926 0.026740799576383374
161 0.6824849007765316 0.5230341540905481 0.024158757549611734 0.025681758009001854
119 0.3931190681622088 0.5158856235107228 0.022217428817946507 0.027270320360074134
8 0.1857204486626402 0.4457241196716971 0.01941328731665229 0.03309504898067249
8 0.7219585849870579 0.5583796664019063 0.019844693701466784 0.028064601535610273
8 0.4645168248490078 0.5803547789250728 0.017903364969801553 0.028594122319301033
120 0.1647972389991372 0.6016679904686258 0.0181190681622088 0.024093195657929573
23 0.5835849870578085 0.4593592798517342 0.018334771354616048 0.024887476833465715
14 0.7684426229508197 0.5312417262377548 0.02739430543572045 0.024093195657929573
120 0.18097497842968077 0.6016679904686258 0.01941328731665229 0.024093195657929573
225 0.7559318377911993 0.5603653693407467 0.017903364969801553 0.02938840349483717
77 0.5775452976704055 0.401376754037596 0.029551337359792925 0.027535080751919513
201 0.5042062122519414 0.4000529520783691 0.022648835202761 0.025946518400847232
9 0.7704918032786886 0.44638602065131056 0.01553062985332183 0.030182684670373314
23 0.40972821397756687 0.6726237754831877 0.026962899050905955 0.024093195657929573
150 0.2629421915444349 0.4458564998676198 0.025452976704055223 0.024887476833465715
201 0.13470664365832616 0.5084723325390522 0.023943054357204487 0.02938840349483717
23 0.5230802415875755 0.46068308181096107 0.020707506471095774 0.024887476833465715
161 0.5011863675582399 0.5787662165740005 0.02092320966350302 0.028064601535610273
186 0.4682916307161346 0.6110669843791369 0.01898188093183779 0.028594122319301033
119 0.5616911130284729 0.48808578236695793 0.019844693701466784 0.023563674874238813
45 0.14667817083692838 0.7274291765951814 0.02459016393442623 0.021975112523166536
212 0.42978861087144093 0.4303680169446651 0.009706643658326145 0.024093195657929573
119 0.6340595340811044 0.43328038125496426 0.02351164797238999 0.026740799576383374
107 0.18054357204486626 0.7251787132644957 0.020707506471095774 0.022769393698702674
23 0.6966134598792062 0.46730209160709557 0.018766177739430543 0.022239872915011914
119 0.16512079378774808 0.5717500661900979 0.02998274374460742 0.027799841143764895
201 0.4909404659188956 0.4305003971405878 0.016824849007765316 0.022769393698702674
119 0.7877480586712684 0.5048980672491395 0.028472821397756688 0.028064601535610273
23 0.5441113028472822 0.4903362456976436 0.018334771354616048 0.028064601535610273
14 0.7228213977566869 0.49920571882446385 0.01725625539257981 0.024622716441620333
150 0.6122735116479724 0.4004500926661371 0.020491803278688527 0.034683611331744774
120 0.6213330457290768 0.49364575059571086 0.018334771354616048 0.024093195657929573
150 0.22120362381363246 0.5045009266613715 0.02178602243313201 0.021445591739475776
77 0.44704486626402073 0.488482922954726 0.024805867126833477 0.025416997617156475
201 0.1404227782571182 0.6315859147471539 0.02200172562553926 0.025152237225311094
201 0.194672131147541 0.5959756420439503 0.019197584124245038 0.023298914482393435
17 0.5406600517687662 0.5201217897802489 0.02006039689387403 0.026740799576383374
111 0.6353537532355479 0.5213132115435531 0.014020707506471096 0.028064601535610273
23 0.5015099223468508 0.4896743447180302 0.016824849007765316 0.020916070955785016
100 0.48414581535806733 0.4904686258935663 0.016177739430543573 0.03203600741329097
9 0.204702329594478 0.4140852528461742 0.030629853321829166 0.04289118347895155
23 0.5784081104400345 0.4326184802753508 0.014452113891285591 0.024887476833465715
212 0.6003019844693702 0.46266878474980144 0.012942191544434859 0.026211278792692614
201 0.7642364106988784 0.5045009266613715 0.016824849007765316 0.020916070955785016
161 0.4296807592752373 0.5476568705321684 0.01725625539257981 0.023563674874238813
45 0.4125323554788611 0.6433677521842732 0.02911993097497843 0.025416997617156475
186 0.1408541846419327 0.6879798782102198 0.0362381363244176 0.025152237225311094
14 0.47476272648835205 0.42719089224252055 0.016824849007765316 0.021445591739475776
59 0.7010353753235549 0.528196981731533 0.028904227782571183 0.030182684670373314
201 0.65713977566868 0.4038919777601271 0.018766177739430543 0.021445591739475776
161 0.5446505608283003 0.3999205718824464 0.022433132010353754 0.030447445062218692
119 0.4479076790336497 0.6086841408525284 0.022648835202761 0.018003706645485836
23 0.755716134598792 0.5889594916600477 0.023943054357204487 0.03256552819698173
23 0.4585849870578085 0.4298384961609743 0.014667817083692839 0.021445591739475776
120 0.4456427955133736 0.5757214720677787 0.01898188093183779 0.026211278792692614
212 0.17234685073339087 0.6889065395816786 0.019844693701466784 0.029123643102991793
201 0.17267040552200175 0.5046333068572941 0.02653149266609146 0.03759597564204395
100 0.5956643658326144 0.43208895949166004 0.015746333045729078 0.024357956049774955
14 0.676337359792925 0.46465448768864176 0.020491803278688527 0.024887476833465715
225 0.442946505608283 0.43076515753243316 0.016609145815358068 0.024887476833465715
59 0.41307161345987925 0.46015356102727034 0.021570319240724764 0.024887476833465715
23 0.4677523727351165 0.4904686258935663 0.018766177739430543 0.024093195657929573
107 0.5835849870578085 0.4907333862854117 0.022648835202761 0.024622716441620333
225 0.24104831751509923 0.5029123643102992 0.015746333045729078 0.027270320360074134
59 0.5011863675582399 0.4613449827905745 0.022217428817946507 0.027270320360074134
225 0.7388912855910268 0.5594387079692879 0.016177739430543573 0.027535080751919513
45 0.20254529767040552 0.6869208366428382 0.03968938740293357 0.020916070955785016
45 0.7915228645383952 0.4450622186920837 0.029551337359792925 0.028594122319301033
8 0.442946505608283 0.401376754037596 0.015746333045729078 0.027535080751919513
45 0.7023295944779983 0.40561292030712204 0.03537532355478861 0.024887476833465715
212 0.26973684210526316 0.5029123643102992 0.009275237273511648 0.025681758009001854
23 0.48425366695427097 0.6104050833995235 0.01941328731665229 0.026211278792692614
225 0.482528041415013 0.579428117553614 0.01725625539257981 0.024093195657929573
119 0.16878774805867128 0.6620333598093725 0.032571182053494394 0.027799841143764895
59 0.6003019844693702 0.522239872915012 0.02372735116479724 0.027270320360074134
23 0.7535591026747196 0.44281175536139794 0.016177739430543573 0.026740799576383374
59 0.7160267471958586 0.4695525549377813 0.023080241587575497 0.024093195657929573
17 0.15908110440034512 0.6334392374900715 0.020491803278688527 0.027270320360074134
111 0.5189818809318378 0.5810166799046863 0.015962036238136326 0.02832936192745565
119 0.29130716134598794 0.4462536404553879 0.02739430543572045 0.025681758009001854
186 0.4501725625539258 0.5186656076250993 0.01941328731665229 0.020121789780248873
45 0.4146893874029336 0.5190627482128674 0.020491803278688527 0.026740799576383374
161 0.6714840379637619 0.43460418321419114 0.018550474547023296 0.02885888271114641
14 0.4855478861087144 0.5484511517077045 0.01898188093183779 0.026211278792692614
186 0.566544434857636 0.46002118083134763 0.016609145815358068 0.023563674874238813
77 0.7313416738567731 0.44082605242255757 0.026962899050905955 0.03600741329097167
150 0.777825711820535 0.47736298649722003 0.01941328731665229 0.022769393698702674
14 0.690681622088007 0.4379136881122584 0.01898188093183779 0.024887476833465715
23 0.410267471958585 0.488880063542494 0.01725625539257981 0.023563674874238813
201 0.7050258843830889 0.4969552554937781 0.016177739430543573 0.025416997617156475
161 0.7440681622088007 0.5266084193804607 0.019628990509059537 0.019062748212867357
119 0.5458369283865402 0.45816785808842997 0.022648835202761 0.026211278792692614
100 0.17871009490940468 0.41474715382578764 0.019197584124245038 0.030976965845909452
119 0.6288826574633305 0.39925867090283296 0.018334771354616048 0.028064601535610273
107 0.19952545297670407 0.7253110934604183 0.01941328731665229 0.025152237225311094
186 0.24385245901639346 0.44651840084723327 0.017471958584987058 0.025152237225311094
212 0.14549180327868852 0.5694996028594123 0.010569456427955135 0.026476039184537992
119 0.21742881794650562 0.5951813608684141 0.026315789473684213 0.024887476833465715
45 0.47648835202761003 0.4579030976965846 0.02113891285591027 0.017738946253640454
212 0.206427955133736 0.44228223457770716 0.030629853321829166 0.02832936192745565
45 0.46559534081104403 0.5464654487688642 0.02739430543572045 0.023298914482393435
8 0.651962899050906 0.5201217897802489 0.018334771354616048 0.026740799576383374
8 0.4108067299396031 0.5787662165740005 0.018334771354616048 0.028064601535610273
212 0.6434426229508197 0.3999205718824464 0.006902502157031924 0.03256552819698173
23 0.7111734253666955 0.44122319301032564 0.017687661777394306 0.026211278792692614
150 0.7753451251078516 0.5646015356102727 0.02092320966350302 0.03256552819698173
8 0.6328731665228645 0.4633306857294149 0.014667817083692839 0.024887476833465715
14 0.7336065573770492 0.5914747153825788 0.0181190681622088 0.028594122319301033
225 0.6154012079378776 0.4613449827905745 0.01725625539257981 0.023563674874238813
23 0.4701251078515962 0.5181360868414085 0.020491803278688527 0.025416997617156475
201 0.42730802415875757 0.6084193804606831 0.017687661777394306 0.024887476833465715
107 0.491695427092321 0.5199894095843262 0.024805867126833477 0.028064601535610273
33 0.4270923209663503 0.4894095843261848 0.01725625539257981 0.026211278792692614
23 0.527502157031924 0.4314270585120466 0.016177739430543573 0.024622716441620333
8 0.6531492666091459 0.43566322478157266 0.015099223468507334 0.026740799576383374
119 0.652825711820535 0.46266878474980144 0.022217428817946507 0.023563674874238813
120 0.10547886108714409 0.5064866296002118 0.030198446937014668 0.033359809372517875
225 0.24007765314926663 0.4162033359809373 0.02113891285591027 0.026476039184537992
150 0.1322260569456428 0.6616362192216044 0.027178602243313203 0.03547789250728091
45 0.2276747195858499 0.7246491924808048 0.03731665228645384 0.023298914482393435
150 0.43539689387402936 0.45869737887212075 0.022217428817946507 0.023563674874238813
14 0.4124245038826575 0.6077574794810696 0.021570319240724764 0.026211278792692614
23 0.6202545297670405 0.5215779719353985 0.016177739430543573 0.024887476833465715
150 0.14883520276100087 0.4747153825787662 0.031492666091458156 0.03441885093989939
119 0.5101380500431406 0.4301032565528197 0.01941328731665229 0.024622716441620333
201 0.6745038826574634 0.4937781307916336 0.02113891285591027 0.022769393698702674