100 0.7701781970649896 0.6292320396366639 0.05188679245283019 0.04376548307184145
14 0.515461215932914 0.3540462427745665 0.06656184486373166 0.05408753096614368
8 0.544811320754717 0.199215524360033 0.057127882599580716 0.04995871180842279
23 0.8671383647798743 0.4667630057803468 0.06865828092243187 0.05408753096614368
186 0.5623689727463312 0.851981833195706 0.05345911949685535 0.05408753096614368
119 0.42138364779874216 0.5798926507018992 0.07232704402515723 0.04995871180842279
201 0.6354821802935011 0.7947976878612716 0.055031446540880505 0.03550784475639967
14 0.48820754716981135 0.5204376548307184 0.06865828092243187 0.047481420313790254
212 0.6357442348008386 0.8503303055326177 0.02725366876310273 0.03757225433526011
119 0.2539308176100629 0.5732865400495458 0.07075471698113207 0.056564822460776217
45 0.7112159329140462 0.24938067712634185 0.1069182389937107 0.04872006606110652
107 0.7623165618448637 0.3561106523534269 0.07914046121593292 0.0532617671345995
225 0.2555031446540881 0.4106110652353427 0.06446540880503145 0.050784475639966964
23 0.6745283018867925 0.40957886044591246 0.04926624737945493 0.05119735755573906
45 0.5379979035639413 0.4663501238645747 0.08962264150943397 0.0532617671345995
107 0.3225890985324948 0.3569364161849711 0.0759958071278826 0.0532617671345995
33 0.5458595387840671 0.3016102394715111 0.07180293501048218 0.05408753096614368
201 0.17138364779874216 0.46531791907514447 0.07756813417190776 0.061106523534269194
23 0.3225890985324948 0.40895953757225434 0.06446540880503145 0.0458298926507019
33 0.7009958071278827 0.6271676300578034 0.0759958071278826 0.041288191577208914
8 0.31603773584905664 0.30408753096614366 0.05870020964360587 0.050784475639966964
100 0.60062893081761 0.20251857968620973 0.05450733752620546 0.05491329479768786
225 0.32730607966457026 0.6312964492155243 0.04035639412997904 0.04789430222956234
23 0.7403039832285115 0.8495045417010735 0.05922431865828093 0.04500412881915772
212 0.4737945492662474 0.4704789430222956 0.04088050314465409 0.05491329479768786
8 0.2861635220125786 0.19983484723369116 0.052410901467505246 0.04459124690338563
8 0.829140461215933 0.36003303055326175 0.05450733752620546 0.04872006606110652
119 0.24633123689727465 0.46531791907514447 0.06289308176100629 0.041288191577208914
119 0.8511530398322852 0.41226259289843104 0.05765199161425577 0.05491329479768786
14 0.3139412997903564 0.5759702725020643 0.06918238993710692 0.04376548307184145
119 0.3367400419287212 0.2543352601156069 0.07285115303983229 0.04376548307184145
14 0.7822327044025158 0.5258051197357555 0.08333333333333334 0.051610239471511145
8 0.4035639412997904 0.2033443435177539 0.06708595387840671 0.048307184145334435
77 0.8542976939203355 0.30367464905037156 0.06184486373165619 0.07390586292320396
100 0.7348008385744235 0.5831957060280759 0.05555555555555556 0.04995871180842279
100 0.6346960167714885 0.2526837324525186 0.05660377358490566 0.05202312138728323
212 0.7185534591194969 0.41742361684558216 0.04612159329140461 0.03633360858794385
8 0.7329664570230608 0.6806358381502889 0.07180293501048218 0.047481420313790254
161 0.7450209643605871 0.4669694467382328 0.0759958071278826 0.06523534269199009
23 0.5775681341719078 0.3561106523534269 0.059748427672955975 0.051610239471511145
23 0.4035639412997904 0.2535094962840627 0.06708595387840671 0.042113955408753095
119 0.6176624737945493 0.4644921552436003 0.07389937106918239 0.05119735755573906
119 0.4766771488469602 0.6911643270024772 0.0749475890985325 0.03963666391412056
59 0.3359538784067086 0.6841453344343518 0.04716981132075472 0.04376548307184145
161 0.3789308176100629 0.4093724194880264 0.059748427672955975 0.050784475639966964
8 0.7138364779874214 0.30429397192402974 0.07127882599580714 0.05037159372419488
23 0.6960167714884696 0.35714285714285715 0.06184486373165619 0.046242774566473986
14 0.25340670859538783 0.5146573080099092 0.05188679245283019 0.04170107349298101
161 0.5458595387840671 0.6909578860445912 0.06551362683438156 0.050784475639966964
59 0.7848532494758911 0.30119735755573906 0.08542976939203355 0.059867877786952926
150 0.16063941299790357 0.19900908340214699 0.08438155136268344 0.03881090008257638
212 0.5332809224318659 0.2510322047894302 0.026729559748427674 0.045417010734929805
186 0.574685534591195 0.6317093311312965 0.06551362683438156 0.045417010734929805
8 0.25471698113207547 0.3552848885218827 0.05765199161425577 0.051610239471511145
33 0.5773060796645703 0.7960363336085879 0.06865828092243187 0.046242774566473986
212 0.27410901467505244 0.25639966969446737 0.04612159329140461 0.04459124690338563
14 0.4281970649895178 0.30037159372419486 0.06708595387840671 0.04665565648224607
201 0.6823899371069183 0.4667630057803468 0.05555555555555556 0.05904211395540875
8 0.3846960167714885 0.36189099917423617 0.052410901467505246 0.03674649050371594
14 0.6695492662473795 0.5739058629232039 0.08123689727463312 0.041288191577208914
23 0.7801362683438156 0.578860445912469 0.03511530398322851 0.045417010734929805
8 0.6142557651991615 0.30119735755573906 0.07127882599580714 0.051610239471511145
100 0.429769392033543 0.4112303881090008 0.04402515723270441 0.053674649050371594
225 0.7610062893081762 0.7411230388109 0.05870020964360587 0.04459124690338563
8 0.5170335429769393 0.6321222130470685 0.05922431865828093 0.041288191577208914
212 0.6656184486373166 0.3024360033030553 0.03773584905660378 0.055739058629232036
100 0.6506813417190777 0.7423616845582163 0.057127882599580716 0.04872006606110652
201 0.7036163522012578 0.7419488026424442 0.056079664570230614 0.03550784475639967
201 0.43317610062893086 0.7483484723369116 0.06236897274633124 0.04335260115606936
177 0.3613731656184487 0.4644921552436003 0.0749475890985325 0.05450041288191577
186 0.8089622641509434 0.4671758876961189 0.055031446540880505 0.05491329479768786
107 0.4785115303983229 0.20210569777043763 0.0849056603773585 0.050784475639966964
33 0.6603773584905661 0.5194054500412881 0.0639412997903564 0.0495458298926507
23 0.7442348008385745 0.14987613542526837 0.059748427672955975 0.04376548307184145
212 0.6029874213836478 0.8470272502064409 0.029874213836477988 0.050784475639966964
212 0.3647798742138365 0.5763831544178365 0.04507337526205451 0.04459124690338563
119 0.6090146750524109 0.6870355078447563 0.07337526205450734 0.046242774566473986
212 0.540356394129979 0.5196118909991743 0.04088050314465409 0.04087530966143683
225 0.23532494758909855 0.19942196531791906 0.05345911949685535 0.042113955408753095
161 0.27646750524109015 0.6292320396366639 0.06341719077568135 0.04706853839801817
212 0.47955974842767296 0.7471098265895953 0.030398322851153042 0.03757225433526011
100 0.6771488469601677 0.1467795210569777 0.06708595387840671 0.050784475639966964
144 0.5256813417190775 0.740710156895128 0.06498951781970651 0.04872006606110652
7 0.6716457023060797 0.684971098265896 0.06446540880503145 0.045417010734929805
8 0.28773584905660377 0.6845582163501238 0.05765199161425577 0.03963666391412056
144 0.7224842767295598 0.19900908340214699 0.08018867924528303 0.046242774566473986
225 0.6367924528301887 0.35631709331131295 0.05870020964360587 0.04789430222956234
45 0.7848532494758911 0.4106110652353427 0.08333333333333334 0.05491329479768786
8 0.714622641509434 0.5216763005780346 0.05188679245283019 0.04500412881915772
23 0.6577568134171908 0.20086705202312138 0.05345911949685535 0.048307184145334435
23 0.6100628930817611 0.5815441783649876 0.04821802935010482 0.032617671345995046
33 0.5605345911949686 0.40957886044591246 0.08333333333333334 0.056977704376548303
14 0.6800314465408805 0.8482658959537572 0.07809224318658281 0.047481420313790254
100 0.6226415094339623 0.4116432700247729 0.052410901467505246 0.06275805119735756
23 0.7646750524109015 0.7912881915772089 0.0639412997903564 0.0458298926507019
107 0.4790356394129979 0.250206440957886 0.0859538784067086 0.045417010734929805
225 0.5471698113207547 0.5763831544178365 0.05450733752620546 0.046242774566473986
119 0.6952306079664571 0.7943848059454995 0.07914046121593292 0.04293971924029727
100 0.274895178197065 0.7343104872006606 0.07809224318658281 0.04500412881915772
8 0.8563941299790356 0.5291081750619323 0.051362683438155136 0.05821635012386457
161 0.49030398322851154 0.41143682906688683 0.06970649895178198 0.05821635012386457
8 0.30136268343815514 0.4636663914120561 0.05555555555555556 0.04789430222956234
8 0.30738993710691825 0.5198183319570603 0.06446540880503145 0.046242774566473986
119 0.45754716981132076 0.6333608587943848 0.05555555555555556 0.042113955408753095
14 0.574685534591195 0.250206440957886 0.06551362683438156 0.04872006606110652
225 0.34119496855345915 0.1977704376548307 0.06184486373165619 0.042113955408753095
161 0.4887316561844864 0.5772089182493807 0.06865828092243187 0.05119735755573906
119 0.4486373165618449 0.35198183319570603 0.07127882599580714 0.0532617671345995
225 0.3668763102725367 0.30119735755573906 0.051362683438155136 0.04995871180842279
8 0.6346960167714885 0.6275805119735756 0.060796645702306085 0.04046242774566474
23 0.42426624737945495 0.5202312138728323 0.06027253668763103 0.046242774566473986
225 0.23034591194968554 0.6771263418662262 0.046645702306079666 0.05615194054500412
23 0.4837526205450734 0.29995871180842276 0.052410901467505246 0.04913294797687861
225 0.5964360587002097 0.5154830718414534 0.0639412997903564 0.04417836498761354
161 0.5940775681341719 0.7423616845582163 0.07180293501048218 0.04706853839801817
8 0.4276729559748428 0.46924029727497935 0.05345911949685535 0.05739058629232039
100 0.7882599580712789 0.8459950454170106 0.04612159329140461 0.04293971924029727
7 0.3647798742138365 0.5194054500412881 0.06184486373165619 0.0495458298926507