59 0.7873326467559217 0.10602855631940772 0.09474768280123584 0.0745637228979376
161 0.6024716786817713 0.3225806451612903 0.05973223480947477 0.07297726070861978
225 0.6699279093717816 0.5256478053939715 0.06797116374871266 0.07932310946589106
212 0.6477857878475798 0.3143839238498149 0.04325437693099897 0.07244843997884717
7 0.29685890834191553 0.5306716023268112 0.06642636457260556 0.07139079851930195
225 0.9001029866117405 0.5145425700687467 0.07415036045314109 0.07086197778952935
59 0.9544284243048403 0.506081438392385 0.032440782698249224 0.06451612903225806
225 0.1068486096807415 0.42305658381808564 0.04685890834191555 0.06874669487043893
201 0.48635427394438724 0.3233738762559492 0.06436663233779609 0.05446853516657853
150 0.600669412976313 0.5282919090428345 0.07672502574665294 0.07932310946589106
77 0.31307929969104015 0.33077736647276573 0.07826982492276004 0.1337916446324696
150 0.8874871266735324 0.6253305129561079 0.07260556127703398 0.07773664727657324
201 0.1709577754891864 0.3289264939185616 0.06282183316168898 0.060285563194077206
23 0.1511328527291452 0.5330512956107879 0.05818743563336766 0.06980433632998413
23 0.8622554067971163 0.1044420941300899 0.057157569515962924 0.07562136435748282
201 0.6956745623069001 0.3138551031200423 0.0607621009268795 0.053410893707033315
23 0.7273429454170958 0.4090428344791116 0.06539649845520082 0.07562136435748282
8 0.41786817713697216 0.6303543098889477 0.08187435633367662 0.08566895822316235
201 0.3318743563336766 0.11898466419883659 0.06642636457260556 0.0750925436277102
33 0.223480947476828 0.526969857218403 0.08650875386199794 0.06187202538339503
14 0.20983522142121525 0.22633527234267584 0.08187435633367662 0.06451612903225806
8 0.7633882595262615 0.633262823902697 0.061277033985581875 0.08196721311475409
201 0.434346035015448 0.4225277630883131 0.06333676622039135 0.04970914859862507
119 0.5205973223480947 0.4238498149127446 0.06797116374871266 0.0671602326811211
120 0.42121524201853755 0.3331570597567425 0.0690010298661174 0.06451612903225806
120 0.8218331616889804 0.6263881544156531 0.06591143151390319 0.0904283447911158
8 0.9752832131822863 0.29719725013220516 0.04325437693099897 0.06874669487043893
150 0.601956745623069 0.41380222104706504 0.082389289392379 0.06927551560021153
59 0.895211122554068 0.30195663670015865 0.11071060762100926 0.08038075092543628
77 0.8177136972193615 0.5126916975145426 0.09268795056642636 0.16234796404019036
186 0.26210092687950565 0.11845584346906399 0.07518022657054582 0.06980433632998413
100 0.0903707518022657 0.5161290322580645 0.047888774459320285 0.06345848757271286
225 0.6282183316168898 0.21866737176097303 0.06488156539649845 0.06927551560021153
14 0.953913491246138 0.6253305129561079 0.07157569515962925 0.08514013749338974
8 0.7100926879505663 0.10655737704918032 0.06488156539649845 0.07033315705975675
23 0.48583934088568487 0.11792702273929138 0.05406797116374871 0.07297726070861978
201 0.4093717816683831 0.22686409307244845 0.07106076210092688 0.06557377049180328
225 0.90216271884655 0.20412480169222633 0.07826982492276004 0.07191961924907456
225 0.23069001029866115 0.3289264939185616 0.06282183316168898 0.06768905341089371
120 0.3455200823892894 0.22818614489687997 0.06591143151390319 0.06292966684294024
14 0.7917095777548918 0.40692755156002114 0.07466529351184346 0.07562136435748282
111 0.702626158599382 0.6335272342675833 0.06745623069001029 0.07932310946589106
33 0.5175077239958805 0.5293495505023796 0.09783728115345004 0.07720782654680064
8 0.8148815653964985 0.3038075092543628 0.05818743563336766 0.06927551560021153
59 0.5550978372811535 0.6353781068217874 0.11225540679711637 0.07350608143839238
212 0.20777548918640576 0.1187202538339503 0.03347064881565397 0.06821787414066631
100 0.7554067971163748 0.21390798519301957 0.044284243048403706 0.07244843997884717
8 0.8524716786817713 0.4032258064516129 0.052008238928939236 0.07350608143839238
201 0.14160659114315138 0.22765732416710735 0.06282183316168898 0.06927551560021153
201 0.2808959835221421 0.22818614489687997 0.06539649845520082 0.06292966684294024
212 0.4670442842430484 0.22580645161290322 0.051493305870236865 0.07297726070861978
225 0.47373841400617916 0.6396086726599682 0.05767250257466529 0.0671602326811211
9 0.5177651905252317 0.372818614489688 0.05406797116374871 0.053939714436805924
8 0.969361483007209 0.402432575356954 0.06539649845520082 0.08143839238498149
150 0.43254376930998967 0.5280274986779482 0.08753861997940267 0.0745637228979376
225 0.167610710607621 0.4307244843997885 0.05406797116374871 0.07667900581702802
23 0.23377960865087538 0.42358540454785826 0.06179196704428424 0.06451612903225806
225 0.7582389289392378 0.3085668958223162 0.057157569515962924 0.0597567424643046
23 0.16168898043254376 0.11713379164463247 0.04943357363542739 0.06504494976203067
150 0.8195159629248198 0.2078265468006346 0.0839340885684861 0.06663141195134849
119 0.5499485066941298 0.11501850872554203 0.0854788877445932 0.06821787414066631
225 0.5468589083419155 0.3225806451612903 0.0607621009268795 0.06345848757271286
111 0.5164778578784758 0.22131147540983606 0.053553038105046344 0.0671602326811211
201 0.5702883625128733 0.22157588577472237 0.05818743563336766 0.07191961924907456
23 0.641091658084449 0.6337916446324696 0.06488156539649845 0.06821787414066631
161 0.34757981462409887 0.6396086726599682 0.0607621009268795 0.0745637228979376
8 0.6995365602471678 0.2157588577472237 0.07157569515962925 0.06768905341089371
107 0.9600926879505663 0.21232152300370175 0.04170957775489186 0.06821787414066631
212 0.3730690010298661 0.3339502908514014 0.03141091658084449 0.06821787414066631
225 0.6714727085478888 0.4140666314119513 0.05767250257466529 0.07297726070861978
23 0.7358393408856848 0.523532522474881 0.07415036045314109 0.07932310946589106
120 0.9098867147270855 0.405076679005817 0.06591143151390319 0.08143839238498149
150 0.6351699279093718 0.10761501850872554 0.08496395468589082 0.06821787414066631
77 0.30895983522142123 0.4264939185616076 0.08650875386199794 0.11263881544156532
59 0.41143151390319255 0.12030671602326812 0.101956745623069 0.07350608143839238