107 0.9005167958656332 0.7206221198156681 0.11111111111111112 0.0587557603686636
23 0.437984496124031 0.8461981566820277 0.09043927648578812 0.056451612903225805
100 0.13695090439276486 0.7724654377880185 0.0516795865633075 0.0587557603686636
14 0.40439276485788117 0.9107142857142857 0.08527131782945736 0.06105990783410138
23 0.6304909560723514 0.7811059907834101 0.11369509043927649 0.059907834101382486
177 0.5762273901808785 0.36059907834101385 0.09819121447028424 0.06682027649769585
150 0.17312661498708012 0.5662442396313364 0.10852713178294573 0.0587557603686636
8 0.32428940568475456 0.5599078341013825 0.09560723514211887 0.06682027649769585
8 0.33333333333333337 0.716589861751152 0.09302325581395349 0.06221198156682028
23 0.38630490956072355 0.4274193548387097 0.10077519379844961 0.052995391705069124
212 0.1937984496124031 0.7747695852534562 0.0516795865633075 0.05184331797235023
8 0.4289405684754522 0.3617511520737327 0.082687338501292 0.04838709677419355
225 0.05426356589147287 0.8392857142857143 0.08785529715762275 0.06566820276497695
212 0.1537467700258398 0.7131336405529954 0.07493540051679587 0.0576036866359447
120 0.5697674418604651 0.14400921658986174 0.10077519379844961 0.06221198156682028
225 0.5103359173126615 0.3640552995391705 0.08527131782945736 0.05069124423963134
14 0.16149870801033592 0.908410138248848 0.1524547803617571 0.06105990783410138
14 0.8565891472868218 0.8485023041474654 0.12144702842377261 0.06105990783410138
225 0.21834625322997417 0.42684331797235026 0.09043927648578812 0.0587557603686636
8 0.144702842377261 0.42684331797235026 0.082687338501292 0.04953917050691244
177 0.8113695090439277 0.5685483870967742 0.09302325581395349 0.06105990783410138
225 0.5956072351421189 0.7160138248847926 0.09043927648578812 0.04953917050691244
212 0.15503875968992248 0.36578341013824883 0.06718346253229975 0.07027649769585254
23 0.3708010335917313 0.7805299539170507 0.09560723514211887 0.06336405529953917
14 0.2868217054263566 0.42569124423963134 0.08785529715762275 0.0587557603686636
8 0.5077519379844961 0.7211981566820277 0.09043927648578812 0.0576036866359447
120 0.24289405684754523 0.7142857142857143 0.10852713178294573 0.0576036866359447
23 0.7093023255813954 0.6486175115207373 0.10077519379844961 0.059907834101382486
212 0.8901808785529716 0.9147465437788018 0.06976744186046512 0.06451612903225806
150 0.47545219638242897 0.14228110599078342 0.12403100775193798 0.06336405529953917
177 0.25452196382428943 0.14285714285714285 0.08010335917312662 0.05529953917050691
201 0.2235142118863049 0.6503456221198156 0.10077519379844961 0.0587557603686636
33 0.7364341085271318 0.7805299539170507 0.09819121447028424 0.07027649769585254
14 0.3488372093023256 0.3588709677419355 0.08785529715762275 0.05184331797235023
120 0.524547803617571 0.8450460829493087 0.082687338501292 0.06105990783410138
45 0.6253229974160207 0.565668202764977 0.144702842377261 0.06682027649769585
8 0.7312661498708011 0.5668202764976958 0.08785529715762275 0.0576036866359447
212 0.4909560723514212 0.2862903225806452 0.0723514211886305 0.0587557603686636
111 0.644702842377261 0.6526497695852534 0.08010335917312662 0.06105990783410138
23 0.6537467700258398 0.14285714285714285 0.07751937984496124 0.059907834101382486
59 0.7493540051679587 0.14055299539170507 0.11369509043927649 0.05529953917050691
225 0.3824289405684755 0.6497695852534562 0.103359173126615 0.06221198156682028
8 0.28294573643410853 0.36578341013824883 0.08010335917312662 0.044930875576036866
23 0.6602067183462532 0.3623271889400922 0.09560723514211887 0.04723502304147465
23 0.5051679586563308 0.5645161290322581 0.09043927648578812 0.06451612903225806
120 0.5529715762273902 0.6514976958525346 0.08785529715762275 0.056451612903225805
33 0.8010335917312662 0.3554147465437788 0.06718346253229975 0.0587557603686636
161 0.8346253229974161 0.7816820276497696 0.09819121447028424 0.06105990783410138
8 0.727390180878553 0.3588709677419355 0.09043927648578812 0.05414746543778802
161 0.4534883720930233 0.7793778801843319 0.07493540051679587 0.06566820276497695
14 0.375968992248062 0.1434331797235023 0.08527131782945736 0.0587557603686636
212 0.8113695090439277 0.7142857142857143 0.0516795865633075 0.05529953917050691
212 0.24935400516795866 0.5668202764976958 0.05943152454780362 0.06451612903225806
212 0.6770025839793282 0.847926267281106 0.06201550387596899 0.06221198156682028
100 0.8242894056847545 0.918778801843318 0.056847545219638244 0.0587557603686636
186 0.49483204134366926 0.22407834101382487 0.08527131782945736 0.05184331797235023
100 0.6485788113695091 0.2217741935483871 0.06201550387596899 0.0587557603686636
23 0.23901808785529716 0.842741935483871 0.08527131782945736 0.06105990783410138
7 0.9108527131782946 0.6509216589861752 0.12144702842377261 0.08064516129032258
186 0.7403100775193798 0.7171658986175116 0.09043927648578812 0.05184331797235023
23 0.6085271317829457 0.8508064516129032 0.09560723514211887 0.05414746543778802
161 0.748062015503876 0.21255760368663595 0.14728682170542637 0.05184331797235023
212 0.27260981912144705 0.22350230414746544 0.05426356589147287 0.05069124423963134
212 0.11627906976744186 0.636520737327189 0.09302325581395349 0.06797235023041474
23 0.7054263565891473 0.43605990783410137 0.09302325581395349 0.06336405529953917
186 0.41472868217054265 0.5633640552995391 0.10077519379844961 0.059907834101382486
23 0.7390180878552972 0.918778801843318 0.11369509043927649 0.06105990783410138
212 0.6627906976744187 0.7188940092165899 0.05943152454780362 0.0576036866359447
8 0.8385012919896642 0.1382488479262673 0.09043927648578812 0.05529953917050691
212 0.8953488372093024 0.5714285714285714 0.06459948320413438 0.059907834101382486
23 0.8036175710594315 0.6497695852534562 0.09819121447028424 0.06221198156682028
225 0.41343669250646 0.717741935483871 0.0723514211886305 0.06451612903225806
120 0.07751937984496124 0.5650921658986175 0.09302325581395349 0.056451612903225805
33 0.22222222222222224 0.36578341013824883 0.08785529715762275 0.06566820276497695
107 0.6059431524547804 0.4308755760368664 0.10594315245478036 0.05529953917050691
23 0.7571059431524548 0.8490783410138248 0.07751937984496124 0.059907834101382486
8 0.5775193798449613 0.2171658986175115 0.08010335917312662 0.05184331797235023
212 0.30361757105943155 0.6509216589861752 0.04909560723514212 0.05529953917050691
225 0.5271317829457365 0.42972350230414746 0.0723514211886305 0.05069124423963134
8 0.47028423772609823 0.6514976958525346 0.07751937984496124 0.056451612903225805
201 0.31007751937984496 0.14112903225806453 0.06718346253229975 0.05414746543778802
14 0.3359173126614987 0.8444700460829493 0.103359173126615 0.059907834101382486
45 0.05943152454780362 0.7707373271889401 0.08785529715762275 0.052995391705069124
8 0.2054263565891473 0.2171658986175115 0.08010335917312662 0.04262672811059908
33 0.13824289405684756 0.21831797235023043 0.10594315245478036 0.05184331797235023
150 0.5103359173126615 0.9130184331797235 0.12144702842377261 0.0587557603686636
150 0.2997416020671835 0.9095622119815668 0.12403100775193798 0.06105990783410138
186 0.14728682170542637 0.842741935483871 0.09819121447028424 0.06336405529953917
8 0.8850129198966409 0.3565668202764977 0.10594315245478036 0.0587557603686636
14 0.27260981912144705 0.777073732718894 0.09560723514211887 0.056451612903225805
119 0.6304909560723514 0.9176267281105991 0.11369509043927649 0.06336405529953917