8 0.5018363064008394 0.4405887408680705 0.025708289611752363 0.020842286205414697
201 0.46747114375655824 0.38611946712505374 0.01888772298006296 0.018048990116029222
9 0.8439139559286464 0.38934250107434465 0.022035676810073453 0.023205844434894714
150 0.815582371458552 0.6209712075633863 0.026232948583420776 0.024495058014611087
107 0.46838929695697795 0.676299957026214 0.029118572927597064 0.02556940266437473
59 0.5814533053515215 0.3170391061452514 0.029643231899265477 0.020842286205414697
119 0.7749213011542497 0.38987967339922647 0.026232948583420776 0.023420713364847443
59 0.6391657922350472 0.8379888268156425 0.02439664218258132 0.02406532015470563
225 0.5919464847848899 0.6212935109583154 0.01915005246589717 0.022990975504941984
186 0.3830010493179433 0.6525569402664375 0.025708289611752363 0.024924795874516546
100 0.3145330535152151 0.33777395788568976 0.02938090241343127 0.027073485174043833
23 0.6273609653725079 0.38987967339922647 0.02229800629590766 0.023420713364847443
59 0.8204354669464848 0.39288783841856467 0.023871983210912908 0.024280189084658357
225 0.8241080797481637 0.3171465406102278 0.018625393494228752 0.024924795874516546
150 0.47455403987408185 0.8999785131070047 0.030430220356768102 0.026428878384185648
14 0.5072140608604407 0.5969058874086807 0.029643231899265477 0.02277610657498926
212 0.743572927597062 0.599054576708208 0.01547743966421826 0.02406532015470563
212 0.7631164742917104 0.6947786850021487 0.013641133263378805 0.02256123764503653
119 0.5482686253934942 0.517082079931242 0.028856243441762856 0.020842286205414697
8 0.7860703043022036 0.7162655779974216 0.03908709338929696 0.021272024065320156
100 0.700813221406086 0.7627847013321873 0.020199370409234 0.027073485174043833
212 0.8078436516264428 0.4341426729694886 0.023871983210912908 0.029437043403523853
186 0.31597586568730324 0.7472067039106145 0.02229800629590766 0.019982810485603783
119 0.40228226652675764 0.4424151267726687 0.03226652675760756 0.020197679415556512
8 0.4084470094438615 0.41706059303824666 0.0236096537250787 0.020627417275461968
119 0.6042759706190977 0.419209282337774 0.029643231899265477 0.02277610657498926
8 0.7465897166841553 0.8113450795015041 0.0236096537250787 0.02277610657498926
225 0.7427859391395593 0.34142672969488613 0.019674711437565582 0.0223463687150838
212 0.30285939139559287 0.5726256983240223 0.017576075550891922 0.024495058014611087
33 0.4475341028331585 0.6527718091963902 0.032004197271773345 0.0223463687150838
212 0.7199632738719832 0.49666953158573274 0.01547743966421826 0.022990975504941984
8 0.5263641133263379 0.62322733132789 0.02439664218258132 0.023420713364847443
119 0.6947796432318993 0.36742587021916634 0.027544596012591818 0.0223463687150838
225 0.628803777544596 0.6433175762784702 0.018363064008394544 0.02406532015470563
100 0.6690713536201469 0.46798452943704344 0.019674711437565582 0.02578427159432746
23 0.45055089192025183 0.8484099699183498 0.01915005246589717 0.027288354103996562
119 0.37172088142707244 0.722604211431027 0.025183630640083946 0.02406532015470563
59 0.5263641133263379 0.8480876665234207 0.0406610703043022 0.026643747314138377
23 0.44517313746065057 0.6738289643317577 0.023084994753410283 0.02406532015470563
212 0.35007869884575027 0.7242157284056726 0.01547743966421826 0.022990975504941984
225 0.7969569779643232 0.3413192952299098 0.0236096537250787 0.019982810485603783
119 0.37054039874081846 0.5717662226042114 0.022822665267576075 0.02277610657498926
120 0.7586568730325289 0.5468414267296949 0.0236096537250787 0.023635582294800173
107 0.693074501573977 0.6424581005586593 0.019412381951731374 0.0223463687150838
225 0.3339454354669465 0.7215298667812634 0.013116474291710388 0.0223463687150838
225 0.43704092339979017 0.5440481306403094 0.021511017838405037 0.020197679415556512
150 0.5625655823714586 0.6713579716373013 0.027544596012591818 0.02556940266437473
8 0.41343126967471144 0.8241297808336915 0.02833158447009444 0.019553072625698324
212 0.40726652675760755 0.7998495917490331 0.013378803777544596 0.025139664804469275
23 0.44045120671563487 0.6977868500214869 0.023084994753410283 0.02170176192522561
8 0.405299055613851 0.770949720670391 0.02833158447009444 0.02277610657498926
225 0.5981112277019938 0.49119037387193815 0.020986358866736624 0.02621400945423292
201 0.4215634837355719 0.6020627417275463 0.016789087093389297 0.0223463687150838
225 0.8284365162644282 0.6930597335625269 0.0236096537250787 0.023420713364847443
14 0.839585519412382 0.3186506231198969 0.019674711437565582 0.02406532015470563
23 0.46497901364113325 0.5179415556510528 0.024921301154249738 0.023420713364847443
119 0.7772822665267576 0.415986248388483 0.030430220356768102 0.019767941555651054
212 0.4931794333683106 0.6253760206274173 0.011017838405036727 0.02556940266437473
225 0.7489506820566632 0.4408036097980232 0.020986358866736624 0.021272024065320156
212 0.4080535152151102 0.6006660936828535 0.014428121720881428 0.027288354103996562
107 0.46773347324239245 0.8740868070477009 0.025708289611752363 0.024924795874516546
212 0.4496327387198321 0.7725612376450366 0.018363064008394544 0.022990975504941984
177 0.5570566631689402 0.5416845724108295 0.03174186778593914 0.02406532015470563
201 0.7438352570828961 0.7146540610227762 0.01547743966421826 0.021057155135367427
59 0.8007607555089192 0.5731628706489041 0.0406610703043022 0.026858616244091103
8 0.7316369359916055 0.7383970777825527 0.027806925498426022 0.020842286205414697
77 0.627492130115425 0.46723248818220886 0.023084994753410283 0.03588311130210572
120 0.4215634837355719 0.5710141813493769 0.025183630640083946 0.029007305543618394
23 0.3364375655823715 0.5182638590459819 0.02229800629590766 0.02406532015470563
225 0.7253410283315845 0.5977653631284916 0.019412381951731374 0.0223463687150838
7 0.3613588667366212 0.7954447786850022 0.0270199370409234 0.02406532015470563
14 0.5571878279118573 0.49065320154705633 0.02833158447009444 0.017404383326171037
119 0.6358866736621196 0.34078212290502796 0.030430220356768102 0.021057155135367427
45 0.7456715634837356 0.4167382896433176 0.031217208814270724 0.019123334765792865
23 0.32214060860440713 0.6001289213579717 0.019412381951731374 0.02277610657498926
8 0.4901626442812172 0.6985388912763214 0.026495278069254984 0.0223463687150838
186 0.5335781741867787 0.5706918779544478 0.025708289611752363 0.02277610657498926
8 0.6089979013641134 0.5921787709497207 0.023871983210912908 0.0223463687150838
100 0.4855718782791186 0.4671250537172325 0.01888772298006296 0.02621400945423292
33 0.41408709338929695 0.6292436613665664 0.02439664218258132 0.021272024065320156
100 0.681794333683106 0.41899441340782123 0.019412381951731374 0.026643747314138377
8 0.8100734522560336 0.31951009883970777 0.025708289611752363 0.02578427159432746
201 0.33040398740818466 0.4181349376880103 0.017576075550891922 0.020627417275461968
201 0.5070828961175237 0.49387623549634724 0.01888772298006296 0.017404383326171037
23 0.6810073452256034 0.7353889127632145 0.020986358866736624 0.021272024065320156
33 0.5184942287513117 0.7430167597765364 0.024921301154249738 0.0223463687150838
144 0.4657660020986359 0.7693382036957456 0.017051416579223506 0.025139664804469275
107 0.5554826862539349 0.5965835840137517 0.02229800629590766 0.023420713364847443
201 0.593389296956978 0.7392565535023635 0.01626442812172088 0.019123334765792865
14 0.6945173137460651 0.5668242372152987 0.022822665267576075 0.020627417275461968
225 0.3715897166841553 0.5983025354533734 0.02229800629590766 0.021272024065320156
120 0.3011542497376705 0.6028147829823808 0.02256033578174187 0.025139664804469275
119 0.3542759706190976 0.49419853889127635 0.03226652675760756 0.020197679415556512
201 0.6467733473242393 0.6424581005586593 0.017576075550891922 0.01890846583584014
100 0.7381951731374606 0.8621615814353245 0.025708289611752363 0.024280189084658357
77 0.35965372507869886 0.44520842286205414 0.01888772298006296 0.03094112591319295
23 0.5232161594963274 0.5177266867211001 0.02229800629590766 0.019553072625698324
225 0.715766002098636 0.5181564245810056 0.017576075550891922 0.022990975504941984
150 0.6051941238195173 0.6465406102277611 0.027806925498426022 0.02406532015470563
100 0.38667366211962223 0.7465620971207564 0.015739769150052468 0.025139664804469275
201 0.6841552990556139 0.5166523420713365 0.018363064008394544 0.015255694026643748
17 0.4409758656873033 0.5168672110012892 0.023084994753410283 0.02556940266437473
212 0.7212749213011542 0.31897292651482595 0.010230849947534103 0.023420713364847443
14 0.3099422875131165 0.4216802750322303 0.02439664218258132 0.023420713364847443
201 0.6626442812172089 0.5405027932960894 0.020986358866736624 0.019553072625698324
212 0.877492130115425 0.322518263859046 0.018363064008394544 0.034808766652342074
8 0.3894281217208814 0.6741512677266868 0.024921301154249738 0.023420713364847443
23 0.6984522560335782 0.8143532445208423 0.026495278069254984 0.0223463687150838
107 0.7753147953830011 0.36635152556940265 0.027544596012591818 0.024495058014611087
119 0.6231636935991606 0.5658573270305114 0.024921301154249738 0.025139664804469275
8 0.7012067156348374 0.7158358401375161 0.02256033578174187 0.021272024065320156
225 0.8050891920251837 0.6688869789428449 0.020461699895068207 0.02277610657498926
201 0.6089979013641134 0.4665878813923507 0.018100734522560336 0.019553072625698324
8 0.604800629590766 0.8677481736140954 0.018100734522560336 0.02814782982380748
119 0.4573714585519413 0.6283841856467555 0.0270199370409234 0.027288354103996562
212 0.6836306400839455 0.6662011173184358 0.019412381951731374 0.03373442200257843
8 0.5834207764952781 0.39159862483884833 0.018363064008394544 0.02556940266437473
119 0.4817681007345226 0.599054576708208 0.024921301154249738 0.019767941555651054
225 0.6636935991605457 0.6947786850021487 0.01888772298006296 0.023420713364847443
23 0.5802728226652676 0.49043833261710357 0.01888772298006296 0.021272024065320156
225 0.44110703043022037 0.6003437902879244 0.02229800629590766 0.0223463687150838
8 0.6163431269674712 0.44005156854318866 0.019674711437565582 0.02277610657498926
186 0.5179695697796433 0.46691018478727975 0.022822665267576075 0.024495058014611087
14 0.6947796432318993 0.6225827245380318 0.029643231899265477 0.023420713364847443
120 0.5141657922350472 0.6745810055865922 0.02833158447009444 0.023420713364847443
45 0.54800629590766 0.8743016759776536 0.028856243441762856 0.023205844434894714
120 0.7657397691500525 0.6229050279329609 0.025708289611752363 0.02191663085517834
100 0.642707240293809 0.36892995272883544 0.020986358866736624 0.028362698753760206
201 0.628672612801679 0.4175977653631285 0.01915005246589717 0.019553072625698324
8 0.3104669464847849 0.7932960893854749 0.027544596012591818 0.019767941555651054
119 0.723504721930745 0.6681349376880104 0.027806925498426022 0.021272024065320156
120 0.5371196222455404 0.8168242372152987 0.0270199370409234 0.025139664804469275
161 0.4559286463798531 0.7449505801461109 0.02833158447009444 0.020627417275461968
120 0.33184679958027286 0.6528792436613666 0.025183630640083946 0.023420713364847443
23 0.5834207764952781 0.5397507520412549 0.026232948583420776 0.024495058014611087
119 0.4391395592864638 0.46443919209282336 0.027806925498426022 0.025139664804469275
119 0.6504459601259182 0.6186076493339063 0.023871983210912908 0.02406532015470563
212 0.4922612801678909 0.8739793725827245 0.02334732423924449 0.02170176192522561
23 0.5372507869884575 0.6495487752470993 0.023084994753410283 0.0223463687150838
212 0.49121196222455404 0.792436613665664 0.012329485834207765 0.024495058014611087
120 0.4308761804826863 0.7698753760206274 0.0270199370409234 0.02191663085517834
33 0.5811909758656874 0.7201332187365707 0.017576075550891922 0.023420713364847443
33 0.669202518363064 0.5671465406102277 0.0236096537250787 0.026858616244091103
201 0.5733210912906611 0.6218306832831972 0.019674711437565582 0.02191663085517834
161 0.714585519412382 0.8669961323592609 0.02256033578174187 0.026643747314138377
111 0.5219045120671564 0.8954662655779975 0.030167890870933894 0.02170176192522561
23 0.6610703043022036 0.3146755479157714 0.0236096537250787 0.02556940266437473
100 0.294202518363064 0.74881822088526 0.0270199370409234 0.021057155135367427
212 0.575813221406086 0.595509239363988 0.020986358866736624 0.02556940266437473
77 0.40018363064008394 0.3909540180489901 0.024921301154249738 0.037602062741727546
8 0.633788037775446 0.7576278470133219 0.025708289611752363 0.028792436613665665
161 0.42379328436516267 0.38912763214439194 0.024921301154249738 0.02277610657498926
23 0.46615949632738723 0.46443919209282336 0.0236096537250787 0.02170176192522561
201 0.4286463798530955 0.44026643747314137 0.01888772298006296 0.020197679415556512
120 0.593520461699895 0.594327460249248 0.012854144805876181 0.024495058014611087
23 0.6008656873032528 0.5663944993553932 0.023871983210912908 0.020627417275461968
8 0.7750524658971668 0.43682853459389775 0.03226652675760756 0.02406532015470563
212 0.6772035676810073 0.5911044262999571 0.02229800629590766 0.03223033949290933
212 0.6365424973767052 0.6700687580575849 0.014952780692549843 0.029437043403523853
120 0.5385624344176285 0.6740438332617104 0.020461699895068207 0.026643747314138377
119 0.486096537250787 0.7206703910614525 0.028856243441762856 0.0223463687150838
212 0.7599685204616999 0.6467554791577138 0.01416579223504722 0.026643747314138377
120 0.5886673662119623 0.6724323162870649 0.02833158447009444 0.02556940266437473
119 0.7048793284365162 0.7380747743876236 0.02833158447009444 0.0223463687150838
8 0.3065320041972718 0.6500859475719811 0.029643231899265477 0.024709926944563816
119 0.3462749213011543 0.39181349376880104 0.025708289611752363 0.020842286205414697
8 0.5722717733473243 0.5157928663515255 0.029643231899265477 0.023420713364847443
212 0.5154774396642182 0.8181134507950151 0.00944386149003148 0.026858616244091103
23 0.7016002098635887 0.6890846583584014 0.021773347324239245 0.024924795874516546
23 0.4817681007345226 0.7684787279759348 0.020199370409234 0.023420713364847443
225 0.62001573976915 0.6678126342930812 0.019674711437565582 0.02621400945423292
119 0.7404249737670514 0.3186506231198969 0.02439664218258132 0.02406532015470563
119 0.6680220356768101 0.6435324452084229 0.026495278069254984 0.0223463687150838
201 0.5402675760755509 0.7693382036957456 0.024921301154249738 0.023850451224752902
7 0.7303252885624344 0.3682853459389772 0.014690451206715634 0.02191663085517834
8 0.7179958027282267 0.41684572410829396 0.025708289611752363 0.024495058014611087
100 0.593389296956978 0.4658358401375161 0.018363064008394544 0.026643747314138377
201 0.6431007345225603 0.6963902019767941 0.019674711437565582 0.024495058014611087
23 0.5347586568730326 0.5422217447357113 0.023871983210912908 0.025139664804469275
33 0.479800629590766 0.4411259131929523 0.025183630640083946 0.02277610657498926
201 0.6167366211962225 0.6172110012892136 0.020986358866736624 0.016974645466265578
23 0.30469569779643235 0.36882251826385903 0.017576075550891922 0.025139664804469275
33 0.4580272822665268 0.5473785990545768 0.025708289611752363 0.02556940266437473
212 0.7734784889821616 0.8369144821658788 0.02124868835257083 0.023205844434894714
33 0.33499475341028334 0.47045552213149977 0.025183630640083946 0.027288354103996562
119 0.7645592864637986 0.6006660936828535 0.027544596012591818 0.02599914052428019
45 0.4913431269674712 0.41437473141383757 0.02728226652675761 0.022990975504941984
8 0.47088142707240294 0.6511602922217448 0.02833158447009444 0.023420713364847443
8 0.4891133263378804 0.6743661366566395 0.021773347324239245 0.019553072625698324
119 0.5299055613850997 0.4933390631714654 0.027806925498426022 0.02621400945423292
225 0.7949895068205667 0.8638805328749463 0.02806925498426023 0.026858616244091103
201 0.35558761804826866 0.7704125483455092 0.019674711437565582 0.020842286205414697
212 0.6723504721930745 0.8705414697034809 0.019412381951731374 0.028577567683712935
33 0.3975603357817419 0.570477009024495 0.0270199370409234 0.026643747314138377
225 0.7388509968520461 0.5712290502793296 0.02229800629590766 0.022990975504941984
212 0.6891395592864639 0.49441340782122906 0.00944386149003148 0.02277610657498926
120 0.6152938090241343 0.5157928663515255 0.029118572927597064 0.021272024065320156
119 0.9085781741867787 0.39181349376880104 0.027544596012591818 0.027288354103996562
8 0.573189926547744 0.419209282337774 0.02728226652675761 0.02406532015470563
14 0.4922612801678909 0.5706918779544478 0.020199370409234 0.02621400945423292
150 0.8031217208814271 0.6933820369574559 0.0270199370409234 0.02621400945423292
161 0.36267051416579227 0.7465620971207564 0.021773347324239245 0.019123334765792865
59 0.49554039874081846 0.5196605070906747 0.03305351521511018 0.019123334765792865
14 0.3137460650577125 0.5195530726256984 0.025708289611752363 0.0223463687150838
23 0.656479538300105 0.8131714654061023 0.02229800629590766 0.023420713364847443
150 0.41041448058761804 0.4676622260421143 0.0270199370409234 0.027288354103996562
23 0.37329485834207765 0.33626987537602065 0.02465897166841553 0.030081650193382038
107 0.5691238195173137 0.46497636441770523 0.029118572927597064 0.024924795874516546
201 0.8015477439664218 0.3914911903738719 0.017576075550891922 0.02277610657498926
150 0.6622507869884575 0.7881392350666094 0.020199370409234 0.02578427159432746
201 0.7282266526757608 0.6920928233777396 0.0236096537250787 0.0223463687150838
33 0.7902675760755509 0.3173614095401805 0.02229800629590766 0.030081650193382038
100 0.6356243441762854 0.6163515255694026 0.018363064008394544 0.022990975504941984
8 0.7810860440713536 0.7375376020627418 0.024921301154249738 0.023420713364847443
201 0.8053515215110179 0.6452513966480448 0.016789087093389297 0.020197679415556512
107 0.4660283315844701 0.41566394499355397 0.024921301154249738 0.021272024065320156
14 0.6410020986358866 0.7881392350666094 0.02229800629590766 0.026643747314138377
8 0.5322665267576075 0.33498066179630426 0.023084994753410283 0.019767941555651054
23 0.3123032528856243 0.46991834980661795 0.022822665267576075 0.027073485174043833
212 0.6991080797481637 0.5184787279759346 0.01416579223504722 0.024495058014611087
59 0.691894018887723 0.5425440481306403 0.0338405036726128 0.0223463687150838
100 0.5825026232948584 0.6467554791577138 0.01915005246589717 0.026643747314138377
8 0.3910020986358867 0.7973785990545768 0.021773347324239245 0.02578427159432746
119 0.808105981112277 0.5432960893854749 0.026495278069254984 0.022990975504941984
201 0.7708551941238195 0.7633218736570692 0.017051416579223506 0.022990975504941984
225 0.3731636935991606 0.6289213579716373 0.024921301154249738 0.02406532015470563
8 0.723504721930745 0.6216158143532445 0.025183630640083946 0.0223463687150838
212 0.6653987408184681 0.3405672539750752 0.028593913955928647 0.02406532015470563
177 0.3755246589716684 0.700150408250967 0.029643231899265477 0.021272024065320156
201 0.7168153200419728 0.36581435324452083 0.013378803777544596 0.023420713364847443
225 0.3134837355718783 0.545981951009884 0.020986358866736624 0.02277610657498926
201 0.34024134312696747 0.7461323592608509 0.023084994753410283 0.01826385904598195
59 0.3203043022035677 0.7006875805758488 0.03462749213011543 0.020197679415556512
119 0.44792759706190977 0.795981951009884 0.02439664218258132 0.022990975504941984
120 0.5145592864637986 0.6996132359260852 0.024921301154249738 0.0223463687150838
186 0.4329748163693599 0.7465620971207564 0.028593913955928647 0.027288354103996562
225 0.7052728226652676 0.3170391061452514 0.021773347324239245 0.025139664804469275
161 0.6028331584470095 0.5427589170605931 0.025708289611752363 0.024924795874516546
150 0.5848635886673662 0.7906102277610658 0.029118572927597064 0.025139664804469275
119 0.4521248688352571 0.4416630855178341 0.029118572927597064 0.023850451224752902
212 0.5007869884575027 0.4690588740868071 0.011542497376705142 0.026643747314138377
201 0.7725603357817419 0.6447142243231628 0.01626442812172088 0.021272024065320156
186 0.7413431269674712 0.6435324452084229 0.025708289611752363 0.024495058014611087
161 0.3465372507869885 0.5985174043833262 0.025183630640083946 0.02599914052428019
119 0.6585781741867787 0.6683498066179631 0.03174186778593914 0.027288354103996562
201 0.8145330535152151 0.36484744305973354 0.020986358866736624 0.0223463687150838
119 0.4947534102833159 0.3852599914052428 0.025708289611752363 0.02406532015470563
120 0.32174711437565584 0.5729480017189514 0.020199370409234 0.025139664804469275
120 0.5523347324239245 0.6231198968629137 0.026495278069254984 0.020197679415556512
212 0.7892182581322141 0.46852170176192526 0.027544596012591818 0.030296519123334767
100 0.3372245540398741 0.7723463687150838 0.017051416579223506 0.023420713364847443
225 0.8387985309548793 0.6205414697034809 0.020199370409234 0.024495058014611087
8 0.7721668415529905 0.8628061882251826 0.020199370409234 0.024709926944563816
45 0.3098111227701994 0.3909540180489901 0.04197271773347325 0.016974645466265578
225 0.5768625393494229 0.8142458100558659 0.020986358866736624 0.021272024065320156
212 0.7881689401888773 0.6437473141383756 0.010755508919202518 0.02621400945423292
212 0.5831584470094439 0.3682853459389772 0.018363064008394544 0.02277610657498926
212 0.3298793284365163 0.5477009024495059 0.012854144805876181 0.02406532015470563
212 0.4938352570828961 0.49441340782122906 0.012854144805876181 0.024924795874516546
225 0.5178384050367262 0.8727975934679846 0.023084994753410283 0.021057155135367427
201 0.4593389296956978 0.6001289213579717 0.020986358866736624 0.02191663085517834
119 0.5750262329485835 0.34078212290502796 0.027806925498426022 0.0223463687150838
150 0.7826600209863589 0.5441555651052858 0.0270199370409234 0.023420713364847443
225 0.35073452256033577 0.6278470133218736 0.020986358866736624 0.02406532015470563
186 0.49803252885624344 0.650623119896863 0.0270199370409234 0.0223463687150838
14 0.5115424973767052 0.7680489901160292 0.035152151101783845 0.023420713364847443
23 0.7151101783840504 0.6429952728835411 0.025708289611752363 0.021272024065320156
212 0.645199370409234 0.4181349376880103 0.010230849947534103 0.02621400945423292
107 0.43035152151101785 0.49140524280189085 0.023871983210912908 0.024495058014611087
100 0.6264428121720882 0.6951009883970778 0.01888772298006296 0.02621400945423292
212 0.5612539349422875 0.7212075633863344 0.01547743966421826 0.023420713364847443
201 0.49724554039874086 0.8489471422432316 0.01915005246589717 0.024924795874516546
23 0.5225603357817419 0.3052213149978513 0.01993704092339979 0.028577567683712935
8 0.6316894018887723 0.591963902019768 0.025708289611752363 0.024924795874516546
150 0.7023871983210913 0.5974430597335625 0.026495278069254984 0.027288354103996562
33 0.516395592864638 0.4149119037387194 0.028593913955928647 0.02406532015470563
201 0.30574501573976914 0.7207778255264289 0.017051416579223506 0.019553072625698324
201 0.6244753410283316 0.7892135797163731 0.013378803777544596 0.023635582294800173
150 0.4567156348373557 0.8183283197249678 0.02833158447009444 0.025139664804469275
23 0.38195173137460653 0.49441340782122906 0.025708289611752363 0.024924795874516546
23 0.7652151101783841 0.31628706489041686 0.027806925498426022 0.024495058014611087
107 0.5617785939139559 0.767082079931242 0.02229800629590766 0.020627417275461968
177 0.3036463798530955 0.6250537172324881 0.027544596012591818 0.023205844434894714
119 0.31964847848898215 0.6772668672110013 0.029118572927597064 0.0223463687150838
201 0.6988457502623295 0.6672754619681994 0.017838405036726127 0.023850451224752902
100 0.7959076600209863 0.3672110012892136 0.012067156348373558 0.030511388053287496
107 0.5615162644281217 0.6454662655779975 0.029643231899265477 0.02191663085517834
77 0.6723504721930745 0.3919209282337774 0.025708289611752363 0.04254404813064031
8 0.8073189926547745 0.838740868070477 0.027544596012591818 0.019553072625698324
120 0.5880115424973767 0.8426085088096261 0.0270199370409234 0.024280189084658357
100 0.8626705141657922 0.3907391491190374 0.018100734522560336 0.027288354103996562
119 0.6445435466946485 0.5400730554361839 0.025708289611752363 0.02170176192522561
201 0.6610703043022036 0.4175977653631285 0.01626442812172088 0.017404383326171037
23 0.7492130115424974 0.6871508379888268 0.025183630640083946 0.0223463687150838
23 0.3252885624344176 0.49441340782122906 0.025708289611752363 0.02277610657498926
119 0.41749737670514164 0.675118177911474 0.0338405036726128 0.024495058014611087
119 0.4623557187827912 0.700472711645896 0.024921301154249738 0.02277610657498926
23 0.6512329485834208 0.4647614954877525 0.01915005246589717 0.024495058014611087
8 0.4829485834207765 0.5445853029651913 0.025708289611752363 0.021272024065320156
201 0.4160545645330535 0.545981951009884 0.020461699895068207 0.01847872797593468
45 0.3443074501573977 0.33626987537602065 0.027544596012591818 0.028362698753760206
150 0.34601259181532007 0.6759776536312849 0.025183630640083946 0.024924795874516546
120 0.6622507869884575 0.5149333906317146 0.0270199370409234 0.019553072625698324
100 0.6129328436516265 0.34078212290502796 0.019674711437565582 0.023635582294800173
119 0.510099685204617 0.7932960893854749 0.0270199370409234 0.020627417275461968
212 0.5222980062959077 0.44005156854318866 0.01416579223504722 0.02406532015470563
177 0.6475603357817419 0.4928018908465836 0.027544596012591818 0.019553072625698324
23 0.42379328436516267 0.7960893854748603 0.024921301154249738 0.02406532015470563
212 0.39585519412381953 0.6993983669961323 0.012067156348373558 0.019767941555651054
23 0.5626967471143757 0.845831542758917 0.02256033578174187 0.02771809196390202
14 0.3949370409233998 0.545981951009884 0.0270199370409234 0.020627417275461968
8 0.6681532004197271 0.36366566394499356 0.025708289611752363 0.023420713364847443
14 0.6112277019937041 0.7595616673828964 0.026232948583420776 0.02406532015470563
14 0.38011542497376705 0.4175977653631285 0.030430220356768102 0.019553072625698324
23 0.47573452256033577 0.49108293940696174 0.024921301154249738 0.027288354103996562
8 0.6028331584470095 0.719058874086807 0.029905561385099685 0.023420713364847443
23 0.6664480587618048 0.4414482165878814 0.026495278069254984 0.023420713364847443
23 0.39913431269674715 0.7214224323162871 0.031217208814270724 0.022990975504941984
8 0.6808761804826863 0.760313708637731 0.019674711437565582 0.02556940266437473
201 0.4350734522560336 0.6333261710356682 0.017576075550891922 0.029437043403523853
23 0.40621720881427076 0.7465620971207564 0.029118572927597064 0.027288354103996562
212 0.7312434417628542 0.5195530726256984 0.016002098635886673 0.026643747314138377
8 0.6711699895068206 0.49119037387193815 0.02229800629590766 0.01847872797593468
107 0.4689139559286464 0.5709067468844006 0.029118572927597064 0.024495058014611087
212 0.31125393494228754 0.44574559518693596 0.012854144805876181 0.023420713364847443
23 0.5575813221406086 0.5682208852599914 0.026495278069254984 0.023420713364847443
59 0.655167890870934 0.7378599054576709 0.029118572927597064 0.016330038676407393
150 0.3440451206715635 0.5710141813493769 0.0270199370409234 0.021272024065320156
212 0.7153725078698846 0.5443704340352385 0.01416579223504722 0.02599914052428019
119 0.6315582371458552 0.31574989256553504 0.03226652675760756 0.023420713364847443
225 0.6511017838405037 0.38934250107434465 0.020986358866736624 0.024495058014611087
201 0.7063221406086044 0.4429522990975505 0.01547743966421826 0.023420713364847443
119 0.5952256033578175 0.8944993553932101 0.02256033578174187 0.019767941555651054
201 0.7498688352570829 0.3912763214439192 0.019674711437565582 0.020627417275461968
77 0.5002623294858343 0.8219810915341642 0.025183630640083946 0.03975075204125483
100 0.43677859391395596 0.8211216158143533 0.018363064008394544 0.02599914052428019
14 0.7282266526757608 0.39213579716373015 0.030430220356768102 0.020197679415556512
120 0.6799580272822665 0.7144391920928234 0.021511017838405037 0.01847872797593468
161 0.6146379853095488 0.8369144821658788 0.02256033578174187 0.02621400945423292
201 0.6046694648478489 0.8359475719810916 0.018363064008394544 0.019982810485603783
45 0.47796432318992654 0.7443059733562527 0.03305351521511018 0.02406532015470563
150 0.34548793284365165 0.8261710356682423 0.026232948583420776 0.023635582294800173
8 0.6971406086044072 0.3914911903738719 0.026495278069254984 0.020197679415556512
23 0.44399265477439664 0.4173828964331758 0.01915005246589717 0.021272024065320156
23 0.5452518363064008 0.7426944563816072 0.0270199370409234 0.022990975504941984
150 0.45750262329485836 0.3584013751611517 0.01626442812172088 0.02621400945423292
161 0.6201469045120672 0.36592178770949724 0.025708289611752363 0.020197679415556512
212 0.32174711437565584 0.7221744735711216 0.013903462749213011 0.020197679415556512
8 0.4931794333683106 0.8992264718521702 0.028856243441762856 0.025354533734422004
7 0.6821878279118573 0.6917705199828105 0.01547743966421826 0.023850451224752902
119 0.6761542497376706 0.8143532445208423 0.017051416579223506 0.024495058014611087
201 0.8832633788037776 0.3907391491190374 0.019412381951731374 0.024280189084658357
225 0.7353095487932844 0.7657928663515255 0.01888772298006296 0.03223033949290933
8 0.5417103882476391 0.4647614954877525 0.025708289611752363 0.0223463687150838
23 0.391395592864638 0.5995917490330899 0.01888772298006296 0.029437043403523853
177 0.738588667366212 0.5471637301246239 0.0270199370409234 0.02170176192522561
201 0.7178646379853095 0.5701547056295659 0.018100734522560336 0.022990975504941984
107 0.31256558237145854 0.7704125483455092 0.03226652675760756 0.019553072625698324
33 0.6939926547743966 0.8671035668242373 0.024921301154249738 0.024709926944563816
212 0.7493441762854145 0.3680704770090245 0.017576075550891922 0.026643747314138377
119 0.8342077649527807 0.8394929093253116 0.026232948583420776 0.021057155135367427
9 0.7540661070304302 0.8370219166308552 0.018625393494228752 0.025139664804469275
144 0.4150052465897167 0.6999355393210142 0.027806925498426022 0.020842286205414697
14 0.7522298006295908 0.7647185217017619 0.021773347324239245 0.026643747314138377
23 0.34483210912906614 0.36312849162011174 0.017576075550891922 0.020197679415556512
8 0.5402675760755509 0.7203480876665235 0.02229800629590766 0.019553072625698324
212 0.3944123819517314 0.6330038676407391 0.014952780692549843 0.026643747314138377
120 0.3980849947534103 0.5168672110012892 0.026495278069254984 0.024709926944563816
33 0.5154774396642182 0.7201332187365707 0.02833158447009444 0.023420713364847443
201 0.6874344176285415 0.46744735711216157 0.023871983210912908 0.021272024065320156
33 0.685598111227702 0.8372367855608079 0.0270199370409234 0.02170176192522561
212 0.34312696747114374 0.4435969058874087 0.009968520461699895 0.023420713364847443
119 0.7127492130115425 0.46991834980661795 0.02833158447009444 0.02406532015470563
225 0.3578174186778594 0.518586162440911 0.024134312696747116 0.021272024065320156
119 0.7531479538300105 0.517404383326171 0.030430220356768102 0.028792436613665665
7 0.6020461699895069 0.3904168457241083 0.01888772298006296 0.026643747314138377
201 0.8588667366211963 0.3175762784701332 0.017838405036726127 0.02191663085517834
8 0.34916054564533056 0.6988611946712505 0.023084994753410283 0.020842286205414697
8 0.37539349422875135 0.517082079931242 0.023084994753410283 0.020842286205414697
201 0.29577649527806926 0.44574559518693596 0.023871983210912908 0.021272024065320156
212 0.609916054564533 0.7883541039965621 0.015739769150052468 0.02621400945423292
201 0.3142707240293809 0.8238074774387624 0.028856243441762856 0.025354533734422004
225 0.5081322140608605 0.6245165449076063 0.01626442812172088 0.025139664804469275
8 0.3815582371458552 0.36065749892565535 0.02439664218258132 0.01869359690588741
33 0.5713536201469045 0.7448431456811345 0.027806925498426022 0.025139664804469275
33 0.5219045120671564 0.39063171465406105 0.023871983210912908 0.028792436613665665
107 0.32476390346274925 0.3680704770090245 0.0236096537250787 0.0223463687150838
23 0.7459338929695698 0.6207563386334336 0.024921301154249738 0.01847872797593468
225 0.753672612801679 0.8630210571551354 0.015739769150052468 0.027288354103996562
8 0.35978488982161594 0.46938117748173613 0.0270199370409234 0.023850451224752902
8 0.6221143756558237 0.49366136656639453 0.021773347324239245 0.023420713364847443
14 0.739900314795383 0.46938117748173613 0.029643231899265477 0.02170176192522561
201 0.6013903462749213 0.36667382896433176 0.01547743966421826 0.01869359690588741
33 0.3843126967471144 0.4690588740868071 0.0236096537250787 0.026643747314138377
201 0.5957502623294858 0.34045981951009885 0.013641133263378805 0.019553072625698324
201 0.5564008394543547 0.8167168027503223 0.020986358866736624 0.02406532015470563
59 0.5759443861490031 0.8709712075633863 0.03331584470094439 0.023850451224752902
177 0.42733473242392445 0.7215298667812634 0.030430220356768102 0.02621400945423292
23 0.537906610703043 0.6991834980661796 0.02439664218258132 0.0223463687150838
17 0.7604931794333684 0.7162655779974216 0.023084994753410283 0.023420713364847443
23 0.8335519412381952 0.5715513536742587 0.023871983210912908 0.02793296089385475
161 0.7266526757607555 0.44499355393210144 0.0236096537250787 0.02621400945423292
59 0.6305089192025184 0.8120971207563387 0.028593913955928647 0.023420713364847443
14 0.7224554039874082 0.7149763644177052 0.025708289611752363 0.02170176192522561
100 0.36030954879328436 0.36892995272883544 0.01915005246589717 0.02406532015470563
212 0.42602308499475344 0.41834980661796306 0.008919202518363064 0.0223463687150838
23 0.7800367261280168 0.669209282337774 0.021773347324239245 0.021272024065320156
14 0.6915005246589717 0.7911474000859476 0.035152151101783845 0.03180060163300387
161 0.6720881427072403 0.6191448216587881 0.026232948583420776 0.025139664804469275
177 0.7603620146904513 0.7383970777825527 0.0270199370409234 0.02170176192522561
186 0.5595487932843651 0.7900730554361839 0.025708289611752363 0.02277610657498926
150 0.5102308499475341 0.5690803609798023 0.020986358866736624 0.02170176192522561
23 0.32673137460650575 0.6266652342071337 0.018625393494228752 0.02771809196390202
119 0.45448583420776495 0.49065320154705633 0.02439664218258132 0.023850451224752902
14 0.5080010493179433 0.5432960893854749 0.03226652675760756 0.02170176192522561
225 0.6572665267576075 0.7608508809626128 0.023871983210912908 0.02578427159432746
14 0.753672612801679 0.6696390201976794 0.03095487932843652 0.023420713364847443
14 0.5798793284365162 0.5660721959604641 0.026495278069254984 0.019982810485603783
8 0.4055613850996852 0.4922647185217018 0.025708289611752363 0.02191663085517834
8 0.5880115424973767 0.7663300386764074 0.0270199370409234 0.023420713364847443
7 0.6928121720881427 0.3435754189944134 0.026232948583420776 0.026643747314138377
120 0.7902675760755509 0.6207563386334336 0.02439664218258132 0.02191663085517834
45 0.41434942287513116 0.6520197679415557 0.035939139559286466 0.020842286205414697
23 0.4428121720881427 0.5712290502793296 0.025708289611752363 0.027288354103996562
186 0.7821353620146905 0.6928448646325741 0.0270199370409234 0.022990975504941984
23 0.5325288562434418 0.5954018048990116 0.02256033578174187 0.0223463687150838
119 0.47429171038824763 0.8483025354533734 0.02833158447009444 0.028362698753760206
161 0.6458551941238195 0.5652127202406532 0.020461699895068207 0.02170176192522561
225 0.8121720881427072 0.7624623979372583 0.015739769150052468 0.03115599484314568
201 0.700682056663169 0.41899441340782123 0.016789087093389297 0.018048990116029222
212 0.7204879328436516 0.7645036527718092 0.017576075550891922 0.030511388053287496
212 0.47757082896117525 0.8181134507950151 0.021773347324239245 0.02771809196390202
161 0.7922350472193075 0.7647185217017619 0.01888772298006296 0.03094112591319295
23 0.6267051416579223 0.5406102277610657 0.025183630640083946 0.02277610657498926
120 0.5300367261280168 0.3643102707348517 0.030167890870933894 0.02170176192522561
120 0.7249475341028332 0.8124194241512678 0.019674711437565582 0.024924795874516546
8 0.47088142707240294 0.7943704340352385 0.02728226652675761 0.02406532015470563
201 0.6082109129066107 0.3154275891706059 0.02229800629590766 0.020627417275461968
119 0.3481112277019937 0.545981951009884 0.0236096537250787 0.02191663085517834
225 0.3342077649527807 0.7963042544048131 0.02256033578174187 0.023635582294800173
33 0.38011542497376705 0.7712720240653201 0.025708289611752363 0.021272024065320156
201 0.7039611752360966 0.4928018908465836 0.013378803777544596 0.01869359690588741
8 0.7635099685204617 0.5717662226042114 0.0338405036726128 0.020627417275461968
201 0.3709338929695698 0.5443704340352385 0.0236096537250787 0.017404383326171037
8 0.357292759706191 0.6527718091963902 0.025708289611752363 0.0223463687150838
45 0.7682318992654774 0.3418564675547916 0.03226652675760756 0.0223463687150838
212 0.5179695697796433 0.6516974645466266 0.01547743966421826 0.02578427159432746
225 0.684286463798531 0.31381607219596047 0.02439664218258132 0.02599914052428019
119 0.6550367261280168 0.5946497636441771 0.0236096537250787 0.027288354103996562
77 0.6403462749213011 0.4441340782122905 0.025708289611752363 0.028792436613665665
120 0.5918153200419727 0.5167597765363129 0.025708289611752363 0.0223463687150838
225 0.32856768100734524 0.4411259131929523 0.016002098635886673 0.019767941555651054
23 0.7219307450157398 0.34164159862483884 0.0236096537250787 0.02277610657498926
150 0.5355456453305352 0.792436613665664 0.026495278069254984 0.024495058014611087
225 0.36739244491080797 0.6738289643317577 0.022822665267576075 0.02191663085517834
201 0.37696747114375656 0.44220025784271594 0.018363064008394544 0.019767941555651054
8 0.3713273871983211 0.3907391491190374 0.031217208814270724 0.029437043403523853
119 0.3537513116474292 0.4175977653631285 0.024921301154249738 0.019553072625698324