59 0.6486226777706597 0.8758535071384234 0.04932735426008968 0.0335195530726257
212 0.5522101217168481 0.6989447548106766 0.021780909673286355 0.038485412787088766
23 0.10634208840486867 0.5673494723774053 0.029468289557975653 0.028553693358162633
119 0.45675848814862263 0.8997517070142769 0.046124279308135806 0.03414028553693358
201 0.3776425368353619 0.4075108628181254 0.03651505445227418 0.032898820608317815
23 0.3004484304932735 0.271260086902545 0.029468289557975653 0.0335195530726257
23 0.7552850736707238 0.6691495965238982 0.037155669442664956 0.03972687771570453
8 0.47149263292761046 0.8106765983860956 0.03971812940422806 0.03972687771570453
45 0.21973094170403587 0.3609559279950341 0.06149903907751441 0.03165735567970205
201 0.5352338244714926 0.5782122905027933 0.035233824471492634 0.03165735567970205
14 0.20147341447789877 0.6108007448789572 0.04163997437540038 0.03476101800124146
186 0.395900064061499 0.45251396648044695 0.042280589365791155 0.045934202358783364
212 0.6524663677130045 0.3224705152079454 0.017296604740550926 0.03910614525139665
33 0.49327354260089684 0.5347610180012414 0.04484304932735426 0.032898820608317815
225 0.33055733504164 0.2746741154562384 0.03587443946188341 0.032898820608317815
8 0.722293401665599 0.4472377405338299 0.04035874439461883 0.03786468032278088
201 0.4993593850096092 0.8625077591558038 0.04035874439461883 0.03910614525139665
212 0.3686739269698911 0.5260707635009311 0.021140294682895577 0.04158907510862818
201 0.1518257527226137 0.3175046554934823 0.03587443946188341 0.027932960893854747
23 0.5518898142216527 0.36561142147734327 0.035233824471492634 0.03227808814400993
100 0.5320307495195388 0.41185599006828055 0.02882767456758488 0.042830540037243944
59 0.6944266495836002 0.2855369335816263 0.04356181934657271 0.037243947858473
201 0.8536194746957079 0.4543761638733706 0.03779628443305573 0.037243947858473
201 0.7347853939782191 0.28739913097454994 0.03971812940422806 0.03476101800124146
8 0.32254964766175526 0.48479205462445685 0.03139013452914798 0.03227808814400993
100 0.5480461242793081 0.4903786468032278 0.02626521460602178 0.03972687771570453
186 0.6415759128763613 0.48820608317815023 0.03651505445227418 0.03786468032278088
8 0.6582319026265214 0.7458100558659218 0.03651505445227418 0.040347610180012414
8 0.8164638052530429 0.4919304779639975 0.027546444586803328 0.03662321539416512
8 0.5954516335682255 0.8296089385474861 0.04163997437540038 0.03662321539416512
23 0.8036515054452273 0.4106145251396648 0.03139013452914798 0.03414028553693358
119 0.8507367072389493 0.4931719428926133 0.03971812940422806 0.04158907510862818
14 0.3625880845611787 0.2718808193668529 0.042280589365791155 0.03227808814400993
212 0.6034593209481102 0.9078212290502793 0.028187059577194105 0.03662321539416512
8 0.8187059577194106 0.9186840471756673 0.038436899423446504 0.038485412787088766
23 0.6229980781550288 0.32433271260086904 0.03779628443305573 0.03414028553693358
225 0.8257527226137091 0.7957790192427064 0.030749519538757205 0.037243947858473
33 0.16816143497757846 0.6083178150217257 0.035233824471492634 0.03600248292985723
8 0.28635490070467645 0.5698324022346368 0.030749519538757205 0.03227808814400993
201 0.8657911595131326 0.4130974549968963 0.04163997437540038 0.03662321539416512
212 0.35842408712363866 0.45344506517690875 0.044202434336963484 0.04779639975170701
120 0.3414477898782831 0.4075108628181254 0.038436899423446504 0.03662321539416512
212 0.8513773222293401 0.7085661080074488 0.021780909673286355 0.03786468032278088
59 0.5195387572069186 0.6213531967721911 0.04740550928891736 0.038485412787088766
225 0.7037155669442664 0.9174425822470516 0.03395259449071108 0.04220980757293606
201 0.5829596412556054 0.9615145872129113 0.038436899423446504 0.03600248292985723
8 0.901665598975016 0.7101179391682185 0.04035874439461883 0.037243947858473
8 0.6844971172325433 0.8755431409062694 0.035233824471492634 0.03786468032278088
8 0.8962203715566943 0.7985723153320918 0.042280589365791155 0.035381750465549346
7 0.14061499039077513 0.5642458100558659 0.035233824471492634 0.03227808814400993
107 0.6005765534913516 0.41092489137181876 0.048046124279308135 0.037243947858473
212 0.4887892376681614 0.6219739292364991 0.016655989750160152 0.037243947858473
7 0.2136450992953235 0.47796399751707014 0.04035874439461883 0.028553693358162633
23 0.13292761050608584 0.4410304158907511 0.03395259449071108 0.03414028553693358
212 0.10698270339525945 0.6089385474860335 0.021780909673286355 0.03476101800124146
225 0.5185778347213325 0.36623215394165115 0.03651505445227418 0.037243947858473
212 0.6620755925688661 0.5806952203600249 0.014734144778987827 0.032898820608317815
119 0.8555413196668802 0.9189944134078212 0.04548366431774503 0.040347610180012414
8 0.7466367713004484 0.8355058969584109 0.03139013452914798 0.031036623215394164
212 0.6156310057655349 0.4860335195530726 0.028187059577194105 0.03972687771570453
150 0.9269698910954516 0.3761638733705773 0.042280589365791155 0.03972687771570453
14 0.5368353619474695 0.7430167597765364 0.04099935938500961 0.038485412787088766
14 0.9490711082639333 0.45561762880198636 0.04676489429852658 0.03972687771570453
119 0.5659833440102499 0.6216635630043451 0.05060858424087123 0.03910614525139665
33 0.5387572069186418 0.787088764742396 0.046124279308135806 0.03600248292985723
59 0.4554772581678411 0.8603351955307262 0.04484304932735426 0.0446927374301676
33 0.3779628443305573 0.8494723774053383 0.038436899423446504 0.03786468032278088
150 0.7421524663677129 0.9189944134078212 0.05060858424087123 0.040347610180012414
186 0.5762331838565022 0.2824332712600869 0.03395259449071108 0.03227808814400993
212 0.7136450992953235 0.7079453755431409 0.015374759769378602 0.03662321539416512
186 0.6303651505445227 0.9140285536933581 0.037155669442664956 0.03910614525139665
212 0.5032030749519538 0.45189323401613907 0.018577834721332478 0.03476101800124146
23 0.5323510570147341 0.659217877094972 0.033311979500320305 0.03600248292985723
150 0.5019218449711723 0.9006828057107387 0.04548366431774503 0.038485412787088766
120 0.6473414477898782 0.792675356921167 0.035233824471492634 0.038485412787088766
8 0.7053171044202434 0.7957790192427064 0.03971812940422806 0.0446927374301676
120 0.6130685458039717 0.792054624456859 0.033311979500320305 0.03600248292985723
161 0.5262652146060217 0.5353817504655494 0.03779628443305573 0.035381750465549346
119 0.7085201793721972 0.8342644320297952 0.04356181934657271 0.031036623215394164
186 0.647982062780269 0.5341402855369336 0.04163997437540038 0.03662321539416512
201 0.6796925048046124 0.5325884543761639 0.03587443946188341 0.03600248292985723
59 0.6335682254964766 0.4506517690875233 0.05253042921204356 0.03600248292985723
8 0.6079436258808456 0.2815021725636251 0.03459320948110185 0.035381750465549346
9 0.09993593850096091 0.47703289882060834 0.026905829596412554 0.032898820608317815
23 0.7671364509929531 0.877715704531347 0.04676489429852658 0.0446927374301676
186 0.5909673286354901 0.37026691495965236 0.039077514413837285 0.03165735567970205
201 0.6105060858424086 0.5325884543761639 0.038436899423446504 0.03600248292985723
119 0.780269058295964 0.7091868404717566 0.042280589365791155 0.035381750465549346
33 0.09192825112107622 0.5242085661080075 0.02882767456758488 0.04531346989447548
119 0.6358103779628443 0.6635630043451273 0.044202434336963484 0.037243947858473
9 0.4974375400384369 0.5788330229671012 0.03267136450992953 0.03662321539416512
150 0.27770659833440103 0.6101800124146493 0.04292120435618193 0.043451272501551834
14 0.9509929532351057 0.4134078212290503 0.04163997437540038 0.03972687771570453
100 0.8225496476617552 0.45282433271260086 0.029468289557975653 0.042830540037243944
23 0.6271620755925689 0.3690254500310366 0.03971812940422806 0.03165735567970205
212 0.7171684817424727 0.6288019863438857 0.02370275464445868 0.03600248292985723
150 0.5823190262652146 0.4897579143389199 0.04484304932735426 0.038485412787088766
8 0.3071748878923767 0.40720049658597146 0.035233824471492634 0.031036623215394164
23 0.6662395900064061 0.9158907510862818 0.04099935938500961 0.03910614525139665
8 0.3593850096092248 0.6204220980757293 0.046124279308135806 0.04158907510862818
59 0.7136450992953235 0.6675977653631285 0.04868673926969891 0.03910614525139665
161 0.596732863549007 0.6585971446306642 0.03139013452914798 0.037243947858473
59 0.8840486867392696 0.3746120422098076 0.04740550928891736 0.032898820608317815
8 0.5884048686739269 0.45003103662321536 0.04035874439461883 0.037243947858473
23 0.6918641896220371 0.6269397889509621 0.030749519538757205 0.03600248292985723
33 0.5595771941063421 0.8274363749224084 0.03267136450992953 0.03476101800124146
120 0.6518257527226137 0.7051520794537555 0.03651505445227418 0.03476101800124146
8 0.7267777065983344 0.7523277467411545 0.039077514413837285 0.040968342644320296
225 0.20659833440102496 0.26784605834885167 0.03010890454836643 0.03910614525139665
150 0.12267777065983343 0.5232774674115456 0.04163997437540038 0.03227808814400993
23 0.909993593850096 0.6679081315952824 0.04163997437540038 0.038485412787088766
23 0.7879564381806534 0.4537554314090627 0.04484304932735426 0.040968342644320296
161 0.4833440102498398 0.3646803227808814 0.03779628443305573 0.03165735567970205
14 0.48750800768737984 0.8227808814400993 0.04356181934657271 0.03041589075108628
107 0.6707238949391415 0.36933581626319056 0.042280589365791155 0.03227808814400993
23 0.34112748238308777 0.5254500310366232 0.03651505445227418 0.03165735567970205
8 0.6185137732222934 0.7026691495965239 0.039077514413837285 0.037243947858473
212 0.6428571428571428 0.8336436995654872 0.018577834721332478 0.03227808814400993
8 0.32062780269058294 0.4472377405338299 0.03010890454836643 0.04407200496585972
14 0.7613709160794362 0.7486033519553073 0.04035874439461883 0.03476101800124146
150 0.21140294682895577 0.563935443823712 0.037155669442664956 0.03662321539416512
119 0.909993593850096 0.4137181874612042 0.048046124279308135 0.03910614525139665
23 0.8206278026905829 0.5369335816263191 0.037155669442664956 0.03600248292985723
120 0.35329916720051247 0.4851024208566108 0.03267136450992953 0.035381750465549346
23 0.7985265855221012 0.75512104283054 0.039077514413837285 0.03910614525139665
23 0.1287636130685458 0.4757914338919925 0.03587443946188341 0.03165735567970205
59 0.5698270339525945 0.5338299193047796 0.048046124279308135 0.0335195530726257
150 0.5118513773222293 0.489447548106766 0.04996796925048046 0.03786468032278088
8 0.604099935938501 0.8721291123525761 0.03587443946188341 0.0335195530726257
225 0.7171684817424727 0.49130974549968964 0.03651505445227418 0.03662321539416512
201 0.23830877642536835 0.26505276225946617 0.03459320948110185 0.037243947858473
225 0.8593850096092248 0.7963997517070143 0.04035874439461883 0.038485412787088766
225 0.7898782831518257 0.4928615766604593 0.033311979500320305 0.037243947858473
8 0.2319026265214606 0.3159528243327126 0.038436899423446504 0.03600248292985723
8 0.7927610506085842 0.7963997517070143 0.03779628443305573 0.038485412787088766
119 0.33504163997437536 0.36188702669149597 0.046124279308135806 0.038485412787088766
14 0.6729660474055092 0.40813159528243326 0.04163997437540038 0.03165735567970205
100 0.6649583600256246 0.6253879577901924 0.024343369634849454 0.042830540037243944
23 0.8225496476617552 0.7054624456859093 0.04099935938500961 0.035381750465549346
150 0.5823190262652146 0.7461204220980757 0.04484304932735426 0.038485412787088766
212 0.6732863549007047 0.792675356921167 0.020499679692504803 0.03600248292985723
33 0.5842408712363869 0.6989447548106766 0.04356181934657271 0.038485412787088766
120 0.32030749519538754 0.5713842333954066 0.038436899423446504 0.03662321539416512
119 0.5419602818705958 0.45189323401613907 0.05381165919282511 0.0335195530726257
120 0.3344010249839846 0.8845437616387337 0.03971812940422806 0.043451272501551834
150 0.571108263933376 0.9087523277467412 0.04548366431774503 0.037243947858473
59 0.11434977578475336 0.319366852886406 0.035233824471492634 0.03041589075108628
100 0.4295323510570147 0.813780260707635 0.027546444586803328 0.040968342644320296
120 0.6377322229340167 0.2815021725636251 0.03267136450992953 0.032898820608317815
107 0.34945547725816783 0.3168839230291744 0.04292120435618193 0.035381750465549346
8 0.8436899423446508 0.8364369956548727 0.033311979500320305 0.03165735567970205
8 0.2962844330557335 0.8805090006207325 0.03779628443305573 0.040347610180012414
150 0.7536835361947469 0.4928615766604593 0.039077514413837285 0.03476101800124146
45 0.5816784112748238 0.5772811918063314 0.05253042921204356 0.0335195530726257
23 0.14702114029468288 0.4000620732464308 0.035233824471492634 0.03414028553693358
77 0.6822549647661755 0.4478584729981378 0.04356181934657271 0.054003724394785846
8 0.8459320948110185 0.3755431409062694 0.03395259449071108 0.0335195530726257
8 0.13228699551569506 0.611731843575419 0.03267136450992953 0.032898820608317815
23 0.6790518898142216 0.49068901303538176 0.04484304932735426 0.032898820608317815
212 0.24343369634849454 0.4031657355679702 0.017937219730941704 0.032898820608317815
8 0.3965406790518898 0.5276225946617008 0.037155669442664956 0.04220980757293606
7 0.23959000640614989 0.521415270018622 0.03459320948110185 0.03476101800124146
119 0.195067264573991 0.3162631905648665 0.04932735426008968 0.032898820608317815
23 0.3971812940422806 0.27591558038485414 0.03459320948110185 0.03662321539416512
212 0.6639974375400384 0.2824332712600869 0.018577834721332478 0.03476101800124146
23 0.47757847533632286 0.276536312849162 0.03779628443305573 0.03414028553693358
150 0.8308776425368353 0.6688392302917443 0.042280589365791155 0.035381750465549346
8 0.41415759128763613 0.8525760397268777 0.03779628443305573 0.03414028553693358
150 0.549647661755285 0.32122905027932963 0.04099935938500961 0.04158907510862818
212 0.8251121076233183 0.7532588454376163 0.019218449711723252 0.035381750465549346
107 0.10442024343369634 0.43575418994413406 0.026905829596412554 0.040968342644320296
212 0.39077514413837283 0.6213531967721911 0.024343369634849454 0.04220980757293606
119 0.16880204996796924 0.4764121663563004 0.04676489429852658 0.029174425822470516
8 0.7389493914157591 0.7091868404717566 0.039077514413837285 0.035381750465549346
33 0.7130044843049327 0.5332091868404718 0.03459320948110185 0.037243947858473
8 0.39237668161434974 0.32060831781502175 0.03651505445227418 0.03041589075108628
7 0.2517616912235746 0.5657976412166357 0.03587443946188341 0.03786468032278088
201 0.3737988468930173 0.8898199875853507 0.04292120435618193 0.03662321539416512
14 0.5675848814862268 0.8715083798882681 0.037155669442664956 0.0335195530726257
8 0.4993593850096092 0.40782122905027934 0.04035874439461883 0.038485412787088766
225 0.7805893657911595 0.8342644320297952 0.035233824471492634 0.0335195530726257
8 0.6755285073670724 0.6669770328988206 0.03395259449071108 0.03414028553693358
107 0.6326073030108904 0.5785226567349472 0.04163997437540038 0.0335195530726257
225 0.5377962844330557 0.8665425201738051 0.035233824471492634 0.0297951582867784
8 0.8203074951953875 0.8795779019242707 0.03267136450992953 0.03476101800124146
59 0.4650864830237027 0.4472377405338299 0.04740550928891736 0.04407200496585972
119 0.7501601537475976 0.797951582867784 0.05381165919282511 0.03786468032278088
59 0.5019218449711723 0.3249534450651769 0.04548366431774503 0.035381750465549346
212 0.1572709801409353 0.4407200496585971 0.021140294682895577 0.03227808814400993
8 0.5791159513132607 0.7892613283674736 0.033311979500320305 0.03662321539416512
14 0.18449711723254322 0.4397889509621353 0.038436899423446504 0.035381750465549346
8 0.3776425368353619 0.3637492240844196 0.035233824471492634 0.04220980757293606
23 0.3699551569506726 0.8112973308504035 0.04292120435618193 0.045934202358783364
225 0.4147982062780269 0.8954065797641216 0.03395259449071108 0.035381750465549346
225 0.6931454196028186 0.5785226567349472 0.037155669442664956 0.03972687771570453
120 0.30749519538757203 0.5273122284295468 0.03587443946188341 0.03786468032278088
186 0.5659833440102499 0.6601489757914338 0.039077514413837285 0.032898820608317815
8 0.5246636771300448 0.6992551210428305 0.032030749519538756 0.035381750465549346
120 0.6915438821268417 0.7492240844196152 0.03651505445227418 0.03476101800124146
201 0.38565022421524664 0.4866542520173805 0.032030749519538756 0.03227808814400993
100 0.8750800768737987 0.7122905027932961 0.024343369634849454 0.04655493482309125
33 0.32222934016655985 0.6139044072004965 0.03459320948110185 0.03972687771570453
225 0.41800128122998076 0.4103041589075109 0.03779628443305573 0.037243947858473
14 0.16591928251121074 0.5195530726256983 0.046124279308135806 0.028553693358162633
119 0.46636771300448426 0.4866542520173805 0.03587443946188341 0.038485412787088766
8 0.2370275464445868 0.6132836747361887 0.030749519538757205 0.03600248292985723
225 0.1822549647661755 0.40068280571073867 0.03267136450992953 0.032898820608317815
8 0.6444586803331197 0.4106145251396648 0.03971812940422806 0.035381750465549346
212 0.7309417040358744 0.32898820608317814 0.016655989750160152 0.037243947858473
120 0.6886611146700833 0.7048417132216015 0.03459320948110185 0.03910614525139665
212 0.40518898142216525 0.8075729360645562 0.02242152466367713 0.03600248292985723
33 0.4891095451633568 0.6939788950962136 0.04163997437540038 0.031036623215394164
23 0.5294682895579756 0.8261949099937926 0.03395259449071108 0.03227808814400993
59 0.16143497757847533 0.36033519553072624 0.04868673926969891 0.032898820608317815
8 0.8542600896860986 0.7513966480446927 0.03267136450992953 0.03786468032278088
8 0.2238949391415759 0.441651148355059 0.039077514413837285 0.03165735567970205
7 0.7251761691223574 0.8761638733705773 0.03971812940422806 0.03662321539416512
161 0.5461242793081358 0.27963997517070144 0.04035874439461883 0.03786468032278088
23 0.6758488148622678 0.3265052762259466 0.032030749519538756 0.0335195530726257
150 0.3792440743113389 0.5713842333954066 0.038436899423446504 0.03786468032278088
225 0.21524663677130043 0.4016139044072005 0.033311979500320305 0.0335195530726257
7 0.108263933376041 0.40037243947858475 0.03459320948110185 0.03227808814400993
212 0.6233183856502241 0.8320918684047176 0.020499679692504803 0.03414028553693358
212 0.7962844330557335 0.88268156424581 0.023062139654067903 0.03600248292985723
119 0.7895579756566303 0.6725636250775916 0.035233824471492634 0.03786468032278088
119 0.9003843689942345 0.4553072625698324 0.051889814221652786 0.03414028553693358
33 0.5131326073030109 0.276536312849162 0.037155669442664956 0.03414028553693358
212 0.35105701473414475 0.5716945996275605 0.024343369634849454 0.038485412787088766
201 0.17680973734785393 0.5667287399130975 0.038436899423446504 0.028553693358162633
14 0.8721973094170403 0.6679081315952824 0.03267136450992953 0.03600248292985723
225 0.7805893657911595 0.9171322160148976 0.03779628443305573 0.03662321539416512
225 0.5874439461883407 0.3258845437616387 0.033311979500320305 0.0335195530726257
225 0.813260730301089 0.834885164494103 0.03395259449071108 0.03476101800124146
100 0.7065983344010249 0.409373060211049 0.032030749519538756 0.042830540037243944
45 0.6201153106982703 0.6244568590937306 0.05637411915438821 0.037243947858473
201 0.709160794362588 0.3708876474239603 0.033311979500320305 0.029174425822470516
100 0.8311979500320307 0.4121663563004345 0.03139013452914798 0.03600248292985723
201 0.17328635490070465 0.2697082557417753 0.04163997437540038 0.03910614525139665
8 0.667841127482383 0.834885164494103 0.03779628443305573 0.03476101800124146
225 0.7072389493914157 0.32898820608317814 0.026905829596412554 0.037243947858473
23 0.20531710442024342 0.5201738050900062 0.035233824471492634 0.03227808814400993
100 0.5390775144138372 0.9065797641216635 0.03395259449071108 0.04531346989447548
111 0.6262011531069827 0.7476722532588455 0.039077514413837285 0.027932960893854747