186 0.7108490566037736 0.19699042407660738 0.06320754716981132 0.038303693570451436
23 0.8466981132075472 0.5649794801641587 0.05 0.036935704514363885
8 0.8400943396226415 0.4264705882352941 0.040566037735849055 0.033515731874145006
23 0.5981132075471698 0.426812585499316 0.04339622641509434 0.036935704514363885
186 0.620754716981132 0.23837209302325582 0.04905660377358491 0.03625170998632011
150 0.6108490566037736 0.6453488372093024 0.06886792452830189 0.04035567715458276
23 0.7216981132075472 0.5560875512995896 0.04716981132075472 0.038303693570451436
150 0.8009433962264151 0.512311901504788 0.05849056603773585 0.036935704514363885
201 0.7825471698113208 0.2954856361149111 0.059433962264150944 0.038303693570451436
107 0.6688679245283019 0.4661422708618331 0.07358490566037736 0.03625170998632011
119 0.8650943396226415 0.6532147742818057 0.06415094339622641 0.03967168262653899
14 0.8514150943396227 0.14534883720930233 0.05188679245283019 0.04035567715458276
100 0.7320754716981133 0.2954856361149111 0.035849056603773584 0.04240766073871409
119 0.7188679245283018 0.3396032831737346 0.06981132075471698 0.03898768809849521
8 0.7627358490566037 0.4316005471956224 0.05566037735849057 0.03419972640218878
186 0.6990566037735849 0.14911080711354308 0.05660377358490566 0.04103967168262654
201 0.6330188679245283 0.19801641586867305 0.052830188679245285 0.03898768809849521
77 0.8443396226415094 0.615595075239398 0.05660377358490566 0.046511627906976744
212 0.6254716981132076 0.46716826265389877 0.016981132075471698 0.03419972640218878
201 0.6150943396226415 0.29343365253077974 0.05471698113207547 0.03419972640218878
33 0.6051886792452831 0.3799589603283174 0.05188679245283019 0.04035567715458276
177 0.6424528301886793 0.05471956224350205 0.052830188679245285 0.038303693570451436
111 0.8377358490566038 0.292749658002736 0.05471698113207547 0.03419972640218878
186 0.6424528301886793 0.5109439124487004 0.052830188679245285 0.03556771545827633
100 0.805188679245283 0.429890560875513 0.03490566037735849 0.041723666210670314
59 0.7509433962264151 0.6453488372093024 0.07358490566037736 0.04035567715458276
186 0.7768867924528302 0.34097127222982215 0.05377358490566038 0.03761969904240766
8 0.7962264150943397 0.10362517099863201 0.04150943396226415 0.03898768809849521
212 0.6094339622641509 0.5078659370725034 0.01509433962264151 0.033515731874145006
8 0.810377358490566 0.2414500683994528 0.04528301886792453 0.03146374829001368
161 0.7382075471698113 0.053009575923392616 0.05566037735849057 0.043091655266757865
212 0.6698113207547169 0.19596443228454172 0.024528301886792454 0.033515731874145006
8 0.5726415094339623 0.5109439124487004 0.05660377358490566 0.03419972640218878
14 0.5849056603773585 0.46545827633378933 0.062264150943396226 0.03625170998632011
119 0.6773584905660377 0.643296853625171 0.062264150943396226 0.04035567715458276
23 0.8089622641509434 0.6504787961696307 0.04245283018867924 0.04514363885088919
201 0.8415094339622642 0.10054719562243503 0.03962264150943396 0.036935704514363885
100 0.6886792452830188 0.054035567715458276 0.04150943396226415 0.03967168262653899
201 0.6353773584905661 0.10225718194254446 0.0669811320754717 0.03488372093023256
107 0.7806603773584906 0.5601915184678522 0.06886792452830189 0.038303693570451436
77 0.6787735849056604 0.2917236662106703 0.07075471698113207 0.06087551299589603
23 0.8292452830188679 0.33584131326949385 0.05471698113207547 0.03967168262653899
225 0.7948113207547169 0.05095759233926128 0.06132075471698113 0.04582763337893297
14 0.8183962264150944 0.3844049247606019 0.05 0.027359781121751026
8 0.5669811320754717 0.5557455540355677 0.04528301886792453 0.03625170998632011
8 0.6528301886792452 0.3847469220246238 0.05471698113207547 0.03625170998632011
8 0.6731132075471699 0.2414500683994528 0.05 0.036935704514363885
119 0.6495283018867924 0.4261285909712722 0.0669811320754717 0.03556771545827633
100 0.754245283018868 0.6060191518467852 0.040566037735849055 0.03967168262653899
120 0.6174528301886792 0.5591655266757866 0.05 0.03761969904240766
100 0.7636792452830189 0.1039671682626539 0.03490566037735849 0.04377564979480164
23 0.8433962264150944 0.05198358413132695 0.035849056603773584 0.03556771545827633
7 0.839622641509434 0.47058823529411764 0.0509433962264151 0.036935704514363885
150 0.6523584905660378 0.3382352941176471 0.057547169811320756 0.03625170998632011
150 0.7603773584905661 0.38303693570451436 0.05660377358490566 0.03419972640218878
150 0.6353773584905661 0.14808481532147744 0.07075471698113207 0.03898768809849521
14 0.840566037735849 0.19801641586867305 0.062264150943396226 0.04445964432284542
14 0.7311320754716981 0.46751025991792067 0.05660377358490566 0.03488372093023256
201 0.7018867924528301 0.5109439124487004 0.06415094339622641 0.03419972640218878
8 0.7966981132075471 0.6094391244870041 0.04245283018867924 0.03967168262653899
77 0.7089622641509434 0.10020519835841313 0.0669811320754717 0.05677154582763338
8 0.755188679245283 0.14911080711354308 0.046226415094339626 0.03283173734610123
212 0.75 0.5129958960328317 0.024528301886792454 0.03967168262653899
212 0.7136792452830188 0.2393980848153215 0.027358490566037737 0.04103967168262654
8 0.7127358490566038 0.6022571819425444 0.048113207547169815 0.032147742818057455
150 0.775 0.19630642954856362 0.057547169811320756 0.03283173734610123
225 0.654245283018868 0.6029411764705882 0.06132075471698113 0.03488372093023256
120 0.6688679245283019 0.5595075239398085 0.05471698113207547 0.036935704514363885
45 0.8863207547169811 0.6111491108071135 0.038679245283018866 0.029411764705882353
186 0.7566037735849057 0.23974008207934336 0.05660377358490566 0.03761969904240766
23 0.7867924528301887 0.46990424076607384 0.05471698113207547 0.036935704514363885
14 0.7094339622641509 0.42339261285909713 0.05660377358490566 0.04103967168262654
14 0.5481132075471699 0.6391928864569083 0.04339622641509434 0.041723666210670314
14 0.594811320754717 0.33584131326949385 0.057547169811320756 0.036935704514363885
120 0.8547169811320755 0.23666210670314636 0.03773584905660377 0.049247606019151846
120 0.7037735849056603 0.3847469220246238 0.05471698113207547 0.03488372093023256
45 0.5787735849056603 0.6029411764705882 0.06320754716981132 0.033515731874145006
161 0.8033018867924528 0.1484268125854993 0.06320754716981132 0.04240766073871409