212 0.39057971014492754 0.4908008658008658 0.0536231884057971 0.06818181818181818
201 0.8340579710144927 0.49512987012987014 0.057971014492753624 0.05303030303030303
59 0.2282608695652174 0.4832251082251082 0.11594202898550725 0.05411255411255411
33 0.48079710144927534 0.39664502164502163 0.10797101449275362 0.0670995670995671
225 0.5579710144927537 0.6658549783549783 0.08550724637681159 0.07305194805194805
120 0.6235507246376811 0.39664502164502163 0.0891304347826087 0.06818181818181818
45 0.7525362318840579 0.23971861471861472 0.08623188405797101 0.05952380952380952
14 0.8028985507246377 0.6712662337662337 0.11739130434782609 0.056818181818181816
8 0.7586956521739131 0.32142857142857145 0.07391304347826087 0.048701298701298704
212 0.557608695652174 0.3971861471861472 0.04710144927536232 0.06493506493506493
14 0.6347826086956522 0.4954004329004329 0.09710144927536232 0.0698051948051948
14 0.40253623188405796 0.31222943722943725 0.08623188405797101 0.05952380952380952
201 0.7039855072463769 0.4034090909090909 0.07898550724637682 0.05357142857142857
8 0.24057971014492754 0.31114718614718617 0.0927536231884058 0.05194805194805195
201 0.3253623188405797 0.4883658008658009 0.08115942028985507 0.06439393939393939
14 0.6007246376811595 0.16260822510822512 0.06956521739130435 0.05357142857142857
23 0.26811594202898553 0.5695346320346321 0.06521739130434782 0.060064935064935064
201 0.48586956521739133 0.6647727272727273 0.0746376811594203 0.0633116883116883
161 0.5391304347826087 0.4805194805194805 0.08840579710144927 0.09199134199134198
201 0.3293478260869565 0.39935064935064934 0.0891304347826087 0.06060606060606061
8 0.47391304347826085 0.31033549783549785 0.07971014492753624 0.060064935064935064
23 0.3753623188405797 0.22916666666666666 0.08115942028985507 0.055735930735930736
201 0.6898550724637681 0.15800865800865802 0.07391304347826087 0.05194805194805195
150 0.5478260869565218 0.5830627705627706 0.09855072463768116 0.057900432900432904
100 0.7786231884057971 0.516504329004329 0.07318840579710145 0.1066017316017316
150 0.6413043478260869 0.6701839826839827 0.08260869565217391 0.0698051948051948
8 0.4594202898550725 0.48647186147186144 0.08260869565217391 0.06385281385281386
100 0.8358695652173913 0.5998376623376623 0.06159420289855073 0.10551948051948051
201 0.6068840579710145 0.3181818181818182 0.09202898550724638 0.05844155844155844
161 0.322463768115942 0.31087662337662336 0.0782608695652174 0.055735930735930736
8 0.5192028985507247 0.23647186147186147 0.07898550724637682 0.049783549783549784
212 0.5836956521739131 0.2408008658008658 0.051449275362318844 0.06493506493506493
100 0.5369565217391304 0.32332251082251084 0.052173913043478265 0.08062770562770563
23 0.341304347826087 0.5773809523809523 0.08405797101449275 0.05303030303030303
8 0.7047101449275363 0.49567099567099565 0.07608695652173914 0.06385281385281386
107 0.2213768115942029 0.40313852813852813 0.13260869565217392 0.06060606060606061
225 0.43623188405797103 0.5806277056277056 0.08840579710144927 0.06277056277056277
59 0.6597826086956522 0.5903679653679653 0.1355072463768116 0.07467532467532467
212 0.4 0.3979978354978355 0.0463768115942029 0.056818181818181816
107 0.5235507246376812 0.16883116883116883 0.06304347826086956 0.05844155844155844
186 0.4489130434782609 0.23457792207792208 0.08043478260869566 0.05032467532467533
161 0.7217391304347827 0.6753246753246753 0.08840579710144927 0.07142857142857142
59 0.6644927536231884 0.2416125541125541 0.09565217391304348 0.060064935064935064
59 0.822463768115942 0.40395021645021645 0.10869565217391304 0.06439393939393939
8 0.7670289855072464 0.5936147186147186 0.08478260869565217 0.06493506493506493
186 0.6942028985507247 0.32196969696969696 0.08405797101449275 0.05519480519480519