77 0.37598978288633467 0.2252106741573034 0.03116219667943806 0.027387640449438203
100 0.30153256704980846 0.7827247191011236 0.018135376756066413 0.017415730337078654
8 0.20434227330779056 0.4007724719101124 0.026053639846743297 0.02064606741573034
8 0.2808429118773947 0.5290028089887641 0.024776500638569607 0.021769662921348316
120 0.2831417624521073 0.24403089887640453 0.029374201787994894 0.016432584269662924
225 0.5185185185185186 0.20716292134831463 0.026053639846743297 0.01657303370786517
23 0.44993614303959134 0.2427668539325843 0.02426564495530013 0.0175561797752809
23 0.32171136653895277 0.22633426966292136 0.0314176245210728 0.0175561797752809
201 0.2476372924648787 0.4655898876404495 0.02426564495530013 0.017696629213483146
8 0.35849297573435507 0.36109550561797754 0.029374201787994894 0.017977528089887642
107 0.2459770114942529 0.6475421348314607 0.03422733077905492 0.0175561797752809
107 0.1831417624521073 0.38089887640449444 0.04291187739463602 0.018258426966292138
23 0.625925925925926 0.16882022471910113 0.0314176245210728 0.021348314606741574
212 0.3284802043422733 0.8007022471910114 0.019412515964240103 0.01853932584269663
100 0.21443167305236274 0.3811095505617978 0.01864623243933589 0.017837078651685396
111 0.3703703703703704 0.8424157303370787 0.024010217113665393 0.01853932584269663
161 0.3153256704980843 0.6468398876404495 0.03346104725415071 0.016713483146067416
23 0.3146871008939975 0.6081460674157304 0.028097062579821204 0.01853932584269663
9 0.15606641123882506 0.8453651685393259 0.030140485312899108 0.019943820224719102
107 0.30574712643678165 0.3224016853932585 0.03269476372924649 0.016151685393258428
8 0.2687100893997446 0.19241573033707868 0.030140485312899108 0.016853932584269666
201 0.26896551724137935 0.6478932584269663 0.028097062579821204 0.014606741573033709
225 0.3977011494252874 0.19150280898876407 0.025031928480204343 0.016432584269662924
225 0.4957854406130269 0.20716292134831463 0.02298850574712644 0.015168539325842698
14 0.2901660280970626 0.6474016853932585 0.03269476372924649 0.01558988764044944
14 0.1980842911877395 0.2303370786516854 0.02579821200510856 0.015730337078651686
212 0.20574712643678164 0.32310393258426967 0.01558109833971903 0.016151685393258428
33 0.4246487867177523 0.2415730337078652 0.026309067688378037 0.015168539325842698
100 0.3574712643678161 0.32226123595505624 0.022222222222222223 0.01867977528089888
100 0.2125159642401022 0.340308988764045 0.023499361430395917 0.01657303370786517
8 0.24853128991060028 0.6292134831460675 0.03167305236270754 0.021348314606741574
201 0.32388250319284806 0.20926966292134833 0.02298850574712644 0.017977528089887642
33 0.2800766283524905 0.7626404494382023 0.038058748403575995 0.017415730337078654
14 0.30791826309067694 0.5689606741573034 0.026819923371647514 0.017415730337078654
177 0.5613026819923372 0.2058988764044944 0.03397190293742018 0.016853932584269666
161 0.27956577266922095 0.3220505617977528 0.028863346104725417 0.015449438202247192
100 0.22375478927203069 0.7648876404494382 0.023499361430395917 0.018258426966292138
8 0.30191570881226054 0.17057584269662923 0.03269476372924649 0.015870786516853932
9 0.21443167305236274 0.8424157303370787 0.028863346104725417 0.017696629213483146
119 0.7040868454661559 0.20042134831460676 0.03959131545338442 0.015168539325842698
107 0.2561941251596424 0.28286516853932586 0.030651340996168584 0.017977528089887642
7 0.2727969348659004 0.6275983146067416 0.027586206896551727 0.018960674157303372
225 0.3340996168582376 0.7628511235955057 0.024010217113665393 0.017837078651685396
23 0.31660280970625804 0.3820224719101124 0.027330779054916987 0.016011235955056182
150 0.3153256704980843 0.2442415730337079 0.034993614303959135 0.015449438202247192
100 0.31570881226053643 0.3422050561797753 0.020434227330779056 0.0175561797752809
201 0.2038314176245211 0.3610252808988764 0.02554278416347382 0.015870786516853932
14 0.3993614303959132 0.2076544943820225 0.030906768837803324 0.014747191011235956
45 0.19731800766283528 0.7653792134831461 0.04572158365261814 0.019241573033707868
23 0.4725415070242657 0.20646067415730338 0.023499361430395917 0.015730337078651686
7 0.29080459770114947 0.8220505617977529 0.0314176245210728 0.019943820224719102
23 0.4220945083014049 0.20625000000000002 0.024776500638569607 0.013342696629213485
23 0.2724137931034483 0.8007022471910114 0.030906768837803324 0.014887640449438204
14 0.22707535121328226 0.7834269662921349 0.03422733077905492 0.016011235955056182
23 0.21021711366538956 0.5075140449438202 0.03422733077905492 0.018117977528089888
212 0.2657726692209451 0.4644662921348315 0.01609195402298851 0.016292134831460674
45 0.1822477650063857 0.46755617977528097 0.043678160919540236 0.015168539325842698
77 0.262962962962963 0.20835674157303372 0.022222222222222223 0.02598314606741573
7 0.16436781609195403 0.7661516853932585 0.03601532567049809 0.017134831460674158
186 0.31162196679438064 0.48335674157303377 0.042401021711366546 0.019241573033707868
119 0.5204342273307792 0.2636938202247191 0.03346104725415071 0.01867977528089888
150 0.2914431673052363 0.3415730337078652 0.028097062579821204 0.016853932584269666
8 0.32809706257982124 0.8419241573033709 0.02835249042145594 0.018117977528089888
186 0.2335887611749681 0.48483146067415733 0.037547892720306515 0.017134831460674158
119 0.22618135376756068 0.2655196629213483 0.029374201787994894 0.02008426966292135
8 0.18569604086845468 0.3399578651685394 0.03524904214559387 0.01867977528089888
100 0.24572158365261815 0.19290730337078654 0.020945083014048533 0.01502808988764045
201 0.4918263090676884 0.2625 0.028863346104725417 0.017134831460674158
225 0.21149425287356324 0.2124297752808989 0.028097062579821204 0.01867977528089888
8 0.7855683269476373 0.16762640449438204 0.027330779054916987 0.020365168539325844
186 0.36641123882503196 0.2607443820224719 0.03652618135376756 0.0175561797752809
119 0.23486590038314178 0.3605337078651686 0.03652618135376756 0.016292134831460674
23 0.7379310344827587 0.20063202247191014 0.030651340996168584 0.018398876404494384
33 0.27611749680715203 0.7819522471910113 0.03269476372924649 0.01952247191011236
201 0.3459770114942529 0.1719803370786517 0.027330779054916987 0.017837078651685396
201 0.2596424010217114 0.5687500000000001 0.02835249042145594 0.016432584269662924
8 0.3883780332056195 0.7991573033707866 0.030906768837803324 0.019943820224719102
201 0.15759897828863348 0.8244382022471911 0.029629629629629634 0.016011235955056182
150 0.7408684546615582 0.16741573033707866 0.024776500638569607 0.01853932584269663
119 0.37215836526181356 0.17247191011235957 0.030140485312899108 0.01966292134831461
59 0.27062579821200516 0.3603230337078652 0.037547892720306515 0.017275280898876404
201 0.2252873563218391 0.22963483146067418 0.030140485312899108 0.01657303370786517
7 0.29003831417624526 0.3811095505617978 0.029374201787994894 0.017275280898876404
111 0.25402298850574717 0.4020365168539326 0.022222222222222223 0.018117977528089888
8 0.3683269476372925 0.6059691011235956 0.030651340996168584 0.02064606741573034
186 0.2385696040868455 0.5691011235955057 0.026053639846743297 0.015730337078651686
59 0.43001277139208177 0.18932584269662922 0.03959131545338442 0.015168539325842698
7 0.34699872286079186 0.1916432584269663 0.026819923371647514 0.0175561797752809
186 0.34048531289910605 0.6455758426966293 0.03575989782886335 0.016994382022471912
8 0.27547892720306516 0.40091292134831463 0.024776500638569607 0.018117977528089888
8 0.2542784163473819 0.5462078651685394 0.030906768837803324 0.017696629213483146
161 0.4028097062579822 0.22507022471910115 0.030140485312899108 0.016432584269662924
23 0.32681992337164756 0.46481741573033714 0.037547892720306515 0.019241573033707868
100 0.46449553001277144 0.17092696629213486 0.02171136653895275 0.017977528089887642
201 0.19872286079182633 0.19206460674157305 0.02707535121328225 0.0175561797752809
119 0.4874840357598979 0.18883426966292136 0.026819923371647514 0.016994382022471912
8 0.38748403575989787 0.8422050561797754 0.026053639846743297 0.020365168539325844
100 0.37305236270753517 0.8220505617977529 0.017624521072796936 0.019943820224719102
186 0.30702426564495533 0.28110955056179776 0.03524904214559387 0.019241573033707868
120 0.5289910600255429 0.2428370786516854 0.028097062579821204 0.02106741573033708
14 0.2897828863346105 0.5055477528089888 0.030906768837803324 0.019241573033707868
186 0.4042145593869732 0.17071629213483147 0.04163473818646233 0.021769662921348316
33 0.29616858237547894 0.2625 0.02988505747126437 0.016853932584269666
45 0.32886334610472545 0.5481741573033708 0.037547892720306515 0.016011235955056182
14 0.2549169859514687 0.264747191011236 0.030651340996168584 0.017977528089887642
8 0.32094508301404856 0.5049859550561798 0.03550446998722861 0.021769662921348316
186 0.2690932311621967 0.17141853932584272 0.03703703703703704 0.018960674157303372
59 0.35415070242656455 0.7984550561797753 0.037547892720306515 0.01853932584269663
9 0.25363984674329504 0.24613764044943823 0.033205619412515965 0.015870786516853932
17 0.33818646232439337 0.6048455056179776 0.028097062579821204 0.016432584269662924
23 0.3738186462324394 0.7799157303370787 0.026819923371647514 0.017134831460674158
212 0.341507024265645 0.20835674157303372 0.01583652618135377 0.016151685393258428
119 0.30293742017879954 0.401685393258427 0.030140485312899108 0.018820224719101126
23 0.28403575989782887 0.28286516853932586 0.023499361430395917 0.01657303370786517
107 0.5149425287356323 0.1707865168539326 0.03575989782886335 0.016853932584269666
161 0.33895274584929763 0.26228932584269665 0.027586206896551727 0.017837078651685396
8 0.19106002554278417 0.26530898876404496 0.044955300127713926 0.02106741573033708
14 0.34980842911877397 0.8212078651685394 0.028863346104725417 0.018820224719101126
212 0.23575989782886336 0.28426966292134837 0.015325670498084292 0.01657303370786517
150 0.23780332056194128 0.340870786516854 0.030651340996168584 0.018258426966292138
8 0.35619412515964244 0.6275280898876405 0.030906768837803324 0.017415730337078654
186 0.49846743295019164 0.2234550561797753 0.029374201787994894 0.015449438202247192
77 0.1740740740740741 0.39768258426966296 0.03295019157088123 0.0276685393258427
111 0.35555555555555557 0.7616573033707866 0.02145593869731801 0.017415730337078654
161 0.29655172413793107 0.626685393258427 0.02707535121328225 0.01853932584269663
111 0.7150702426564496 0.169311797752809 0.029374201787994894 0.0175561797752809
212 0.2744572158365262 0.2642556179775281 0.01609195402298851 0.016151685393258428
59 0.2922094508301405 0.46397471910112364 0.03269476372924649 0.018117977528089888
107 0.30357598978288636 0.8017556179775281 0.03295019157088123 0.016994382022471912
212 0.28045977011494255 0.2094803370786517 0.015325670498084292 0.016151685393258428
14 0.15363984674329503 0.8051966292134832 0.037547892720306515 0.01657303370786517
225 0.2616858237547893 0.8226123595505619 0.030906768837803324 0.017415730337078654
120 0.42720306513409967 0.22366573033707868 0.023754789272030653 0.017837078651685396
33 0.42439335887611757 0.79936797752809 0.0421455938697318 0.020365168539325844
100 0.4085568326947638 0.8451544943820225 0.01609195402298851 0.020365168539325844
150 0.17879948914431676 0.5064606741573034 0.03167305236270754 0.016011235955056182
23 0.4853128991060026 0.17001404494382025 0.025031928480204343 0.016151685393258428
100 0.1831417624521073 0.8239466292134833 0.01992337164750958 0.01558988764044944
111 0.24878671775223501 0.5268960674157304 0.02707535121328225 0.018117977528089888
23 0.3662835249042146 0.6478932584269663 0.036270753512132825 0.017415730337078654
212 0.2885057471264368 0.4839185393258427 0.013537675606641125 0.018117977528089888
33 0.4476372924648787 0.206811797752809 0.02988505747126437 0.016432584269662924
201 0.23550446998722863 0.38132022471910115 0.023499361430395917 0.018258426966292138
100 0.3008939974457216 0.5483848314606742 0.020945083014048533 0.014185393258426968
150 0.24865900383141765 0.7643258426966293 0.03295019157088123 0.019943820224719102
201 0.22464878671775226 0.32219101123595506 0.021200510855683273 0.015168539325842698
212 0.3501915708812261 0.8405898876404495 0.0173690932311622 0.019943820224719102
23 0.4614303959131546 0.19058988764044946 0.026819923371647514 0.018258426966292138
23 0.68301404853129 0.16846910112359553 0.030651340996168584 0.02064606741573034
119 0.3696040868454662 0.2823033707865169 0.03524904214559387 0.018258426966292138
161 0.20332056194125162 0.48623595505617984 0.028097062579821204 0.01853932584269663
225 0.22247765006385697 0.1931179775280899 0.02554278416347382 0.016853932584269666
150 0.19399744572158367 0.2834269662921349 0.03397190293742018 0.01966292134831461
212 0.1897828863346105 0.2115168539325843 0.020434227330779056 0.015449438202247192
119 0.33103448275862074 0.36158707865168543 0.030651340996168584 0.019803370786516856
225 0.22911877394636018 0.401123595505618 0.027586206896551727 0.020786516853932586
14 0.1772669220945083 0.3621488764044944 0.030140485312899108 0.01867977528089888
14 0.3008939974457216 0.8428370786516854 0.03575989782886335 0.01853932584269663
212 0.471264367816092 0.2235252808988764 0.022477650063856963 0.016151685393258428
150 0.2724137931034483 0.8434691011235956 0.02835249042145594 0.017837078651685396
8 0.16066411238825035 0.7872191011235956 0.03575989782886335 0.01853932584269663
225 0.2187739463601533 0.4668539325842697 0.030906768837803324 0.018820224719101126
23 0.3372924648786718 0.2821629213483146 0.026819923371647514 0.017134831460674158
8 0.5010217113665391 0.24171348314606744 0.029374201787994894 0.02106741573033708
23 0.43512132822477656 0.8228230337078652 0.0314176245210728 0.019241573033707868
119 0.1934865900383142 0.7850421348314608 0.03295019157088123 0.019241573033707868
14 0.28748403575989784 0.6064606741573034 0.0314176245210728 0.017415730337078654
100 0.30153256704980846 0.5293539325842697 0.022222222222222223 0.02106741573033708
120 0.24252873563218394 0.8417134831460675 0.03295019157088123 0.017134831460674158
119 0.25593869731800767 0.22801966292134834 0.03269476372924649 0.0175561797752809
45 0.3998722860791827 0.8211376404494383 0.043167305236270756 0.018117977528089888
225 0.7651340996168583 0.16776685393258428 0.026309067688378037 0.01867977528089888
161 0.3833971902937421 0.7628511235955057 0.03269476372924649 0.019241573033707868
119 0.3485312899106003 0.22507022471910115 0.027330779054916987 0.017837078651685396
23 0.3370370370370371 0.3227528089887641 0.028863346104725417 0.017696629213483146
161 0.23959131545338444 0.8229634831460675 0.029629629629629634 0.020365168539325844
45 0.19450830140485315 0.803932584269663 0.04163473818646233 0.017134831460674158
100 0.22017879948914434 0.28370786516853935 0.01992337164750958 0.018258426966292138
225 0.26232439335887614 0.3819522471910113 0.02860791826309068 0.0175561797752809
212 0.5374201787994892 0.206811797752809 0.015325670498084292 0.016432584269662924
23 0.38148148148148153 0.24262640449438205 0.029374201787994894 0.017837078651685396
201 0.32464878671775227 0.19058988764044946 0.028097062579821204 0.018258426966292138
119 0.30153256704980846 0.19150280898876407 0.031928480204342274 0.017275280898876404
77 0.47407407407407415 0.2442415730337079 0.030651340996168584 0.02668539325842697
186 0.21979565772669224 0.7997893258426967 0.020689655172413796 0.016713483146067416
8 0.23780332056194128 0.21018258426966294 0.028097062579821204 0.016151685393258428
107 0.3257982120051086 0.6266151685393259 0.0314176245210728 0.017837078651685396
150 0.2352490421455939 0.1740870786516854 0.03575989782886335 0.01867977528089888
119 0.3427841634738187 0.3824438202247191 0.03575989782886335 0.018820224719101126
100 0.31851851851851853 0.2629915730337079 0.023499361430395917 0.016432584269662924
59 0.6527458492975735 0.16882022471910113 0.03652618135376756 0.020786516853932586
225 0.3610472541507025 0.20891853932584273 0.02426564495530013 0.01502808988764045
33 0.6906768837803321 0.21945224719101125 0.030651340996168584 0.02064606741573034
33 0.35108556832694765 0.24262640449438205 0.03397190293742018 0.016432584269662924
23 0.18416347381864626 0.8433286516853933 0.02860791826309068 0.018960674157303372
8 0.33678160919540234 0.5703651685393258 0.03346104725415071 0.02106741573033708
23 0.26743295019157093 0.505688202247191 0.023499361430395917 0.018117977528089888
100 0.28045977011494255 0.5485955056179775 0.01992337164750958 0.015168539325842698
150 0.5310344827586208 0.22331460674157305 0.03831417624521073 0.017977528089887642
212 0.32592592592592595 0.17071629213483147 0.015325670498084292 0.0175561797752809
8 0.32464878671775227 0.5292837078651685 0.03218390804597702 0.020365168539325844
59 0.2897828863346105 0.2273876404494382 0.0401021711366539 0.016853932584269666
201 0.30561941251596425 0.7634129213483146 0.024776500638569607 0.015308988764044944
212 0.24993614303959133 0.7835674157303372 0.019667943805874843 0.017134831460674158
8 0.4383141762452108 0.17092696629213486 0.033205619412515965 0.019943820224719102
107 0.20408684546615583 0.17303370786516856 0.04035759897828864 0.01853932584269663
23 0.30217113665389533 0.3610252808988764 0.030651340996168584 0.01867977528089888
201 0.37024265644955306 0.19129213483146068 0.028863346104725417 0.016853932584269666
161 0.2831417624521073 0.5678370786516854 0.02835249042145594 0.017415730337078654
161 0.31877394636015327 0.7808988764044944 0.028097062579821204 0.017415730337078654
23 0.32171136653895277 0.8235252808988764 0.03550446998722861 0.021488764044943823
23 0.33831417624521076 0.34241573033707867 0.024776500638569607 0.017977528089887642
161 0.3860791826309068 0.6275280898876405 0.028863346104725417 0.016011235955056182
23 0.45083014048531295 0.22296348314606743 0.022477650063856963 0.016432584269662924
186 0.3448275862068966 0.7797752808988765 0.033716475095785445 0.018258426966292138
14 0.3596424010217114 0.34115168539325846 0.030651340996168584 0.015449438202247192
8 0.7159642401021712 0.21783707865168542 0.03269476372924649 0.02106741573033708
14 0.17420178799489147 0.4860955056179776 0.03422733077905492 0.01657303370786517
120 0.30063856960408686 0.21018258426966294 0.025031928480204343 0.0175561797752809
14 0.2671775223499362 0.3417134831460674 0.033205619412515965 0.013764044943820226
119 0.20996168582375482 0.8240870786516855 0.0347381864623244 0.015870786516853932
8 0.42848020434227335 0.8428370786516854 0.028863346104725417 0.019943820224719102
23 0.26692209450830146 0.4843398876404495 0.03218390804597702 0.016713483146067416
161 0.18531289910600257 0.3228932584269663 0.029374201787994894 0.017977528089887642
119 0.8319284802043424 0.1662921348314607 0.04750957854406131 0.023314606741573037
119 0.24993614303959133 0.32296348314606743 0.029374201787994894 0.017275280898876404