177 0.6173752310536045 0.3053672316384181 0.030499075785582256 0.0288135593220339
150 0.44986136783733827 0.5926553672316385 0.024491682070240297 0.02937853107344633
23 0.5822550831792976 0.2692090395480226 0.019408502772643253 0.02768361581920904
100 0.8126155268022182 0.46864406779661016 0.017097966728280962 0.04011299435028249
8 0.7989833641404805 0.5048022598870057 0.02310536044362292 0.03220338983050847
119 0.31330868761552677 0.3997175141242938 0.029574861367837338 0.03559322033898305
14 0.39209796672828096 0.5189265536723164 0.020794824399260628 0.029943502824858758
7 0.7081792975970425 0.2231638418079096 0.02264325323475046 0.0327683615819209
100 0.5986598890942698 0.39322033898305087 0.018946395563770795 0.04293785310734463
14 0.76409426987061 0.18418079096045198 0.02541589648798521 0.03615819209039548
186 0.3158502772643253 0.3533898305084746 0.02911275415896488 0.03220338983050847
150 0.5018484288354899 0.39378531073446327 0.030499075785582256 0.03615819209039548
119 0.5187153419593346 0.6395480225988701 0.02356746765249538 0.0384180790960452
8 0.3167744916820702 0.5189265536723164 0.02541589648798521 0.031073446327683617
8 0.43646025878003697 0.6847457627118644 0.02541589648798521 0.031638418079096044
77 0.5769408502772643 0.38898305084745766 0.02356746765249538 0.05706214689265537
225 0.5596118299445472 0.5432203389830509 0.02310536044362292 0.03898305084745763
119 0.8209334565619224 0.42062146892655367 0.021719038817005546 0.03785310734463277
8 0.6210720887245841 0.5440677966101695 0.015711645101663587 0.03502824858757062
225 0.6353974121996303 0.6271186440677966 0.024953789279112754 0.03502824858757062
119 0.42629390018484287 0.3129943502824859 0.02356746765249538 0.03389830508474576
59 0.7453789279112754 0.6790960451977401 0.024953789279112754 0.03954802259887006
212 0.48544362292051757 0.23389830508474577 0.010628465804066543 0.03502824858757062
23 0.7670979667282809 0.6816384180790961 0.01756007393715342 0.03559322033898305
45 0.5228743068391867 0.1901129943502825 0.030036968576709795 0.029943502824858758
212 0.6998613678373382 0.1076271186440678 0.012476894639556377 0.04576271186440678
177 0.7747227356746765 0.42062146892655367 0.018946395563770795 0.03785310734463277
150 0.6640480591497228 0.584180790960452 0.024953789279112754 0.03615819209039548
23 0.6141404805914972 0.7206214689265537 0.018484288354898334 0.03785310734463277
8 0.28350277264325324 0.35706214689265536 0.024491682070240297 0.031638418079096044
45 0.8128465804066544 0.5878531073446328 0.02865064695009242 0.03333333333333333
8 0.5069316081330869 0.11299435028248588 0.027726432532347505 0.02937853107344633
225 0.6890018484288355 0.14774011299435028 0.0166358595194085 0.026553672316384183
225 0.31330868761552677 0.561864406779661 0.0166358595194085 0.02768361581920904
225 0.42513863216266173 0.5957627118644068 0.018484288354898334 0.029943502824858758
8 0.4692698706099815 0.23135593220338985 0.02356746765249538 0.0288135593220339
212 0.8782347504621072 0.5073446327683616 0.01155268022181146 0.04858757062146893
212 0.3606746765249538 0.6437853107344633 0.007855822550831794 0.04011299435028249
14 0.6973197781885397 0.5491525423728814 0.018484288354898334 0.03615819209039548
119 0.8086876155268022 0.1805084745762712 0.027726432532347505 0.03672316384180791
23 0.42952865064695006 0.47768361581920904 0.021719038817005546 0.031073446327683617
7 0.33433456561922364 0.3997175141242938 0.02264325323475046 0.03785310734463277
59 0.35975046210720885 0.48135593220338985 0.02911275415896488 0.030508474576271188
23 0.23867837338262476 0.4398305084745763 0.018946395563770795 0.029943502824858758
150 0.20124768946395563 0.44265536723163845 0.028188539741219962 0.03333333333333333
45 0.28512014787430684 0.11299435028248588 0.021256931608133085 0.04632768361581921
8 0.8438077634011091 0.6827683615819209 0.02033271719038817 0.03785310734463277
150 0.7296672828096118 0.22570621468926555 0.024029574861367836 0.03446327683615819
120 0.5452865064695009 0.43192090395480226 0.018484288354898334 0.03446327683615819
23 0.5637707948243993 0.10932203389830508 0.021256931608133085 0.02768361581920904
186 0.7132624768946395 0.10112994350282486 0.024491682070240297 0.031638418079096044
8 0.6545748613678374 0.38531073446327685 0.02634011090573013 0.03502824858757062
14 0.43807763401109057 0.11977401129943503 0.02033271719038817 0.03502824858757062
212 0.2255083179297597 0.7748587570621469 0.0073937153419593345 0.03559322033898305
225 0.5261090573012939 0.392090395480226 0.01987060998151571 0.0327683615819209
33 0.4477818853974122 0.22909604519774013 0.024029574861367836 0.03220338983050847
8 0.7994454713493531 0.42372881355932207 0.024029574861367836 0.03615819209039548
225 0.3553604436229205 0.6810734463276836 0.013863216266173753 0.03220338983050847
33 0.7070240295748613 0.5867231638418079 0.018484288354898334 0.04011299435028249
7 0.7162661737523105 0.3474576271186441 0.02310536044362292 0.0327683615819209
120 0.4075785582255083 0.4384180790960452 0.02310536044362292 0.031638418079096044
8 0.6739833641404805 0.34519774011299437 0.02634011090573013 0.0384180790960452
107 0.6587338262476895 0.1497175141242938 0.030036968576709795 0.027118644067796613
100 0.38031423290203326 0.2782485875706215 0.011090573012939002 0.03446327683615819
225 0.4549445471349353 0.5514124293785311 0.018946395563770795 0.027118644067796613
119 0.6836876155268022 0.42401129943502824 0.02541589648798521 0.03220338983050847
107 0.5011552680221811 0.5494350282485876 0.02634011090573013 0.03559322033898305
212 0.22643253234750463 0.4070621468926554 0.0166358595194085 0.03785310734463277
23 0.6342421441774492 0.6725988700564972 0.02356746765249538 0.03333333333333333
8 0.3391866913123845 0.3516949152542373 0.024953789279112754 0.03672316384180791
212 0.29390018484288355 0.19745762711864406 0.00831792975970425 0.03333333333333333
23 0.839648798521257 0.4189265536723164 0.02033271719038817 0.03672316384180791
59 0.20933456561922364 0.7293785310734463 0.036044362292051754 0.030508474576271188
119 0.4152033271719039 0.15480225988700566 0.030036968576709795 0.02937853107344633
59 0.2555452865064695 0.2785310734463277 0.029574861367837338 0.03389830508474576
201 0.36275415896487984 0.31271186440677967 0.021256931608133085 0.03220338983050847
8 0.5311922365988909 0.5059322033898306 0.028188539741219962 0.03220338983050847
7 0.6732902033271719 0.2692090395480226 0.019408502772643253 0.03333333333333333
23 0.39764325323475047 0.15677966101694915 0.01987060998151571 0.031073446327683617
107 0.39209796672828096 0.6412429378531074 0.020794824399260628 0.03502824858757062
23 0.5436691312384473 0.3903954802259887 0.018946395563770795 0.03389830508474576
33 0.25369685767097966 0.32175141242937855 0.025878003696857672 0.03559322033898305
8 0.5792513863216266 0.6757062146892655 0.02541589648798521 0.02824858757062147
100 0.5108595194085027 0.690677966101695 0.016173752310536044 0.04124293785310735
23 0.819547134935305 0.30254237288135594 0.018022181146025877 0.0423728813559322
77 0.20748613678373382 0.6022598870056497 0.021256931608133085 0.05197740112994351
120 0.5212569316081331 0.5901129943502825 0.019408502772643253 0.03220338983050847
225 0.38585951940850277 0.39717514124293785 0.014787430683918669 0.0327683615819209
225 0.61090573012939 0.26864406779661015 0.018484288354898334 0.031073446327683617
212 0.6321626617375231 0.3488700564971752 0.012014787430683918 0.03898305084745763
33 0.27587800369685767 0.7265536723163842 0.019408502772643253 0.03728813559322034
119 0.19431608133086875 0.7728813559322034 0.027264325323475044 0.030508474576271188
100 0.21857670979667282 0.690677966101695 0.014787430683918669 0.04011299435028249
186 0.33502772643253237 0.7703389830508475 0.027726432532347505 0.03446327683615819
119 0.6217652495378928 0.469774011299435 0.024491682070240297 0.02768361581920904
59 0.46672828096118296 0.5090395480225989 0.02033271719038817 0.025988700564971753
77 0.381007393715342 0.47994350282485876 0.01987060998151571 0.04350282485875706
150 0.5228743068391867 0.7711864406779662 0.027264325323475044 0.03954802259887006
8 0.46349353049907577 0.19265536723163842 0.024953789279112754 0.031638418079096044
212 0.6284658040665434 0.7225988700564973 0.0073937153419593345 0.04293785310734463
77 0.7795748613678374 0.5053672316384181 0.018484288354898334 0.05141242937853108
14 0.7670979667282809 0.6338983050847458 0.021256931608133085 0.0384180790960452
225 0.746996303142329 0.7663841807909605 0.017097966728280962 0.04011299435028249
201 0.238909426987061 0.4 0.019408502772643253 0.023728813559322035
212 0.3394177449168207 0.6403954802259887 0.010628465804066543 0.03559322033898305
212 0.48128465804066545 0.7680790960451978 0.010628465804066543 0.03559322033898305
107 0.2592421441774492 0.4429378531073446 0.027726432532347505 0.03502824858757062
23 0.8715341959334566 0.4573446327683616 0.013863216266173753 0.031073446327683617
186 0.31515711645101663 0.11553672316384181 0.026802218114602587 0.0288135593220339
8 0.36414048059149723 0.2734463276836158 0.026802218114602587 0.02937853107344633
201 0.22597042513863216 0.6045197740112994 0.0166358595194085 0.0327683615819209
212 0.3585951940850277 0.12033898305084746 0.012014787430683918 0.03502824858757062
9 0.5097042513863216 0.47429378531073446 0.021256931608133085 0.03333333333333333
120 0.710720887245841 0.7661016949152543 0.0166358595194085 0.03615819209039548
23 0.4914510166358595 0.15310734463276837 0.018022181146025877 0.02937853107344633
23 0.7740295748613678 0.10028248587570622 0.014787430683918669 0.031073446327683617
45 0.45933456561922364 0.11497175141242938 0.02865064695009242 0.024293785310734464
23 0.38170055452865065 0.7257062146892655 0.0166358595194085 0.03672316384180791
8 0.35466728280961185 0.515819209039548 0.02356746765249538 0.030508474576271188
100 0.3257855822550832 0.3209039548022599 0.014787430683918669 0.0384180790960452
201 0.6947781885397412 0.7231638418079096 0.017097966728280962 0.03502824858757062
23 0.24953789279112754 0.4864406779661017 0.01756007393715342 0.03389830508474576
161 0.2754158964879852 0.6477401129943503 0.024029574861367836 0.04011299435028249
161 0.27657116451016633 0.2796610169491526 0.018022181146025877 0.03728813559322034
8 0.6855360443622921 0.38672316384180794 0.02264325323475046 0.03898305084745763
8 0.31446395563770796 0.4415254237288136 0.02356746765249538 0.031073446327683617
186 0.5545286506469501 0.6779661016949152 0.025878003696857672 0.03389830508474576
8 0.3544362292051756 0.3983050847457627 0.024953789279112754 0.0327683615819209
201 0.48151571164510165 0.6844632768361583 0.019408502772643253 0.02768361581920904
212 0.7962107208872459 0.22542372881355932 0.021256931608133085 0.03502824858757062
14 0.6460258780036968 0.5070621468926554 0.02310536044362292 0.03559322033898305
23 0.6806839186691312 0.5435028248587571 0.015711645101663587 0.030508474576271188
201 0.5307301293900185 0.47429378531073446 0.01987060998151571 0.02768361581920904
8 0.7312846580406654 0.6310734463276836 0.02356746765249538 0.0327683615819209
14 0.6631238447319778 0.19237288135593222 0.025878003696857672 0.03446327683615819
119 0.6968576709796672 0.34661016949152545 0.026802218114602587 0.03446327683615819
33 0.6060536044362292 0.10536723163841809 0.01987060998151571 0.03446327683615819
8 0.6557301293900185 0.6751412429378532 0.026802218114602587 0.02937853107344633
33 0.7495378927911275 0.22542372881355932 0.02033271719038817 0.03502824858757062
119 0.6386321626617375 0.2669491525423729 0.024029574861367836 0.03672316384180791
161 0.4138170055452865 0.7268361581920905 0.013401109057301294 0.03220338983050847
201 0.8613678373382625 0.6838983050847458 0.0166358595194085 0.03559322033898305
59 0.4614140480591497 0.43333333333333335 0.02634011090573013 0.0327683615819209
201 0.835720887245841 0.303954802259887 0.017097966728280962 0.03389830508474576
100 0.3572088724584103 0.4440677966101695 0.0166358595194085 0.04180790960451978
23 0.8063770794824399 0.6850282485875706 0.019408502772643253 0.03672316384180791
212 0.2617837338262477 0.769774011299435 0.009704251386321626 0.03785310734463277
33 0.7585489833641405 0.10254237288135594 0.01987060998151571 0.03672316384180791
150 0.30568391866913125 0.276271186440678 0.02634011090573013 0.03389830508474576
100 0.6201478743068392 0.4288135593220339 0.012939001848428836 0.03389830508474576
8 0.26386321626617376 0.19661016949152543 0.024953789279112754 0.027118644067796613
23 0.4454713493530499 0.27175141242937856 0.019408502772643253 0.0327683615819209
119 0.7966728280961183 0.7734463276836159 0.029574861367837338 0.04067796610169492
119 0.4297597042513863 0.35000000000000003 0.024953789279112754 0.03672316384180791
225 0.5864140480591498 0.5432203389830509 0.022181146025878003 0.03446327683615819
100 0.49953789279112754 0.3550847457627119 0.013863216266173753 0.03672316384180791
59 0.48752310536044363 0.4745762711864407 0.030499075785582256 0.03728813559322034
119 0.7599353049907579 0.26638418079096043 0.03373382624768946 0.04689265536723164
33 0.39510166358595195 0.27203389830508473 0.02033271719038817 0.026553672316384183
14 0.375 0.5590395480225989 0.02911275415896488 0.03333333333333333
201 0.40087800369685767 0.23192090395480228 0.018946395563770795 0.025423728813559324
177 0.3301756007393715 0.7282485875706215 0.024491682070240297 0.03389830508474576
212 0.30013863216266173 0.35847457627118645 0.01155268022181146 0.03672316384180791
100 0.7345194085027726 0.3516949152542373 0.01432532347504621 0.0423728813559322
23 0.7370609981515711 0.2675141242937853 0.021256931608133085 0.03446327683615819
186 0.5834103512014788 0.7169491525423729 0.01432532347504621 0.030508474576271188
8 0.21742144177449169 0.3635593220338983 0.021719038817005546 0.03333333333333333
161 0.5778650646950092 0.11327683615819209 0.01987060998151571 0.04463276836158192
14 0.22065619223659888 0.20225988700564973 0.02264325323475046 0.03502824858757062
33 0.7703327171903882 0.726271186440678 0.019408502772643253 0.03559322033898305
8 0.4810536044362292 0.34915254237288135 0.02310536044362292 0.031638418079096044
33 0.36252310536044363 0.35282485875706215 0.02264325323475046 0.03672316384180791
45 0.6351663585951941 0.14943502824858756 0.028188539741219962 0.0288135593220339
59 0.6404805914972274 0.5895480225988701 0.030499075785582256 0.04011299435028249
33 0.7181146025878004 0.26666666666666666 0.024953789279112754 0.03954802259887006
161 0.2543900184842883 0.40508474576271186 0.01987060998151571 0.0384180790960452
8 0.6541127541589649 0.630225988700565 0.02264325323475046 0.03785310734463277
33 0.27333641404805914 0.6853107344632768 0.02356746765249538 0.03502824858757062
201 0.44870609981515713 0.7257062146892655 0.015711645101663587 0.031073446327683617
59 0.7629390018484288 0.38389830508474576 0.029574861367837338 0.03898305084745763
23 0.30129390018484287 0.3152542372881356 0.018484288354898334 0.031638418079096044
225 0.49815157116451014 0.2706214689265537 0.02033271719038817 0.024858757062146894
8 0.869916820702403 0.37598870056497175 0.020794824399260628 0.03559322033898305
59 0.694547134935305 0.4635593220338983 0.031423290203327174 0.03559322033898305
59 0.23798521256931607 0.6463276836158193 0.033271719038817 0.0327683615819209
225 0.6448706099815157 0.5449152542372881 0.013401109057301294 0.03333333333333333
8 0.508086876155268 0.1522598870056497 0.027264325323475044 0.03220338983050847
14 0.550369685767098 0.3477401129943503 0.021256931608133085 0.0288135593220339
212 0.6762939001848429 0.15028248587570622 0.01155268022181146 0.03615819209039548
111 0.7324399260628466 0.46299435028248587 0.024953789279112754 0.03333333333333333
201 0.41035120147874304 0.515819209039548 0.021256931608133085 0.025988700564971753
45 0.7844269870609981 0.17768361581920905 0.024491682070240297 0.026553672316384183
225 0.36390942698706097 0.7251412429378531 0.013401109057301294 0.0288135593220339
201 0.783271719038817 0.30480225988700566 0.01756007393715342 0.03898305084745763
23 0.2696395563770795 0.5240112994350282 0.01987060998151571 0.029943502824858758
212 0.39764325323475047 0.6847457627118644 0.015249537892791128 0.03615819209039548
201 0.789279112754159 0.7265536723163842 0.014787430683918669 0.03502824858757062
186 0.43946395563770796 0.15451977401129943 0.018484288354898334 0.026553672316384183
186 0.7472273567467652 0.3036723163841808 0.026802218114602587 0.03672316384180791
23 0.6176062846580407 0.5884180790960453 0.015249537892791128 0.03559322033898305
8 0.24422365988909428 0.157909604519774 0.02541589648798521 0.031073446327683617
225 0.8047597042513863 0.6367231638418079 0.016173752310536044 0.03615819209039548
7 0.4729667282809612 0.1553672316384181 0.021719038817005546 0.023728813559322035
212 0.46973197781885395 0.4754237288135593 0.010628465804066543 0.03333333333333333
23 0.7289741219963032 0.10225988700564972 0.012476894639556377 0.023728813559322035
225 0.6756007393715342 0.1076271186440678 0.014787430683918669 0.026553672316384183
23 0.37315157116451014 0.6367231638418079 0.017097966728280962 0.03502824858757062
8 0.505083179297597 0.5878531073446328 0.026802218114602587 0.03220338983050847
201 0.2121072088724584 0.39858757062146893 0.02310536044362292 0.02768361581920904
107 0.7014787430683919 0.18870056497175142 0.025878003696857672 0.031638418079096044
33 0.38955637707948243 0.43757062146892656 0.019408502772643253 0.03672316384180791
225 0.5981977818853974 0.2692090395480226 0.01432532347504621 0.02768361581920904
14 0.18322550831792975 0.403954802259887 0.028188539741219962 0.025988700564971753
186 0.4688077634011091 0.727683615819209 0.02264325323475046 0.030508474576271188
8 0.7231977818853974 0.1844632768361582 0.024953789279112754 0.03672316384180791
119 0.7518484288354899 0.5531073446327683 0.026802218114602587 0.03728813559322034
107 0.31146025878003697 0.19293785310734463 0.024029574861367836 0.03446327683615819
225 0.3812384473197782 0.15593220338983052 0.014787430683918669 0.02937853107344633
45 0.7555452865064695 0.3423728813559322 0.030499075785582256 0.02937853107344633
100 0.5265711645101664 0.11666666666666667 0.01432532347504621 0.03898305084745763
45 0.8345656192236599 0.4596045197740113 0.029574861367837338 0.031073446327683617
225 0.6721349353049908 0.38898305084745766 0.01987060998151571 0.03559322033898305
225 0.2902033271719039 0.6028248587570622 0.018484288354898334 0.02824858757062147
107 0.6744454713493531 0.630225988700565 0.024491682070240297 0.03446327683615819
119 0.7435304990757856 0.18559322033898307 0.02310536044362292 0.03220338983050847
225 0.8897874306839186 0.3751412429378531 0.01987060998151571 0.03954802259887006
100 0.3990295748613678 0.7299435028248588 0.015249537892791128 0.03728813559322034
8 0.26293900184842883 0.35988700564971754 0.025878003696857672 0.027118644067796613
225 0.4313770794824399 0.3943502824858757 0.018022181146025877 0.02824858757062147
100 0.589648798521257 0.19717514124293786 0.012939001848428836 0.03389830508474576
225 0.7268946395563771 0.676271186440678 0.018484288354898334 0.03389830508474576
201 0.22666358595194086 0.2782485875706215 0.01432532347504621 0.026553672316384183
225 0.8103049907578558 0.7279661016949153 0.016173752310536044 0.04124293785310735
119 0.24145101663585952 0.3615819209039548 0.027264325323475044 0.030508474576271188
107 0.7837338262476895 0.3474576271186441 0.024953789279112754 0.031638418079096044
186 0.2285120147874307 0.238135593220339 0.032809611829944546 0.03333333333333333
201 0.7707948243992606 0.4612994350282486 0.014787430683918669 0.029943502824858758
111 0.4905268022181146 0.11864406779661017 0.020794824399260628 0.02824858757062147
8 0.6155268022181146 0.34858757062146895 0.02310536044362292 0.031638418079096044
201 0.6531885397412199 0.30903954802259886 0.01987060998151571 0.02937853107344633
59 0.35628465804066545 0.1943502824858757 0.027726432532347505 0.02937853107344633
201 0.3708410351201479 0.11977401129943503 0.016173752310536044 0.025988700564971753
119 0.5214879852125693 0.2305084745762712 0.024491682070240297 0.030508474576271188
7 0.3897874306839187 0.5966101694915255 0.01987060998151571 0.03502824858757062
111 0.30036968576709794 0.1596045197740113 0.021256931608133085 0.031073446327683617
212 0.538354898336414 0.6375706214689266 0.018484288354898334 0.03672316384180791
14 0.2121072088724584 0.3242937853107345 0.021256931608133085 0.031638418079096044
212 0.6610443622920518 0.5053672316384181 0.01155268022181146 0.03559322033898305
150 0.4958410351201479 0.6426553672316384 0.024029574861367836 0.03785310734463277
201 0.8606746765249538 0.3 0.02264325323475046 0.0384180790960452
77 0.2262014787430684 0.1576271186440678 0.021719038817005546 0.04971751412429379
225 0.6797597042513863 0.7655367231638418 0.01756007393715342 0.04067796610169492
186 0.7037892791127541 0.5045197740112994 0.024953789279112754 0.03615819209039548
120 0.4595656192236599 0.35056497175141244 0.021719038817005546 0.031073446327683617
225 0.4299907578558225 0.27231638418079096 0.017097966728280962 0.025988700564971753
212 0.4121996303142329 0.23163841807909605 0.012014787430683918 0.03615819209039548
119 0.841728280961183 0.5073446327683616 0.02541589648798521 0.03615819209039548
212 0.2372920517560074 0.2827683615819209 0.01432532347504621 0.03220338983050847
100 0.24745841035120147 0.20112994350282487 0.01432532347504621 0.03389830508474576
119 0.7673290203327172 0.14322033898305087 0.02911275415896488 0.03559322033898305
8 0.41173752310536044 0.6853107344632768 0.022181146025878003 0.0327683615819209
100 0.8569778188539741 0.46440677966101696 0.015249537892791128 0.03954802259887006
23 0.2932070240295749 0.7254237288135593 0.016173752310536044 0.0327683615819209
100 0.8361829944547134 0.592090395480226 0.013401109057301294 0.03954802259887006
111 0.3079944547134935 0.7251412429378531 0.017097966728280962 0.03333333333333333
212 0.8472735674676525 0.30338983050847457 0.007855822550831794 0.0384180790960452
212 0.6337800369685767 0.5460451977401131 0.009704251386321626 0.03785310734463277
8 0.8227818853974121 0.3827683615819209 0.02356746765249538 0.03559322033898305
150 0.5395101663585952 0.26807909604519775 0.024491682070240297 0.029943502824858758
8 0.6432532347504621 0.1861581920903955 0.019408502772643253 0.0288135593220339
59 0.23059149722735675 0.4853107344632768 0.029574861367837338 0.03502824858757062
100 0.5115526802218114 0.3096045197740113 0.019408502772643253 0.0384180790960452
59 0.2754158964879852 0.4011299435028249 0.02865064695009242 0.031638418079096044
186 0.4089648798521257 0.4745762711864407 0.024953789279112754 0.031638418079096044
45 0.4168207024029575 0.552542372881356 0.030499075785582256 0.027118644067796613
212 0.483826247689464 0.269774011299435 0.015711645101663587 0.0288135593220339
119 0.46626617375231055 0.27090395480225987 0.027726432532347505 0.029943502824858758
45 0.7918207024029574 0.4627118644067797 0.02541589648798521 0.04293785310734463
119 0.6725970425138632 0.22570621468926555 0.02356746765249538 0.03220338983050847
186 0.6427911275415896 0.10480225988700566 0.019408502772643253 0.03220338983050847
8 0.7079482439926063 0.14152542372881358 0.019408502772643253 0.03220338983050847
23 0.6887707948243993 0.10621468926553673 0.015249537892791128 0.02937853107344633
8 0.3678373382624769 0.598587570621469 0.024953789279112754 0.029943502824858758
150 0.36252310536044363 0.15706214689265538 0.024491682070240297 0.02937853107344633
119 0.32509242144177447 0.2384180790960452 0.027264325323475044 0.03954802259887006
161 0.37384473197781887 0.5209039548022599 0.02310536044362292 0.031638418079096044
14 0.7885859519408502 0.5918079096045198 0.013401109057301294 0.03898305084745763
201 0.3733826247689464 0.4398305084745763 0.0166358595194085 0.031073446327683617
225 0.32509242144177447 0.27570621468926554 0.01987060998151571 0.031638418079096044
150 0.19316081330868762 0.3276836158192091 0.021256931608133085 0.0384180790960452
23 0.21487985212569316 0.7717514124293785 0.018484288354898334 0.0327683615819209
225 0.6735212569316081 0.5042372881355932 0.015249537892791128 0.03333333333333333
45 0.8634473197781886 0.5019774011299435 0.017097966728280962 0.025423728813559324
201 0.449630314232902 0.6409604519774011 0.015711645101663587 0.03446327683615819
8 0.7164972273567467 0.46610169491525427 0.020794824399260628 0.030508474576271188
212 0.44731977818853974 0.4364406779661017 0.011090573012939002 0.029943502824858758
212 0.6527264325323475 0.47005649717514125 0.01432532347504621 0.031638418079096044
161 0.7386783733826248 0.5090395480225989 0.01987060998151571 0.04519774011299435
14 0.6857670979667283 0.590677966101695 0.021256931608133085 0.03785310734463277
8 0.4974584103512015 0.765819209039548 0.02356746765249538 0.03559322033898305
8 0.5998151571164511 0.7189265536723164 0.024029574861367836 0.03446327683615819
8 0.7292051756007394 0.765819209039548 0.018484288354898334 0.03446327683615819
14 0.2830406654343808 0.5655367231638418 0.02634011090573013 0.03954802259887006
225 0.6871534195933456 0.3059322033898305 0.013863216266173753 0.03333333333333333
186 0.2483826247689464 0.5237288135593221 0.030961182994454713 0.030508474576271188
7 0.3421903881700554 0.157909604519774 0.018022181146025877 0.02768361581920904
8 0.4135859519408503 0.7686440677966102 0.024953789279112754 0.03446327683615819
225 0.4704251386321627 0.5485875706214689 0.019408502772643253 0.025988700564971753
150 0.44593345656192235 0.3101694915254237 0.024029574861367836 0.03728813559322034
212 0.4868299445471349 0.7313559322033899 0.01432532347504621 0.03559322033898305
186 0.2405268022181146 0.5607344632768362 0.02634011090573013 0.029943502824858758
150 0.5737060998151571 0.19124293785310736 0.02264325323475046 0.0288135593220339
119 0.8618299445471349 0.4189265536723164 0.022181146025878003 0.03785310734463277
212 0.41427911275415896 0.35423728813559324 0.01155268022181146 0.03954802259887006
8 0.2539279112754159 0.6833333333333333 0.02541589648798521 0.03446327683615819
111 0.34865988909426987 0.6008474576271187 0.02356746765249538 0.03446327683615819
14 0.44662661737523107 0.19689265536723163 0.02264325323475046 0.031073446327683617
59 0.3789279112754159 0.23192090395480228 0.03234750462107209 0.029943502824858758
8 0.6601201478743068 0.7203389830508475 0.01155268022181146 0.0384180790960452
201 0.6700554528650647 0.306497175141243 0.022181146025878003 0.029943502824858758
150 0.6122920517560074 0.6288135593220339 0.024953789279112754 0.03615819209039548
225 0.6423290203327172 0.7209039548022599 0.019408502772643253 0.03615819209039548
225 0.4269870609981516 0.2305084745762712 0.021256931608133085 0.031638418079096044
186 0.46002772643253237 0.6827683615819209 0.02911275415896488 0.03559322033898305
111 0.5482902033271719 0.22966101694915256 0.027264325323475044 0.029943502824858758
161 0.5905730129390019 0.43192090395480226 0.013863216266173753 0.031073446327683617
212 0.2945933456561922 0.40028248587570625 0.012476894639556377 0.03672316384180791
23 0.26132162661737524 0.5598870056497175 0.020794824399260628 0.03389830508474576
8 0.5057763401109058 0.7274011299435028 0.02541589648798521 0.0288135593220339
14 0.449630314232902 0.7675141242937853 0.02310536044362292 0.04011299435028249
225 0.8807763401109057 0.6884180790960452 0.021256931608133085 0.03446327683615819
201 0.5642329020332717 0.7237288135593221 0.01756007393715342 0.022598870056497175
212 0.39510166358595195 0.48502824858757065 0.00831792975970425 0.03220338983050847
201 0.2885859519408503 0.48502824858757065 0.01987060998151571 0.031073446327683617
8 0.7324399260628466 0.7217514124293786 0.019408502772643253 0.03559322033898305
212 0.8847042513863216 0.4593220338983051 0.012476894639556377 0.04067796610169492
59 0.47134935304990755 0.3087570621468927 0.026802218114602587 0.03672316384180791
23 0.6876155268022182 0.5036723163841809 0.013863216266173753 0.03446327683615819
201 0.6420979667282809 0.4641242937853107 0.016173752310536044 0.025423728813559324
119 0.8017560073937153 0.09971751412429379 0.03696857670979667 0.03785310734463277
201 0.41335489833641403 0.2740112994350283 0.01987060998151571 0.030508474576271188
212 0.6226894639556377 0.27005649717514124 0.01155268022181146 0.03615819209039548
150 0.664279112754159 0.5463276836158192 0.02541589648798521 0.03615819209039548
225 0.26317005545286504 0.6028248587570622 0.013401109057301294 0.030508474576271188
100 0.3990295748613678 0.19887005649717515 0.018022181146025877 0.03728813559322034
119 0.5949630314232902 0.2268361581920904 0.02356746765249538 0.031073446327683617
212 0.4704251386321627 0.5923728813559322 0.014787430683918669 0.03672316384180791
14 0.43091497227356745 0.7279661016949153 0.018022181146025877 0.04011299435028249
45 0.4281423290203327 0.4367231638418079 0.02911275415896488 0.02824858757062147
201 0.27564695009242146 0.6019774011299436 0.016173752310536044 0.023163841807909605
150 0.20147874306839186 0.4867231638418079 0.027726432532347505 0.03559322033898305
23 0.38170055452865065 0.35282485875706215 0.019408502772643253 0.029943502824858758
8 0.5804066543438078 0.5870056497175141 0.027726432532347505 0.04067796610169492
8 0.32971349353049906 0.6005649717514124 0.02264325323475046 0.03502824858757062
23 0.2902033271719039 0.6429378531073446 0.018484288354898334 0.0327683615819209
23 0.569547134935305 0.34519774011299437 0.018946395563770795 0.02937853107344633
201 0.5210258780036968 0.5480225988700566 0.018946395563770795 0.0327683615819209
8 0.5723197781885397 0.14943502824858756 0.02264325323475046 0.029943502824858758
59 0.8001386321626617 0.30480225988700566 0.02264325323475046 0.03785310734463277
100 0.33410351201478744 0.519774011299435 0.01756007393715342 0.02937853107344633
201 0.6823012939001848 0.18700564971751413 0.015249537892791128 0.025988700564971753
45 0.4216728280961183 0.19406779661016949 0.028188539741219962 0.022033898305084745
119 0.4147412199630314 0.11892655367231639 0.02541589648798521 0.029943502824858758
212 0.7617837338262476 0.4251412429378531 0.00878003696857671 0.03446327683615819
150 0.7980591497227356 0.1384180790960452 0.033271719038817 0.031638418079096044
150 0.32231977818853974 0.1576271186440678 0.02356746765249538 0.03389830508474576
23 0.4762014787430684 0.6418079096045198 0.016173752310536044 0.0384180790960452
120 0.8248613678373382 0.6827683615819209 0.024953789279112754 0.03785310734463277
201 0.6631238447319778 0.4228813559322034 0.015711645101663587 0.03446327683615819
7 0.7264325323475046 0.14548022598870056 0.01756007393715342 0.031073446327683617
150 0.24353049907578558 0.6011299435028249 0.021256931608133085 0.03502824858757062
23 0.32670979667282807 0.6429378531073446 0.0166358595194085 0.03615819209039548
45 0.7259704251386322 0.5454802259887006 0.024953789279112754 0.026553672316384183
33 0.6092883548983364 0.15056497175141242 0.02541589648798521 0.03333333333333333
23 0.7828096118299446 0.38474576271186445 0.018484288354898334 0.031638418079096044
225 0.7488447319778189 0.5901129943502825 0.018946395563770795 0.03333333333333333
177 0.19316081330868762 0.36186440677966103 0.029574861367837338 0.031073446327683617
150 0.6085951940850277 0.19237288135593222 0.02033271719038817 0.03220338983050847
8 0.24514787430683918 0.769774011299435 0.030961182994454713 0.03220338983050847
119 0.20032347504621073 0.2440677966101695 0.030961182994454713 0.03502824858757062
212 0.8382624768946395 0.3844632768361582 0.012939001848428836 0.03672316384180791
8 0.3338724584103512 0.48135593220338985 0.02911275415896488 0.03389830508474576
119 0.2694085027726433 0.4853107344632768 0.025878003696857672 0.031638418079096044
212 0.2888170055452865 0.3163841807909605 0.010166358595194085 0.0327683615819209
201 0.2592421441774492 0.6466101694915255 0.018484288354898334 0.02768361581920904
150 0.22181146025878004 0.5251412429378531 0.026802218114602587 0.0288135593220339
161 0.8223197781885397 0.3502824858757062 0.02356746765249538 0.03728813559322034
212 0.2830406654343808 0.2398305084745763 0.01155268022181146 0.04350282485875706
107 0.3068391866913124 0.6429378531073446 0.026802218114602587 0.03615819209039548
201 0.710720887245841 0.6771186440677966 0.0166358595194085 0.02768361581920904
45 0.3514325323475046 0.2324858757062147 0.028188539741219962 0.0288135593220339
201 0.8049907578558225 0.34915254237288135 0.01756007393715342 0.024858757062146894
14 0.6464879852125693 0.42711864406779665 0.01756007393715342 0.031638418079096044
23 0.4810536044362292 0.4316384180790961 0.022181146025878003 0.02824858757062147
14 0.30868761552680224 0.6033898305084746 0.02310536044362292 0.03502824858757062
111 0.5293438077634011 0.15480225988700566 0.020794824399260628 0.02937853107344633
225 0.20864140480591498 0.1610169491525424 0.01987060998151571 0.025988700564971753
201 0.5152495378927912 0.3488700564971752 0.021256931608133085 0.03446327683615819
225 0.6460258780036968 0.2245762711864407 0.014787430683918669 0.031073446327683617
212 0.7104898336414048 0.5494350282485876 0.009704251386321626 0.03446327683615819
9 0.2694085027726433 0.24152542372881355 0.01756007393715342 0.0423728813559322
7 0.34311460258780035 0.27372881355932205 0.024491682070240297 0.0288135593220339
107 0.677449168207024 0.7251412429378531 0.019408502772643253 0.04011299435028249
33 0.7677911275415896 0.5884180790960453 0.02264325323475046 0.03333333333333333
161 0.5928835489833642 0.15338983050847457 0.024029574861367836 0.03898305084745763
23 0.7271256931608133 0.42627118644067796 0.018946395563770795 0.03333333333333333
212 0.7659426987060998 0.5090395480225989 0.01155268022181146 0.04067796610169492
100 0.2372920517560074 0.6903954802259887 0.01987060998151571 0.03615819209039548
201 0.6635859519408502 0.7635593220338983 0.0166358595194085 0.03220338983050847
23 0.43877079482439924 0.552542372881356 0.018022181146025877 0.02937853107344633
8 0.33733826247689463 0.6824858757062147 0.024029574861367836 0.031638418079096044
45 0.39048059149722736 0.11751412429378531 0.02865064695009242 0.02033898305084746
77 0.7305914972273567 0.38163841807909604 0.024029574861367836 0.05141242937853108
212 0.8232439926062847 0.5064971751412429 0.009704251386321626 0.0423728813559322
59 0.649260628465804 0.346045197740113 0.026802218114602587 0.03672316384180791
201 0.3479667282809612 0.7274011299435028 0.01756007393715342 0.03220338983050847
150 0.30268022181146026 0.23870056497175143 0.025878003696857672 0.03333333333333333
119 0.6245378927911275 0.502542372881356 0.02264325323475046 0.031073446327683617
23 0.7728743068391867 0.22570621468926555 0.028188539741219962 0.03333333333333333
120 0.5492144177449169 0.1483050847457627 0.02356746765249538 0.029943502824858758
120 0.5612292051756007 0.6313559322033898 0.02634011090573013 0.029943502824858758
225 0.5931146025878004 0.1076271186440678 0.016173752310536044 0.023163841807909605
212 0.422365988909427 0.6429378531073446 0.012014787430683918 0.03954802259887006
120 0.47597042513863214 0.3954802259887006 0.02310536044362292 0.0327683615819209
225 0.7490757855822551 0.634180790960452 0.012939001848428836 0.03898305084745763
225 0.5774029574861368 0.4336158192090396 0.016173752310536044 0.03559322033898305
23 0.694547134935305 0.766949152542373 0.015711645101663587 0.03785310734463277
186 0.7509242144177449 0.46045197740113 0.02310536044362292 0.03389830508474576
23 0.3301756007393715 0.5598870056497175 0.021719038817005546 0.03389830508474576
14 0.19731977818853974 0.2033898305084746 0.025878003696857672 0.03389830508474576
225 0.6347042513863216 0.22655367231638418 0.01432532347504621 0.030508474576271188
59 0.4898336414048059 0.5115819209039548 0.030499075785582256 0.03672316384180791
8 0.40711645101663585 0.6395480225988701 0.02310536044362292 0.03728813559322034
14 0.3897874306839187 0.7661016949152543 0.02634011090573013 0.03954802259887006
111 0.3442698706099815 0.3172316384180791 0.026802218114602587 0.03559322033898305
161 0.6233826247689463 0.11186440677966102 0.019408502772643253 0.03728813559322034
225 0.46511090573012936 0.6415254237288136 0.013401109057301294 0.03559322033898305
212 0.2869685767097967 0.2768361581920904 0.012014787430683918 0.03728813559322034
14 0.36991682070240295 0.6833333333333333 0.016173752310536044 0.03559322033898305
107 0.3805452865064695 0.19548022598870057 0.02634011090573013 0.031638418079096044
119 0.8502772643253235 0.37966101694915255 0.021256931608133085 0.03389830508474576
119 0.5499075785582255 0.19152542372881357 0.024953789279112754 0.02937853107344633
186 0.708641404805915 0.42401129943502824 0.028188539741219962 0.03333333333333333
14 0.338724584103512 0.4435028248587571 0.02310536044362292 0.030508474576271188
119 0.7234288354898336 0.30677966101694915 0.027264325323475044 0.03502824858757062
212 0.2372920517560074 0.20225988700564973 0.00878003696857671 0.03389830508474576
100 0.3726894639556377 0.40084745762711865 0.01432532347504621 0.03672316384180791
100 0.6365526802218114 0.3087570621468927 0.017097966728280962 0.03446327683615819
225 0.48590573012939003 0.5901129943502825 0.016173752310536044 0.03785310734463277
23 0.3840110905730129 0.6836158192090396 0.014787430683918669 0.031638418079096044
23 0.6566543438077634 0.26807909604519775 0.02033271719038817 0.03672316384180791
177 0.714648798521257 0.7237288135593221 0.01987060998151571 0.03954802259887006
14 0.5182532347504621 0.27005649717514124 0.020794824399260628 0.031638418079096044
120 0.8006007393715342 0.3836158192090396 0.024491682070240297 0.03502824858757062
100 0.7564695009242144 0.5084745762711864 0.012014787430683918 0.04293785310734463
23 0.8130776340110906 0.5050847457627119 0.013401109057301294 0.031638418079096044
212 0.658271719038817 0.22824858757062147 0.009704251386321626 0.03389830508474576
212 0.21649722735674676 0.2796610169491526 0.01155268022181146 0.03389830508474576
212 0.4840573012939002 0.5519774011299435 0.01155268022181146 0.04067796610169492
212 0.5998151571164511 0.35000000000000003 0.015711645101663587 0.03446327683615819
107 0.29089648798521256 0.4435028248587571 0.02911275415896488 0.0327683615819209
107 0.29158964879852123 0.5245762711864407 0.02865064695009242 0.03220338983050847
161 0.2541589648798521 0.7293785310734463 0.026802218114602587 0.03615819209039548
107 0.47134935304990755 0.3087570621468927 0.026802218114602587 0.03672316384180791
8 0.33271719038817005 0.1977401129943503 0.024029574861367836 0.024858757062146894
225 0.4346118299445471 0.7694915254237289 0.017097966728280962 0.03728813559322034
8 0.7024029574861368 0.30621468926553674 0.018484288354898334 0.031638418079096044
23 0.4004158964879852 0.3926553672316384 0.018946395563770795 0.025988700564971753
8 0.27333641404805914 0.31807909604519774 0.02356746765249538 0.030508474576271188
7 0.563539741219963 0.27090395480225987 0.020794824399260628 0.0288135593220339
161 0.6682070240295749 0.46949152542372885 0.022181146025878003 0.0327683615819209
23 0.6931608133086876 0.22598870056497175 0.019408502772643253 0.03389830508474576
23 0.4551756007393715 0.15706214689265538 0.0166358595194085 0.030508474576271188
23 0.6150646950092421 0.38926553672316383 0.02033271719038817 0.031638418079096044
23 0.4928373382624769 0.3070621468926554 0.024491682070240297 0.03220338983050847
14 0.2682532347504621 0.1632768361581921 0.018946395563770795 0.03728813559322034
100 0.39510166358595195 0.556497175141243 0.015711645101663587 0.031638418079096044
201 0.35004621072088726 0.6384180790960452 0.013401109057301294 0.027118644067796613
161 0.4944547134935305 0.6875706214689266 0.018484288354898334 0.04180790960451978
201 0.283271719038817 0.15903954802259887 0.01756007393715342 0.024293785310734464
225 0.6259242144177449 0.18785310734463279 0.018946395563770795 0.024293785310734464
7 0.48544362292051757 0.19463276836158191 0.02264325323475046 0.029943502824858758
119 0.35004621072088726 0.5573446327683615 0.028188539741219962 0.03446327683615819
23 0.25115526802218113 0.23700564971751414 0.021719038817005546 0.03446327683615819
8 0.2024029574861368 0.2796610169491526 0.024029574861367836 0.03389830508474576
23 0.7733364140480591 0.768361581920904 0.015249537892791128 0.03389830508474576
201 0.2349815157116451 0.7307909604519774 0.021719038817005546 0.03446327683615819
23 0.22897412199630313 0.3206214689265537 0.024491682070240297 0.029943502824858758
201 0.6046672828096118 0.4307909604519774 0.015249537892791128 0.03220338983050847
212 0.3019870609981516 0.5646892655367232 0.013401109057301294 0.03672316384180791
161 0.5762476894639557 0.234180790960452 0.024029574861367836 0.0423728813559322
201 0.6589648798521257 0.10593220338983052 0.019408502772643253 0.02768361581920904
100 0.43553604436229204 0.6426553672316384 0.012476894639556377 0.04011299435028249
23 0.3987985212569316 0.35225988700564975 0.022181146025878003 0.03559322033898305
150 0.36414048059149723 0.7740112994350282 0.027726432532347505 0.04180790960451978
212 0.6952402957486137 0.6293785310734463 0.010628465804066543 0.03502824858757062
59 0.7084103512014788 0.38672316384180794 0.029574861367837338 0.03785310734463277
100 0.7657116451016636 0.3115819209039548 0.015711645101663587 0.03898305084745763
119 0.3093807763401109 0.48276836158192094 0.028188539741219962 0.03446327683615819
59 0.3844731977818854 0.31186440677966104 0.034195933456561925 0.03389830508474576
201 0.7234288354898336 0.5011299435028249 0.012476894639556377 0.04406779661016949
150 0.7460720887245841 0.14548022598870056 0.02541589648798521 0.03333333333333333
119 0.711645101663586 0.6313559322033898 0.024029574861367836 0.03898305084745763
119 0.7407578558225508 0.10112994350282486 0.019408502772643253 0.027118644067796613
100 0.5478280961182994 0.7290960451977402 0.015249537892791128 0.0423728813559322
225 0.7606284658040665 0.7709039548022599 0.01756007393715342 0.04011299435028249
120 0.7516173752310535 0.7242937853107345 0.020794824399260628 0.0384180790960452
212 0.7460720887245841 0.38672316384180794 0.012476894639556377 0.03785310734463277
119 0.6102125693160814 0.6742937853107345 0.03373382624768946 0.03898305084745763
7 0.6950092421441775 0.6788135593220339 0.019408502772643253 0.03446327683615819
33 0.5094731977818854 0.5079096045197741 0.01155268022181146 0.03389830508474576
150 0.3408040665434381 0.11779661016949153 0.027264325323475044 0.0288135593220339
119 0.6328558225508318 0.3864406779661017 0.021719038817005546 0.0327683615819209
201 0.2800369685767098 0.19745762711864406 0.018484288354898334 0.02768361581920904
119 0.4297597042513863 0.511864406779661 0.026802218114602587 0.03502824858757062
14 0.3186229205175601 0.688135593220339 0.02541589648798521 0.03615819209039548
23 0.49907578558225507 0.23220338983050848 0.02033271719038817 0.0384180790960452
8 0.2982902033271719 0.684180790960452 0.02356746765249538 0.03728813559322034
33 0.6042051756007394 0.503954802259887 0.018946395563770795 0.030508474576271188
8 0.616913123844732 0.2268361581920904 0.024953789279112754 0.03333333333333333
119 0.7285120147874307 0.5898305084745763 0.024491682070240297 0.03502824858757062
59 0.45286506469500926 0.4768361581920904 0.030499075785582256 0.031638418079096044
23 0.5023105360443623 0.19096045197740114 0.014787430683918669 0.03502824858757062
161 0.41427911275415896 0.396045197740113 0.021719038817005546 0.03502824858757062
107 0.4533271719038817 0.39519774011299436 0.025878003696857672 0.031073446327683617
23 0.4064232902033272 0.31327683615819213 0.020794824399260628 0.03672316384180791
150 0.6957024029574861 0.2655367231638418 0.02911275415896488 0.031638418079096044
201 0.5868761552680222 0.3463276836158192 0.014787430683918669 0.03389830508474576
144 0.5462107208872459 0.11016949152542373 0.02310536044362292 0.025988700564971753
201 0.4096580406654344 0.594632768361582 0.017097966728280962 0.03220338983050847
119 0.5358133086876156 0.35141242937853107 0.021719038817005546 0.03502824858757062
186 0.22111829944547134 0.44265536723163845 0.021719038817005546 0.03559322033898305
119 0.7860443622920518 0.6844632768361583 0.01756007393715342 0.03785310734463277
33 0.7467652495378928 0.4245762711864407 0.019408502772643253 0.03446327683615819
107 0.5018484288354899 0.43531073446327684 0.021256931608133085 0.0288135593220339
100 0.4674214417744917 0.7706214689265537 0.01432532347504621 0.04067796610169492