8 0.6336872586872587 0.4352422907488987 0.033783783783783786 0.03700440528634361
8 0.5323359073359073 0.4405286343612335 0.03571428571428571 0.02995594713656388
77 0.6843629343629344 0.6845814977973569 0.03281853281853282 0.05462555066079296
161 0.5830115830115831 0.5898678414096916 0.03861003861003861 0.034361233480176216
161 0.6187258687258688 0.5392070484581498 0.03861003861003861 0.03700440528634361
45 0.2668918918918919 0.6325991189427314 0.04922779922779923 0.03876651982378855
201 0.3672779922779923 0.5903083700440529 0.033783783783783786 0.03524229074889868
33 0.5670849420849421 0.439647577092511 0.037644787644787646 0.03876651982378855
120 0.7485521235521235 0.6819383259911894 0.04343629343629344 0.04405286343612335
225 0.6192084942084942 0.5872246696035243 0.027992277992277992 0.03788546255506608
8 0.46621621621621623 0.4907488986784141 0.02895752895752896 0.04229074889867841
150 0.32142857142857145 0.5418502202643172 0.04247104247104247 0.03876651982378855
100 0.32094594594594594 0.44493392070484583 0.033783783783783786 0.03524229074889868
33 0.5386100386100386 0.6427312775330397 0.04633204633204634 0.04140969162995595
59 0.3547297297297297 0.44273127753303965 0.04343629343629344 0.03259911894273128
45 0.5371621621621622 0.5374449339207049 0.056949806949806954 0.033480176211453744
8 0.6500965250965252 0.5819383259911894 0.03571428571428571 0.039647577092511016
8 0.6708494208494209 0.48810572687224674 0.08301158301158301 0.02995594713656388
23 0.40540540540540543 0.5374449339207049 0.03281853281853282 0.03524229074889868
107 0.40878378378378377 0.3951541850220264 0.041505791505791506 0.039647577092511016
225 0.361003861003861 0.63568281938326 0.02895752895752896 0.03612334801762115
8 0.4594594594594595 0.44140969162995597 0.03667953667953668 0.03700440528634361
212 0.6163127413127413 0.6348017621145374 0.01833976833976834 0.039647577092511016
23 0.612934362934363 0.48590308370044055 0.02895752895752896 0.03259911894273128
120 0.2422779922779923 0.6762114537444934 0.03474903474903475 0.03612334801762115
201 0.4956563706563707 0.6378854625550661 0.037644787644787646 0.03700440528634361
23 0.28040540540540543 0.3947136563876652 0.03571428571428571 0.03876651982378855
107 0.3252895752895753 0.5907488986784141 0.059845559845559844 0.03612334801762115
23 0.5477799227799228 0.4854625550660793 0.03571428571428571 0.03700440528634361
212 0.4406370656370657 0.4933920704845815 0.01833976833976834 0.033480176211453744
201 0.4671814671814672 0.5383259911894274 0.02316602316602317 0.03876651982378855
100 0.4845559845559846 0.3955947136563877 0.02702702702702703 0.04052863436123348
8 0.4391891891891892 0.5872246696035243 0.03667953667953668 0.039647577092511016
119 0.7451737451737452 0.433920704845815 0.03667953667953668 0.03612334801762115
225 0.4908301158301158 0.5392070484581498 0.03571428571428571 0.03524229074889868
23 0.5888030888030888 0.38942731277533044 0.03088803088803089 0.03700440528634361
33 0.5936293436293436 0.6867841409691631 0.04054054054054054 0.039647577092511016
186 0.5907335907335908 0.6361233480176212 0.03474903474903475 0.033480176211453744
201 0.25 0.5845814977973569 0.03861003861003861 0.039647577092511016
201 0.5574324324324325 0.3920704845814978 0.033783783783783786 0.033480176211453744
225 0.6988416988416989 0.38854625550660793 0.02702702702702703 0.03700440528634361
33 0.584942084942085 0.5370044052863436 0.04247104247104247 0.034361233480176216
212 0.3972007722007722 0.4955947136563877 0.027992277992277992 0.034361233480176216
225 0.6747104247104247 0.38942731277533044 0.02895752895752896 0.033480176211453744
201 0.2282818532818533 0.439647577092511 0.026061776061776062 0.03524229074889868
120 0.2997104247104247 0.633920704845815 0.033783783783783786 0.03788546255506608
212 0.4638030888030888 0.3951541850220264 0.01640926640926641 0.03788546255506608
225 0.2842664092664093 0.586784140969163 0.03185328185328185 0.03171806167400881
201 0.513030888030888 0.39118942731277534 0.029922779922779922 0.04052863436123348
107 0.6578185328185329 0.5352422907488987 0.03957528957528958 0.03612334801762115
150 0.3687258687258687 0.39647577092511016 0.05405405405405406 0.03876651982378855
161 0.6428571428571429 0.38942731277533044 0.03861003861003861 0.03524229074889868
186 0.4015444015444016 0.5920704845814978 0.0444015444015444 0.03524229074889868
100 0.7384169884169884 0.5299559471365639 0.0444015444015444 0.030837004405286344
186 0.2611003861003861 0.44317180616740093 0.041505791505791506 0.033480176211453744
33 0.34121621621621623 0.4916299559471366 0.033783783783783786 0.03876651982378855
100 0.6081081081081081 0.4352422907488987 0.02895752895752896 0.03700440528634361
161 0.5617760617760618 0.6383259911894273 0.03088803088803089 0.03259911894273128
8 0.2591698841698842 0.5370044052863436 0.03185328185328185 0.034361233480176216
119 0.6862934362934363 0.7303964757709251 0.0250965250965251 0.04229074889867841
119 0.6833976833976834 0.63568281938326 0.0444015444015444 0.03788546255506608
14 0.6645752895752896 0.43436123348017625 0.033783783783783786 0.03524229074889868
8 0.6452702702702703 0.6361233480176212 0.033783783783783786 0.04229074889867841
120 0.3692084942084942 0.49515418502202646 0.037644787644787646 0.04229074889867841
107 0.31467181467181465 0.39823788546255506 0.04247104247104247 0.04229074889867841
225 0.4194015444015444 0.4916299559471366 0.027992277992277992 0.033480176211453744
14 0.5222007722007722 0.4911894273127754 0.03474903474903475 0.044933920704845816
212 0.7128378378378378 0.6814977973568282 0.029922779922779922 0.039647577092511016
119 0.5805984555984556 0.4841409691629956 0.037644787644787646 0.04140969162995595
45 0.5135135135135135 0.5859030837004405 0.0501930501930502 0.03524229074889868
23 0.6307915057915058 0.6837004405286344 0.033783783783783786 0.03171806167400881
119 0.7533783783783784 0.3854625550660793 0.041505791505791506 0.044933920704845816
120 0.2784749034749035 0.6762114537444934 0.033783783783783786 0.03259911894273128
14 0.4251930501930502 0.4440528634361234 0.045366795366795366 0.03524229074889868
14 0.7171814671814672 0.7286343612334802 0.03474903474903475 0.03171806167400881
14 0.27413127413127414 0.49647577092511014 0.04826254826254826 0.03788546255506608
8 0.3894787644787645 0.4422907488986784 0.04343629343629344 0.03876651982378855
212 0.5323359073359073 0.3925110132158591 0.02027027027027027 0.034361233480176216
14 0.4657335907335907 0.6361233480176212 0.033783783783783786 0.03700440528634361
100 0.2890926640926641 0.5409691629955947 0.026061776061776062 0.03524229074889868
33 0.5550193050193051 0.5889867841409692 0.03474903474903475 0.02907488986784141
59 0.4937258687258687 0.4400881057268723 0.033783783783783786 0.030837004405286344
225 0.4724903474903475 0.5898678414096916 0.037644787644787646 0.04140969162995595
23 0.7533783783783784 0.7299559471365639 0.03957528957528958 0.04140969162995595
119 0.24517374517374518 0.3973568281938326 0.04054054054054054 0.03876651982378855
23 0.33204633204633205 0.633920704845815 0.03281853281853282 0.034361233480176216
225 0.4922779922779923 0.4894273127753304 0.03474903474903475 0.04140969162995595
23 0.44160231660231664 0.3969162995594714 0.029922779922779922 0.046696035242290754
8 0.23986486486486486 0.49647577092511014 0.033783783783783786 0.03612334801762115
23 0.291988416988417 0.44361233480176215 0.029922779922779922 0.03788546255506608
8 0.7060810810810811 0.4330396475770925 0.033783783783783786 0.03259911894273128
119 0.4406370656370657 0.539647577092511 0.037644787644787646 0.034361233480176216
59 0.36824324324324326 0.539647577092511 0.0472972972972973 0.030837004405286344
33 0.39623552123552125 0.6387665198237886 0.03957528957528958 0.03700440528634361
100 0.6124517374517374 0.3929515418502203 0.027992277992277992 0.03876651982378855
8 0.7210424710424711 0.38458149779735684 0.0250965250965251 0.03788546255506608
23 0.4358108108108108 0.6343612334801763 0.041505791505791506 0.03524229074889868
8 0.305984555984556 0.4933920704845815 0.03667953667953668 0.03700440528634361
107 0.222007722007722 0.5400881057268723 0.03474903474903475 0.03524229074889868