8 0.5808979246082169 0.5444491705657167 0.028377806014400677 0.038281582305401955
14 0.6359593392630242 0.749042960442365 0.018212621770436255 0.02807316035729477
201 0.7001270648030495 0.26180348787749896 0.023718763235916984 0.0327520204168439
8 0.63426514188903 0.30221182475542324 0.0241423125794155 0.03700552956188856
23 0.5707327403642524 0.301999149298171 0.024989411266412537 0.03913228413441089
225 0.5944515036001694 0.3026371756699277 0.023295213892418464 0.03530412590387069
8 0.6054637865311309 0.3964270523181625 0.03600169419737399 0.03572947681837516
77 0.7191867852604829 0.34474691620586984 0.02964845404489623 0.059974478945129736
150 0.6037695891571367 0.8000850701829009 0.028377806014400677 0.04168438962143769
14 0.6126641253706057 0.3026371756699277 0.02244811520542143 0.0327520204168439
23 0.566285472257518 0.594853253934496 0.024565861922914017 0.03360272224585283
119 0.7556120288013554 0.3032752020416844 0.0313426514188903 0.036580178647384096
212 0.6757729775518848 0.3490004253509145 0.014824227022448115 0.0301999149298171
212 0.6183820415078356 0.22586133560187155 0.023718763235916984 0.034028073160357296
8 0.6238881829733164 0.4951084644831987 0.02964845404489623 0.04423649510846449
119 0.5921219822109276 0.34729902169289667 0.03303684879288437 0.03700552956188856
186 0.5775095298602287 0.4004678860059549 0.03600169419737399 0.0327520204168439
23 0.5914866581956798 0.594853253934496 0.026683608640406607 0.03360272224585283
201 0.6941973739940703 0.3460229689493832 0.019483269800931808 0.031050616758826033
23 0.6113934773401101 0.26010208421948106 0.03515459551037696 0.036154827732879626
119 0.5739093604404913 0.7971076137813696 0.02964845404489623 0.03572947681837516
33 0.6003811944091486 0.49702254359846876 0.030072003388394747 0.04040833687792429
119 0.6308767471410419 0.39621437686091027 0.030919102075391783 0.031901318587834966
8 0.6880559085133418 0.5491280306252658 0.0241423125794155 0.04423649510846449
23 0.5709445150360016 0.6422798809017439 0.024565861922914017 0.034028073160357296
201 0.5616264294790343 0.8485750744364101 0.027107157983905124 0.03913228413441089
8 0.7297755188479458 0.30157379838366655 0.021177467174925878 0.034028073160357296
100 0.7630241423125794 0.345810293492131 0.02075391783142736 0.04253509145044662
201 0.6264294790343075 0.6969374734155679 0.028801355357899194 0.036154827732879626
119 0.6162642947903431 0.5918757975329647 0.0313426514188903 0.03530412590387069
107 0.5976281236764083 0.6412165036154828 0.0313426514188903 0.03445342407486176
225 0.5743329097839898 0.49319438536792853 0.02964845404489623 0.042960442364951085
225 0.6069462092333756 0.54381114419396 0.02795425667090216 0.038706933219906425
119 0.7289284201609487 0.21905572096980008 0.02964845404489623 0.036580178647384096
212 0.5864040660736975 0.7494683113568694 0.016518424396442185 0.038281582305401955
201 0.6609487505294367 0.3468736707783922 0.019906819144430325 0.027647809442790303
150 0.5823803473104616 0.2596767333049766 0.0338839474798814 0.0301999149298171
23 0.7424819991529013 0.3443215652913654 0.024565861922914017 0.0327520204168439
45 0.6116052520118593 0.44236495108464485 0.03727234222786954 0.034028073160357296
177 0.6461245235069886 0.22437260740110593 0.03939008894536213 0.031901318587834966
107 0.7083862770012707 0.3017864738409188 0.02075391783142736 0.029349213100808166
161 0.722575180008471 0.25882603147596767 0.027107157983905124 0.03700552956188856
119 0.5641677255400254 0.7447894512973203 0.030495552731893263 0.04423649510846449
23 0.6857263871241 0.301999149298171 0.022024565861922914 0.036580178647384096
212 0.6836086404066073 0.2562739259889409 0.011012282930961457 0.03445342407486176
8 0.6395595086827616 0.591237771161208 0.021177467174925878 0.04168438962143769
8 0.6658195679796696 0.25733730327520205 0.022871664548919948 0.03913228413441089
23 0.63426514188903 0.5444491705657167 0.03600169419737399 0.029774564015312633
14 0.5700974163490047 0.4427903019991493 0.023718763235916984 0.029774564015312633
33 0.66285472257518 0.5452998723947257 0.026260059296908087 0.04253509145044662
100 0.6738670055061414 0.22543598468736709 0.022871664548919948 0.043385793279455555
8 0.6204997882253283 0.34644831986388774 0.028801355357899194 0.03785623139089749
225 0.6101228293096146 0.7503190131858783 0.028377806014400677 0.034028073160357296
33 0.6418890300720034 0.2590387069332199 0.02583650995340957 0.038281582305401955
225 0.5563320626853028 0.5440238196512123 0.030919102075391783 0.031475967673330496
14 0.6490893689114782 0.4968098681412165 0.033460398136382886 0.036580178647384096
201 0.699703515459551 0.21990642279880904 0.023718763235916984 0.03572947681837516
107 0.590851334180432 0.22564866014461932 0.038966539601863616 0.03445342407486176
107 0.5811096992799661 0.6973628243300724 0.03473104616687844 0.03700552956188856
225 0.639135959339263 0.4447043811144194 0.02795425667090216 0.03445342407486176
119 0.6558661584074544 0.6412165036154828 0.028377806014400677 0.031050616758826033
212 0.6279119017365523 0.6388770735857082 0.02753070732740364 0.02807316035729477
14 0.6444303261329944 0.34857507443641006 0.028377806014400677 0.03700552956188856
212 0.6056755612028801 0.6971501488728201 0.012706480304955527 0.040833687792428755
186 0.6615840745446844 0.30093577201190985 0.028801355357899194 0.0327520204168439
100 0.5853451927149512 0.45129732028923863 0.020330368487928845 0.047639302424500214