225 0.6346973572037511 0.5465160075329567 0.07075873827791987 0.03239171374764595
14 0.5 0.6408662900188323 0.08951406649616368 0.035781544256120526
8 0.6308610400682012 0.4966101694915254 0.06990622335890878 0.03954802259887005
33 0.4658994032395567 0.188135593220339 0.08780903665814152 0.038041431261770245
14 0.4424552429667519 0.6836158192090396 0.10400682011935208 0.03465160075329567
212 0.38917306052855927 0.143879472693032 0.04688832054560955 0.04067796610169491
212 0.7246376811594203 0.7802259887005649 0.05285592497868713 0.03653483992467043
45 0.5115089514066496 0.40357815442561207 0.12617220801364024 0.03728813559322034
225 0.7212276214833759 0.4030131826741996 0.061381074168797956 0.03088512241054614
150 0.24680306905370844 0.35894538606403015 0.0792838874680307 0.039171374764595104
8 0.30392156862745096 0.5020715630885122 0.0741687979539642 0.03766478342749529
225 0.24978687127024723 0.5514124293785311 0.06649616368286446 0.03615819209039548
212 0.6734867860187553 0.403954802259887 0.03751065643648764 0.03954802259887005
201 0.6687979539641944 0.7789077212806026 0.06734867860187553 0.03239171374764595
23 0.29624893435635125 0.5926553672316384 0.07757885763000852 0.031261770244821095
23 0.7135549872122762 0.6387947269303201 0.08184143222506393 0.03992467043314501
225 0.782608695652174 0.7785310734463277 0.07161125319693094 0.0384180790960452
150 0.32225063938618925 0.7809792843691149 0.09548167092924126 0.04256120527306968
23 0.4352088661551577 0.7314500941619586 0.0741687979539642 0.03389830508474576
7 0.5622335890878091 0.8278719397363465 0.12190963341858482 0.04293785310734463
8 0.25021312872975277 0.6338983050847458 0.08439897698209718 0.03465160075329567
23 0.3414322250639386 0.448210922787194 0.08098891730605286 0.03389830508474576
23 0.3073316283034953 0.5485875706214689 0.0639386189258312 0.03427495291902072
120 0.6406649616368286 0.27231638418079096 0.07757885763000852 0.03766478342749529
23 0.48294970161977835 0.827683615819209 0.07587382779198636 0.04256120527306968
225 0.29752770673486784 0.8273069679849341 0.057971014492753624 0.03427495291902072
201 0.4437340153452685 0.143879472693032 0.07246376811594203 0.03766478342749529
107 0.37169650468883203 0.3069679849340866 0.10059676044330776 0.02711864406779661
212 0.21227621483375958 0.4 0.06308610400682012 0.04067796610169491
201 0.4185848252344416 0.35668549905838043 0.061381074168797956 0.0384180790960452
201 0.3554987212276215 0.40338983050847455 0.06479113384484228 0.03465160075329567
120 0.32821824381926684 0.63954802259887 0.06649616368286446 0.03615819209039548
23 0.5907928388746803 0.6853107344632768 0.06990622335890878 0.03879472693032015
77 0.6138107416879796 0.36290018832391713 0.09548167092924126 0.0583804143126177
33 0.6150895140664961 0.44934086629001885 0.08610400682011936 0.04218455743879473
212 0.7161125319693095 0.2740112994350282 0.07672634271099744 0.03728813559322034
17 0.5583972719522592 0.5028248587570622 0.11423699914748509 0.04143126177024482
119 0.6150895140664961 0.4022598870056497 0.09462915601023018 0.03992467043314501
225 0.6057118499573743 0.7753295668549905 0.07075873827791987 0.03502824858757062
119 0.4556692242114237 0.22768361581920904 0.07757885763000852 0.03427495291902072
33 0.4143222506393862 0.7796610169491526 0.08695652173913043 0.03992467043314501
33 0.650468883205456 0.31374764595103577 0.08184143222506393 0.03465160075329567
212 0.4416027280477408 0.5930320150659134 0.061381074168797956 0.03502824858757062
59 0.526001705029838 0.7318267419962335 0.1329923273657289 0.03465160075329567
119 0.5166240409207161 0.596045197740113 0.10741687979539642 0.04105461393596987
120 0.3674339300937766 0.7331450094161959 0.06479113384484228 0.03427495291902072
111 0.3554987212276215 0.2689265536723164 0.06308610400682012 0.024858757062146894
100 0.7583120204603581 0.3638418079096045 0.0639386189258312 0.036911487758945385
8 0.335464620630861 0.18681732580037663 0.09633418584825235 0.03992467043314501
8 0.6743393009377664 0.4491525423728813 0.06990622335890878 0.03653483992467043
8 0.4177323103154305 0.8717514124293785 0.06649616368286446 0.03653483992467043
225 0.43350383631713557 0.6382297551789077 0.0639386189258312 0.031261770244821095
100 0.4164535379369139 0.40376647834274954 0.06223358908780904 0.03465160075329567
107 0.2647058823529412 0.736346516007533 0.04688832054560955 0.030131826741996232
23 0.717391304347826 0.31393596986817324 0.058823529411764705 0.03352165725047081
120 0.47655583972719523 0.35630885122410544 0.08184143222506393 0.04143126177024482
201 0.3115942028985507 0.7348399246704331 0.060528559249786874 0.030131826741996232
100 0.283461210571185 0.22523540489642185 0.06564364876385337 0.03088512241054614
8 0.5630861040068201 0.6380414312617703 0.07587382779198636 0.03615819209039548
212 0.32395566922421143 0.6887005649717514 0.04774083546462063 0.03352165725047081
212 0.736999147485081 0.45216572504708097 0.06223358908780904 0.03879472693032015
8 0.7080136402387042 0.5902071563088512 0.07757885763000852 0.03615819209039548
161 0.2668371696504689 0.18700564971751413 0.06820119352088662 0.03728813559322034
8 0.2442455242966752 0.5052730696798493 0.06223358908780904 0.03502824858757062
59 0.5004262574595055 0.14425612052730696 0.04603580562659847 0.026365348399246705
77 0.6662404092071611 0.688512241054614 0.08269394714407502 0.051224105461393596
150 0.47101449275362317 0.311864406779661 0.08951406649616368 0.03540489642184557
119 0.38192668371696503 0.5022598870056497 0.0988917306052856 0.035781544256120526
161 0.18115942028985507 0.14632768361581922 0.05200341005967604 0.03427495291902072
33 0.2877237851662404 0.4032015065913371 0.09292412617220801 0.038041431261770245
161 0.7071611253196931 0.5453860640301318 0.08098891730605286 0.03615819209039548
77 0.26768968456947995 0.4529190207156309 0.07672634271099744 0.040301318267419964
225 0.5596760443307758 0.5491525423728814 0.07246376811594203 0.03314500941619586
119 0.7088661551577152 0.49943502824858754 0.08780903665814152 0.039171374764595104
8 0.2229326513213981 0.22467043314500942 0.05711849957374254 0.0327683615819209
225 0.42114236999147486 0.8303201506591337 0.061381074168797956 0.038041431261770245
8 0.4697357203751066 0.49943502824858754 0.0733162830349531 0.03239171374764595
100 0.520460358056266 0.6858757062146893 0.0639386189258312 0.03615819209039548
225 0.5426257459505541 0.448210922787194 0.06564364876385337 0.03389830508474576
119 0.2536231884057971 0.14689265536723164 0.08610400682011936 0.0384180790960452
201 0.53154305200341 0.1871939736346516 0.060528559249786874 0.03540489642184557
212 0.5502983802216539 0.7777777777777778 0.04859335038363171 0.03766478342749529
23 0.6943734015345269 0.35951035781544255 0.07075873827791987 0.03502824858757062
161 0.5362318840579711 0.35969868173258 0.08184143222506393 0.04067796610169491
119 0.5601023017902813 0.3141242937853107 0.08695652173913043 0.03540489642184557
186 0.26982097186700765 0.6883239171374764 0.06905370843989769 0.038041431261770245
186 0.6329923273657289 0.6372881355932203 0.07757885763000852 0.04067796610169491
212 0.6675191815856778 0.7310734463276836 0.059676044330775786 0.031638418079096044
23 0.7412617220801364 0.684557438794727 0.06905370843989769 0.03653483992467043
201 0.37169650468883203 0.6866290018832392 0.05456095481670929 0.03239171374764595
212 0.3908780903665814 0.1879472693032015 0.05029838022165388 0.0384180790960452
14 0.7229326513213982 0.7323917137476459 0.06990622335890878 0.0327683615819209
201 0.479539641943734 0.45141242937853104 0.0639386189258312 0.0327683615819209
201 0.6129582267689685 0.7308851224105462 0.06479113384484228 0.030508474576271188
107 0.6197783461210571 0.5926553672316384 0.11423699914748509 0.03502824858757062
120 0.21099744245524296 0.1864406779661017 0.0792838874680307 0.0384180790960452
107 0.3981244671781756 0.5497175141242938 0.12105711849957375 0.040301318267419964
23 0.4880647911338448 0.5465160075329567 0.07246376811594203 0.036911487758945385
8 0.3277919863597613 0.14613935969868172 0.07757885763000852 0.044444444444444446
107 0.5345268542199488 0.22862523540489643 0.08695652173913043 0.03389830508474576
45 0.4420289855072464 0.271939736346516 0.11167945439045183 0.03088512241054614
107 0.3388746803069054 0.35762711864406777 0.1082693947144075 0.035781544256120526
100 0.7706734867860188 0.5928436911487759 0.05285592497868713 0.03992467043314501
212 0.38235294117647056 0.6408662900188323 0.041773231031543054 0.0327683615819209
119 0.3695652173913043 0.5958568738229755 0.08951406649616368 0.03389830508474576
119 0.4143222506393862 0.4504708097928437 0.08354646206308611 0.04143126177024482
23 0.7868712702472294 0.7331450094161959 0.06820119352088662 0.032015065913371
150 0.3653026427962489 0.22768361581920904 0.09462915601023018 0.0327683615819209
8 0.49445865302642794 0.7749529190207156 0.06308610400682012 0.04105461393596987
23 0.35421994884910485 0.8269303201506591 0.060528559249786874 0.040301318267419964
107 0.5076726342710998 0.8726930320150659 0.12702472293265132 0.02937853107344633