107 0.38912799401197606 0.6635190431224426 0.011040419161676647 0.016367642429965377
23 0.6207896706586826 0.28611898016997167 0.008794910179640719 0.016997167138810197
59 0.5575411676646707 0.307837582625118 0.015157185628742516 0.018885741265344664
45 0.31502619760479045 0.6641485678312874 0.007297904191616767 0.015738117721120555
177 0.2629116766467066 0.28847969782813976 0.008982035928143714 0.01668240478438779
201 0.6520396706586826 0.6828769279194208 0.01066616766467066 0.01668240478438779
33 0.46809505988023953 0.3323890462700661 0.009169161676646708 0.01762669184765502
107 0.6002058383233533 0.369058860560277 0.008420658682634731 0.017311929493232608
107 0.8985778443113773 0.3607176581680831 0.00785928143712575 0.022033364809568776
186 0.6289296407185629 0.2872206484104501 0.00785928143712575 0.016052880075542966
23 0.4392776946107785 0.3327038086244885 0.008420658682634731 0.013849543594586088
8 0.6321107784431138 0.6605288007554296 0.01122754491017964 0.017311929493232608
59 0.10217065868263474 0.23969153289266604 0.010853293413173653 0.01668240478438779
23 0.6018899700598803 0.2872206484104501 0.008046407185628743 0.014793830657853321
8 0.360310628742515 0.6861819326408561 0.011040419161676647 0.018885741265344664
59 0.3224176646706587 0.2872206484104501 0.013847305389221558 0.017311929493232608
177 0.6211639221556886 0.3068932955618508 0.008794910179640719 0.015108593012275733
23 0.9036302395209581 0.32090022033364807 0.009356287425149701 0.018570978910922253
120 0.31165793413173654 0.6835064526282657 0.009917664670658683 0.014164305949008499
212 0.7275449101796407 0.31114258734655337 0.009730538922155689 0.017311929493232608
150 0.594872754491018 0.2872206484104501 0.005988023952095809 0.014793830657853321
8 0.37949101796407186 0.6639911866540762 0.008982035928143714 0.014164305949008499
161 0.49307634730538924 0.37016052880075545 0.006362275449101797 0.015108593012275733
7 0.29285179640718567 0.6831916902738432 0.00785928143712575 0.014164305949008499
23 0.8368263473053893 0.3273528485993075 0.008982035928143714 0.015738117721120555
8 0.6367889221556886 0.6824047843877872 0.009730538922155689 0.015738117721120555
119 0.71875 0.28769279194208375 0.010479041916167666 0.016367642429965377
107 0.7947230538922156 0.34765502045955304 0.01160179640718563 0.01794145420207743
8 0.28602170658682635 0.762669184765502 0.01066616766467066 0.015738117721120555
225 0.8448727544910181 0.32514951211835064 0.008607784431137725 0.01825621655649984
225 0.34309505988023953 0.28769279194208375 0.009169161676646708 0.016997167138810197
59 0.9179453592814372 0.28501731192949326 0.010291916167664672 0.02045955303745672
45 0.27685254491017963 0.3079949638023292 0.014034431137724552 0.014164305949008499
161 0.12135104790419163 0.26109537299339 0.009169161676646708 0.018570978910922253
107 0.8764034431137725 0.28249921309411397 0.01066616766467066 0.016052880075542966
150 0.5339633233532934 0.6968838526912181 0.011040419161676647 0.015738117721120555
111 0.5721369760479043 0.6583254642744728 0.009169161676646708 0.014793830657853321
120 0.5921594311377246 0.34907145105445386 0.008794910179640719 0.016997167138810197
225 0.2950973053892216 0.7640856153604029 0.008607784431137725 0.01794145420207743
100 0.4446107784431138 0.35442241107963485 0.007110778443113773 0.015738117721120555
23 0.25505239520958084 0.29021089077746304 0.008607784431137725 0.01825621655649984
8 0.45172155688622756 0.3526912181303116 0.008607784431137725 0.015423355366698142
201 0.8913735029940121 0.2831287378029588 0.006923652694610779 0.02045955303745672
201 0.33448727544910184 0.2872206484104501 0.008794910179640719 0.014164305949008499
14 0.830931886227545 0.3267233238904627 0.010291916167664672 0.016997167138810197
23 0.5625935628742516 0.6573811772112055 0.008046407185628743 0.014793830657853321
8 0.09187874251497007 0.23953415171545483 0.008982035928143714 0.01447906830343091
8 0.33982035928143717 0.3084671073339629 0.008607784431137725 0.016367642429965377
23 0.5552020958083833 0.3271954674220963 0.009356287425149701 0.01668240478438779
144 0.08982035928143713 0.7184450739691532 0.008607784431137725 0.017311929493232608
33 0.45162799401197606 0.31098520616934217 0.009543413173652695 0.016997167138810197
119 0.5952470059880239 0.32798237330815233 0.01160179640718563 0.016367642429965377
119 0.6613023952095809 0.7027069562480327 0.009730538922155689 0.016052880075542966
212 0.5485591317365269 0.7187598363235757 0.004303892215568862 0.017311929493232608
225 0.45228293413173654 0.37157695939565627 0.009356287425149701 0.012905256531318854
161 0.2848053892215569 0.6828769279194208 0.009730538922155689 0.016052880075542966
59 0.2907934131736527 0.7426817752596789 0.012724550898203594 0.01668240478438779
14 0.8835142215568863 0.2818696883852691 0.007297904191616767 0.015423355366698142
212 0.3004303892215569 0.37126219704123387 0.005426646706586827 0.021718602455146365
111 0.5552020958083833 0.7178155492603084 0.0074850299401197605 0.01668240478438779
201 0.610123502994012 0.3687440982058546 0.011414670658682636 0.015423355366698142
45 0.44367514970059885 0.37157695939565627 0.008607784431137725 0.012905256531318854
119 0.4353480538922156 0.35442241107963485 0.009917664670658683 0.015738117721120555
225 0.29986901197604793 0.7030217186024551 0.009917664670658683 0.015423355366698142
119 0.2691803892215569 0.330815234497954 0.011414670658682636 0.018885741265344664
8 0.13828592814371257 0.26203966005665724 0.0157185628742515 0.019200503619767075
8 0.5331212574850299 0.6778407302486622 0.009356287425149701 0.01794145420207743
107 0.8272829341317366 0.6303116147308782 0.013098802395209582 0.018570978910922253
150 0.5607223053892216 0.6778407302486622 0.011040419161676647 0.016052880075542966
177 0.5433196107784432 0.3264085615360403 0.009169161676646708 0.015738117721120555
119 0.8690119760479043 0.3042178155492603 0.010104790419161677 0.021089077746301543
225 0.8425336826347306 0.2847025495750708 0.009543413173652695 0.01794145420207743
212 0.5305950598802396 0.2865911237016053 0.005052395209580838 0.016052880075542966
14 0.5871070359281437 0.28785017311929495 0.008046407185628743 0.016052880075542966
8 0.4291729041916168 0.2927289896128423 0.009543413173652695 0.01825621655649984
119 0.5232035928143713 0.2869058860560277 0.010479041916167666 0.01668240478438779
23 0.4258046407185629 0.3550519357884797 0.009543413173652695 0.016367642429965377
23 0.11929266467065869 0.7371734340572867 0.008046407185628743 0.016997167138810197
23 0.46126497005988026 0.37094743468681146 0.008233532934131737 0.012275731822474031
59 0.1279004491017964 0.7766761095372994 0.015531437125748504 0.01668240478438779
8 0.4935441616766467 0.3306578533207428 0.008420658682634731 0.016052880075542966
45 0.8488959580838323 0.3046899590808939 0.011788922155688624 0.015738117721120555
212 0.9163547904191617 0.3434057286748505 0.0048652694610778445 0.01825621655649984
59 0.2914483532934132 0.7215926975133774 0.015157185628742516 0.014793830657853321
161 0.8510479041916168 0.28596159899276047 0.00785928143712575 0.017311929493232608
23 0.30164670658682635 0.6836638338054769 0.010479041916167666 0.016367642429965377
8 0.2753555389221557 0.6628895184135978 0.007297904191616767 0.015738117721120555
8 0.8662050898203594 0.26377085300598047 0.006362275449101797 0.016997167138810197
201 0.30772829341317365 0.3722064841045011 0.009917664670658683 0.017311929493232608
119 0.859375 0.6134718287692792 0.011040419161676647 0.02014479068303431
45 0.5363959580838323 0.6561221277935159 0.012163173652694611 0.018570978910922253
23 0.6297717065868264 0.3068932955618508 0.008794910179640719 0.016367642429965377
23 0.7558944610778443 0.28895184135977336 0.008420658682634731 0.01762669184765502
150 0.344124251497006 0.6647780925401322 0.01160179640718563 0.016997167138810197
186 0.42617889221556887 0.31444759206798867 0.008794910179640719 0.015108593012275733
8 0.8678892215568863 0.2831287378029588 0.008982035928143714 0.02045955303745672
201 0.3749064371257485 0.6847655020459553 0.008794910179640719 0.015423355366698142
119 0.611807634730539 0.28596159899276047 0.010291916167664672 0.013534781240163676
100 0.3827657185628743 0.6844507396915329 0.007672155688622755 0.01668240478438779
186 0.5377058383233533 0.2867485048788165 0.008046407185628743 0.01762669184765502
23 0.3997941616766467 0.6632042807680202 0.01066616766467066 0.016997167138810197
212 0.3101609281437126 0.3289266603714196 0.009543413173652695 0.01762669184765502
14 0.6378181137724551 0.3065785332074284 0.009169161676646708 0.016997167138810197
201 0.11339820359281438 0.26078061063896757 0.00785928143712575 0.016052880075542966
77 0.26422155688622756 0.34938621340887627 0.012724550898203594 0.02392193893610324
161 0.31109655688622756 0.2862763613471829 0.008420658682634731 0.01668240478438779
8 0.9072791916167665 0.3652817123072081 0.009917664670658683 0.013534781240163676
201 0.7412986526946108 0.3317595215612213 0.011040419161676647 0.01762669184765502
8 0.4781062874251497 0.35143216871262195 0.009356287425149701 0.015423355366698142
8 0.09543413173652696 0.7385898646521876 0.00785928143712575 0.01668240478438779
8 0.8832335329341318 0.2615675165250236 0.008233532934131737 0.01762669184765502
107 0.3065119760479042 0.6625747560591753 0.009356287425149701 0.01447906830343091
120 0.28340194610778446 0.663833805476865 0.007297904191616767 0.015738117721120555
212 0.8753742514970061 0.26109537299339 0.009356287425149701 0.013534781240163676
8 0.47707709580838326 0.3316021403840101 0.008794910179640719 0.016052880075542966
120 0.5412612275449102 0.6770538243626062 0.008794910179640719 0.016367642429965377
8 0.6048839820359282 0.32530689329556184 0.009169161676646708 0.014164305949008499
14 0.5544535928143713 0.657695939565628 0.008607784431137725 0.01668240478438779
212 0.8357035928143713 0.28611898016997167 0.005239520958083833 0.016367642429965377
7 0.4609842814371258 0.35332074283915643 0.010291916167664672 0.016052880075542966
201 0.485872005988024 0.37094743468681146 0.007672155688622755 0.012275731822474031
161 0.2912612275449102 0.3287692791942084 0.008420658682634731 0.018570978910922253
201 0.8037986526946108 0.34702549575070823 0.008794910179640719 0.014164305949008499
225 0.29977544910179643 0.3295561850802644 0.009730538922155689 0.01762669184765502
150 0.7485965568862276 0.3120868744098206 0.009543413173652695 0.018570978910922253
33 0.2475673652694611 0.29084041548630785 0.0074850299401197605 0.015108593012275733
8 0.6516654191616766 0.7019200503619767 0.010291916167664672 0.015108593012275733
14 0.485310628742515 0.330815234497954 0.008420658682634731 0.016367642429965377
212 0.8915606287425151 0.3023292414227258 0.005426646706586827 0.016052880075542966
212 0.9142028443113773 0.364494806421152 0.005426646706586827 0.015108593012275733
7 0.7283869760479043 0.28863707900535096 0.008420658682634731 0.01762669184765502
8 0.8509543413173654 0.6339313818067359 0.009169161676646708 0.02014479068303431
8 0.5413547904191617 0.7178155492603084 0.009730538922155689 0.01794145420207743
201 0.6463323353293413 0.306263770853006 0.0074850299401197605 0.015108593012275733
150 0.281437125748503 0.3290840415486308 0.009730538922155689 0.017311929493232608
212 0.9186002994011977 0.3037456720176267 0.00561377245508982 0.016997167138810197
186 0.42084580838323354 0.29367327667610954 0.006736526946107785 0.01762669184765502
14 0.40241392215568866 0.6836638338054769 0.009169161676646708 0.015738117721120555
150 0.6738398203592815 0.6647780925401322 0.01160179640718563 0.016367642429965377
119 0.2560815868263473 0.3095687755744413 0.009543413173652695 0.015423355366698142
225 0.2884543413173653 0.3075228202706956 0.007672155688622755 0.01762669184765502
59 0.860684880239521 0.6350330500472143 0.013660179640718563 0.01668240478438779
23 0.29023203592814373 0.6636764242996538 0.007110778443113773 0.013534781240163676
119 0.641373502994012 0.7030217186024551 0.010291916167664672 0.016052880075542966
150 0.4571482035928144 0.3322316650928549 0.010853293413173653 0.017311929493232608
107 0.3598428143712575 0.28910922253698457 0.009730538922155689 0.019200503619767075
120 0.8895958083832336 0.26093799181617877 0.00785928143712575 0.021403840100723954
33 0.11031062874251497 0.7384324834749764 0.009169161676646708 0.01825621655649984
45 0.11414670658682635 0.776361347182877 0.014221556886227546 0.01794145420207743
59 0.546687874251497 0.6984576644633301 0.012911676646706588 0.01762669184765502
23 0.2727357784431138 0.2869058860560277 0.009169161676646708 0.01668240478438779
150 0.4607035928143713 0.3098835379288637 0.009356287425149701 0.018570978910922253
59 0.9098989520958084 0.3034309096632043 0.011788922155688624 0.016367642429965377
201 0.8518899700598803 0.26597418948693735 0.008046407185628743 0.016367642429965377
23 0.6054453592814372 0.3067359143846396 0.009169161676646708 0.01668240478438779
8 0.5604416167664671 0.71671388101983 0.010104790419161677 0.015108593012275733
120 0.8982035928143713 0.26093799181617877 0.009356287425149701 0.0226628895184136
100 0.46931137724550903 0.37110481586402266 0.008982035928143714 0.012590494176896443
100 0.8373877245508983 0.631728045325779 0.005239520958083833 0.019515265974189486
150 0.831680389221557 0.26534466477809254 0.011788922155688624 0.021403840100723954
45 0.9106474550898204 0.26172489770223484 0.015157185628742516 0.018570978910922253
212 0.280875748502994 0.35143216871262195 0.0048652694610778445 0.019200503619767075
212 0.10245134730538923 0.7378029587661316 0.005800898203592815 0.02014479068303431
107 0.7310067365269461 0.3320742839156437 0.009543413173652695 0.016997167138810197
23 0.9084019461077845 0.284073024866226 0.008046407185628743 0.018570978910922253
225 0.9205651197604791 0.3652817123072081 0.007672155688622755 0.017311929493232608
150 0.29303892215568866 0.2873780295876613 0.010104790419161677 0.01825621655649984
150 0.6378181137724551 0.28517469310670446 0.009169161676646708 0.015108593012275733
119 0.1469872754491018 0.7776203966005666 0.010291916167664672 0.019200503619767075
111 0.36564371257485034 0.6860245514636449 0.008607784431137725 0.019200503619767075
161 0.5834580838323353 0.34828454516839785 0.008982035928143714 0.017311929493232608
150 0.9019461077844312 0.34198929807994966 0.010104790419161677 0.018570978910922253
100 0.8863211077844312 0.30295876613157063 0.005800898203592815 0.017311929493232608
8 0.3038922155688623 0.7640856153604029 0.009730538922155689 0.016052880075542966
33 0.859000748502994 0.26440037771482533 0.009917664670658683 0.016997167138810197
225 0.842814371257485 0.2669184765502046 0.010479041916167666 0.019515265974189486
23 0.10132859281437126 0.6986150456405413 0.009169161676646708 0.01668240478438779
33 0.532372754491018 0.7176581680830972 0.009356287425149701 0.018885741265344664
177 0.3059505988023952 0.3086244885111741 0.010853293413173653 0.01794145420207743
100 0.6405314371257486 0.6610009442870632 0.00785928143712575 0.01762669184765502
23 0.09796032934131738 0.7186024551463644 0.008794910179640719 0.016997167138810197
23 0.43431886227544914 0.31334592382751025 0.008607784431137725 0.016052880075542966
8 0.2660928143712575 0.3092540132200189 0.008607784431137725 0.016052880075542966
23 0.09187874251497007 0.6975133774000629 0.008233532934131737 0.016997167138810197
23 0.5345247005988024 0.3068932955618508 0.012911676646706588 0.015108593012275733
8 0.737181886227545 0.28863707900535096 0.009543413173652695 0.01825621655649984
201 0.8719124251497007 0.6356625747560591 0.009543413173652695 0.016052880075542966
23 0.4779191616766467 0.37110481586402266 0.0074850299401197605 0.013220018885741265
120 0.32045284431137727 0.30815234497954047 0.009917664670658683 0.01762669184765502
212 0.314184131736527 0.307837582625118 0.004491017964071857 0.01762669184765502
59 0.7383982035928144 0.31114258734655337 0.01122754491017964 0.016052880075542966
7 0.29762350299401197 0.6633616619452314 0.008420658682634731 0.013534781240163676
212 0.5354603293413174 0.32609379918161785 0.004678143712574851 0.01825621655649984
23 0.90999251497006 0.3434057286748505 0.0074850299401197605 0.016367642429965377
212 0.6602732035928144 0.6831916902738432 0.005052395209580838 0.01794145420207743
150 0.3920284431137725 0.6842933585143217 0.009356287425149701 0.016367642429965377
161 0.3504865269461078 0.28832231665092856 0.00785928143712575 0.018885741265344664
23 0.30885104790419166 0.7038086244885111 0.009169161676646708 0.01447906830343091
120 0.9000748502994013 0.28281397544853637 0.008982035928143714 0.01794145420207743
45 0.423372005988024 0.3339628580421782 0.01066616766467066 0.015738117721120555
7 0.094124251497006 0.6781554926030847 0.008607784431137725 0.015423355366698142
23 0.5287238023952097 0.32451998740950583 0.008794910179640719 0.01762669184765502
8 0.30211452095808383 0.7434686811457349 0.011040419161676647 0.015738117721120555
225 0.5480913173652695 0.6581680830972616 0.008982035928143714 0.015108593012275733
150 0.33074476047904194 0.3089392508655965 0.009543413173652695 0.01794145420207743
225 0.1279940119760479 0.737330815234498 0.009730538922155689 0.016052880075542966
120 0.812125748502994 0.34734025810513064 0.010853293413173653 0.016052880075542966
212 0.08551646706586827 0.6772112055398174 0.009356287425149701 0.014793830657853321
23 0.1128368263473054 0.23953415171545483 0.008982035928143714 0.015738117721120555
161 0.609187874251497 0.34922883223166507 0.008794910179640719 0.01794145420207743
161 0.10254491017964072 0.6779981114258734 0.008607784431137725 0.01825621655649984
23 0.470247005988024 0.35316336166194523 0.00785928143712575 0.016997167138810197
119 0.08804266467065869 0.738117721120554 0.006923652694610779 0.016997167138810197
119 0.29229041916167664 0.37126219704123387 0.012350299401197605 0.017311929493232608
212 0.4317926646706587 0.3327038086244885 0.006923652694610779 0.018885741265344664
107 0.5950598802395209 0.3067359143846396 0.008982035928143714 0.012275731822474031
212 0.3040793413173653 0.7219074598677998 0.010853293413173653 0.014793830657853321
107 0.37013473053892215 0.6641485678312874 0.009356287425149701 0.015738117721120555
120 0.5699850299401198 0.6775259678942398 0.00785928143712575 0.01668240478438779
201 0.6492327844311377 0.6627321372363866 0.009917664670658683 0.014793830657853321
119 0.6361339820359282 0.3264085615360403 0.010291916167664672 0.015738117721120555
119 0.2890157185628743 0.35080264400377714 0.011414670658682636 0.01668240478438779
212 0.3634917664670659 0.6644633301857098 0.009169161676646708 0.015738117721120555
23 0.8599363772455091 0.3040604343720491 0.008046407185628743 0.019515265974189486
100 0.12902320359281438 0.26078061063896757 0.004678143712574851 0.018570978910922253
8 0.2967814371257485 0.3087818696883853 0.008607784431137725 0.01762669184765502
8 0.27385853293413176 0.35158954988983315 0.008420658682634731 0.018885741265344664
23 0.7096744011976048 0.2873780295876613 0.007672155688622755 0.015108593012275733
107 0.10404191616766467 0.26078061063896757 0.009730538922155689 0.01668240478438779
201 0.2906998502994012 0.7028643374252439 0.009169161676646708 0.01447906830343091
177 0.6642964071856288 0.6632042807680202 0.01122754491017964 0.016367642429965377
119 0.35413547904191617 0.6647780925401322 0.008794910179640719 0.01762669184765502
120 0.550243263473054 0.6784702549575071 0.008046407185628743 0.015423355366698142
9 0.4473241017964072 0.3327038086244885 0.008046407185628743 0.016997167138810197
212 0.593562874251497 0.3689014793830658 0.01122754491017964 0.015738117721120555
107 0.6156437125748503 0.3262511803588291 0.01160179640718563 0.015423355366698142
33 0.7465381736526947 0.28926660371419577 0.010291916167664672 0.016997167138810197
150 0.5582896706586826 0.6973559962228517 0.009917664670658683 0.015423355366698142
225 0.6132110778443114 0.3076802014479068 0.0074850299401197605 0.014793830657853321
186 0.858813622754491 0.2842304060434372 0.007297904191616767 0.016367642429965377
161 0.9149513473053893 0.32326093799181616 0.010291916167664672 0.02077431539187913
107 0.4884917664670659 0.35174693106704435 0.013285928143712575 0.018570978910922253
212 0.6442739520958084 0.6824047843877872 0.005239520958083833 0.016997167138810197
212 0.843375748502994 0.6331444759206799 0.005988023952095809 0.019830028328611898
8 0.878368263473054 0.302486622599937 0.008607784431137725 0.01762669184765502
225 0.9224363772455091 0.3432483474976393 0.007297904191616767 0.017311929493232608
7 0.8996070359281437 0.3015423355366698 0.009543413173652695 0.01825621655649984
201 0.5787799401197605 0.677683349071451 0.009730538922155689 0.015108593012275733
23 0.29940119760479045 0.3497009757632987 0.008982035928143714 0.016367642429965377
23 0.6005800898203593 0.34844192634560905 0.008046407185628743 0.015738117721120555
119 0.546126497005988 0.3068932955618508 0.009169161676646708 0.016367642429965377
225 0.4428330838323354 0.3122442555870318 0.007297904191616767 0.015108593012275733
119 0.34889595808383234 0.6844507396915329 0.01066616766467066 0.013534781240163676
186 0.3029565868263473 0.28769279194208375 0.010104790419161677 0.01762669184765502
23 0.1385666167664671 0.7762039660056658 0.009917664670658683 0.01825621655649984
212 0.656624251497006 0.663833805476865 0.0048652694610778445 0.015108593012275733
14 0.3107223053892216 0.35001573811772113 0.012911676646706588 0.01762669184765502