201 0.9157934131736527 0.4651381909547739 0.009730538922155689 0.013190954773869347
8 0.6148016467065869 0.3902324120603015 0.008046407185628743 0.01727386934673367
225 0.874251497005988 0.5067525125628141 0.007110778443113773 0.014761306532663316
8 0.7296968562874252 0.4781721105527638 0.007297904191616767 0.017902010050251257
201 0.3199850299401198 0.6460427135678392 0.008982035928143714 0.017587939698492462
212 0.43347679640718567 0.664572864321608 0.011414670658682636 0.017587939698492462
45 0.38987649700598803 0.4431532663316583 0.015157185628742516 0.01884422110552764
14 0.4041916167664671 0.4632537688442211 0.010853293413173653 0.01884422110552764
177 0.5749438622754491 0.5785175879396985 0.009917664670658683 0.014447236180904523
120 0.8860404191616768 0.48696608040201006 0.010853293413173653 0.017902010050251257
7 0.2598241017964072 0.4524183417085427 0.010291916167664672 0.019158291457286432
225 0.3142776946107785 0.6253140703517588 0.008420658682634731 0.015703517587939697
150 0.921313622754491 0.6667713567839196 0.01066616766467066 0.01821608040201005
212 0.5994573353293413 0.6176193467336684 0.006549401197604791 0.014761306532663316
14 0.09973802395209581 0.5634422110552764 0.01122754491017964 0.016331658291457288
212 0.21201347305389223 0.6496545226130653 0.0048652694610778445 0.015389447236180905
119 0.4607035928143713 0.4607412060301508 0.009356287425149701 0.0207286432160804
119 0.33065119760479045 0.2091708542713568 0.013098802395209582 0.01821608040201005
45 0.737743263473054 0.5186871859296482 0.012911676646706588 0.01664572864321608
150 0.36162050898203596 0.543498743718593 0.011040419161676647 0.021042713567839197
23 0.11461452095808385 0.3853643216080402 0.005426646706586827 0.01884422110552764
14 0.13220434131736528 0.6094535175879398 0.009169161676646708 0.01978643216080402
186 0.172623502994012 0.6085113065326633 0.01066616766467066 0.017902010050251257
45 0.7414857784431138 0.5 0.013660179640718563 0.014447236180904523
161 0.7889221556886228 0.39714195979899497 0.008233532934131737 0.016017587939698492
212 0.22370883233532934 0.5918655778894473 0.005800898203592815 0.017902010050251257
201 0.33065119760479045 0.6260992462311558 0.007110778443113773 0.015389447236180905
161 0.9159805389221557 0.6264133165829145 0.008607784431137725 0.017902010050251257
7 0.7835890718562875 0.37751256281407036 0.008794910179640719 0.013819095477386936
177 0.2314745508982036 0.6129082914572864 0.009730538922155689 0.02229899497487437
23 0.12462574850299402 0.6075690954773869 0.009356287425149701 0.017902010050251257
7 0.1944236526946108 0.2891017587939699 0.009356287425149701 0.019158291457286432
23 0.35469685628742514 0.5026695979899497 0.008046407185628743 0.017902010050251257
33 0.22314745508982037 0.49089195979899497 0.010291916167664672 0.02135678391959799
7 0.329622005988024 0.6053706030150754 0.008046407185628743 0.015389447236180905
212 0.9107410179640719 0.4855527638190955 0.006362275449101797 0.017587939698492462
225 0.4663173652694611 0.5020414572864321 0.006736526946107785 0.014133165829145729
119 0.2352170658682635 0.5521356783919598 0.01122754491017964 0.020100502512562814
119 0.6435254491017964 0.4945037688442211 0.010104790419161677 0.016017587939698492
107 0.8532934131736527 0.5483668341708543 0.01160179640718563 0.013190954773869347
14 0.8041729041916168 0.6653580402010051 0.01066616766467066 0.01727386934673367
100 0.750374251497006 0.6206030150753769 0.007110778443113773 0.017587939698492462
100 0.2637537425149701 0.4117462311557789 0.006549401197604791 0.01884422110552764
8 0.6538173652694611 0.4938756281407035 0.009730538922155689 0.014133165829145729
77 0.6755239520958084 0.49261934673366836 0.01122754491017964 0.029836683417085428
225 0.6762724550898204 0.5331344221105527 0.0074850299401197605 0.014761306532663316
201 0.20471556886227546 0.5513505025125628 0.008982035928143714 0.01727386934673367
14 0.3668600299401198 0.4009108040201005 0.010291916167664672 0.019158291457286432
119 0.6476422155688624 0.5755339195979899 0.010853293413173653 0.01664572864321608
119 0.24345059880239522 0.4098618090452261 0.010853293413173653 0.017587939698492462
23 0.859000748502994 0.5070665829145728 0.008046407185628743 0.01664572864321608
225 0.7899513473053893 0.5018844221105527 0.007672155688622755 0.014447236180904523
59 0.3224176646706587 0.22817211055276382 0.013098802395209582 0.01664572864321608
14 0.4357223053892216 0.6069409547738693 0.008420658682634731 0.018530150753768845
119 0.8059505988023953 0.6245288944723618 0.012350299401197605 0.016017587939698492
150 0.3672342814371258 0.6670854271356784 0.009917664670658683 0.019472361809045227
225 0.2160366766467066 0.5920226130653267 0.009169161676646708 0.01821608040201005
23 0.36966691616766467 0.6064698492462312 0.006549401197604791 0.016331658291457288
59 0.38575973053892215 0.4233668341708543 0.011040419161676647 0.017587939698492462
107 0.38529191616766467 0.4013819095477387 0.013098802395209582 0.016959798994974875
201 0.5867327844311377 0.6575062814070352 0.009543413173652695 0.014761306532663316
212 0.8808944610778444 0.5070665829145728 0.005426646706586827 0.015389447236180905
161 0.33682634730538924 0.6452575376884422 0.009730538922155689 0.019158291457286432
212 0.6499812874251497 0.5543341708542714 0.005426646706586827 0.015703517587939697
33 0.7592627245508983 0.4371859296482412 0.009543413173652695 0.016959798994974875
119 0.344498502994012 0.5010992462311558 0.01160179640718563 0.017902010050251257
225 0.6555950598802396 0.38960427135678394 0.007672155688622755 0.014761306532663316
100 0.845247005988024 0.5888819095477387 0.007110778443113773 0.014447236180904523
23 0.8338323353293414 0.6314384422110553 0.008607784431137725 0.015389447236180905
14 0.3941803892215569 0.5456972361809045 0.010291916167664672 0.018530150753768845
8 0.3848241017964072 0.46152638190954776 0.008420658682634731 0.017902010050251257
177 0.7449476047904192 0.478643216080402 0.009730538922155689 0.016331658291457288
201 0.8102544910179641 0.22079145728643215 0.010104790419161677 0.019472361809045227
23 0.8799588323353293 0.6502826633165829 0.009169161676646708 0.016017587939698492
100 0.35226422155688625 0.5425565326633166 0.006549401197604791 0.01727386934673367
59 0.8473989520958084 0.6515389447236181 0.01440868263473054 0.016017587939698492
8 0.14586452095808383 0.6304962311557789 0.008046407185628743 0.018530150753768845
14 0.3436564371257485 0.5425565326633166 0.01066616766467066 0.018530150753768845
119 0.6322043413173654 0.5555904522613065 0.011414670658682636 0.016331658291457288
212 0.1158308383233533 0.5667399497487438 0.0033682634730538923 0.015389447236180905
212 0.12733907185628743 0.6490263819095478 0.005800898203592815 0.02292713567839196
119 0.30875748502994016 0.6653580402010051 0.009730538922155689 0.02229899497487437
107 0.4032559880239521 0.6267273869346733 0.010853293413173653 0.017902010050251257
23 0.6005800898203593 0.5566896984924623 0.008794910179640719 0.016017587939698492
59 0.109375 0.6474560301507538 0.012911676646706588 0.018530150753768845
23 0.640250748502994 0.3907035175879397 0.007297904191616767 0.016331658291457288
7 0.7737649700598803 0.6438442211055276 0.009730538922155689 0.014447236180904523
23 0.2412050898203593 0.45131909547738697 0.00785928143712575 0.01884422110552764
8 0.6807634730538923 0.2867462311557789 0.010104790419161677 0.02198492462311558
161 0.25187125748503 0.4919912060301508 0.009730538922155689 0.017902010050251257
225 0.13370134730538924 0.6498115577889447 0.008046407185628743 0.01884422110552764
150 0.7695546407185629 0.480213567839196 0.011788922155688624 0.016331658291457288
212 0.2558008982035928 0.5537060301507538 0.006736526946107785 0.02198492462311558
14 0.1570920658682635 0.21058417085427136 0.011414670658682636 0.021042713567839197
45 0.27020958083832336 0.4747173366834171 0.014221556886227546 0.018530150753768845
186 0.37425149700598803 0.5233982412060302 0.008982035928143714 0.019158291457286432
100 0.7602919161676647 0.5392587939698492 0.00785928143712575 0.01821608040201005
186 0.33102544910179643 0.24764447236180906 0.014595808383233533 0.01727386934673367
119 0.21500748502994013 0.6317525125628141 0.009356287425149701 0.014761306532663316
59 0.8663922155688624 0.48728015075376885 0.014221556886227546 0.018530150753768845
107 0.5817739520958084 0.5965766331658292 0.009356287425149701 0.015389447236180905
212 0.6523203592814372 0.4100188442211055 0.00561377245508982 0.016017587939698492
212 0.2534618263473054 0.3687185929648241 0.006549401197604791 0.019472361809045227
23 0.800243263473054 0.5648555276381909 0.007297904191616767 0.015389447236180905
8 0.14287050898203593 0.5683103015075377 0.009543413173652695 0.02041457286432161
14 0.21528817365269462 0.6107097989949749 0.009917664670658683 0.019158291457286432
8 0.6207896706586826 0.5766331658291457 0.009169161676646708 0.013190954773869347
8 0.5923465568862276 0.5975188442211056 0.007297904191616767 0.014761306532663316
8 0.6632672155688624 0.43059045226130654 0.007672155688622755 0.016331658291457288
8 0.8873502994011977 0.40326633165829145 0.009730538922155689 0.014447236180904523
107 0.3106287425149701 0.5835427135678392 0.01160179640718563 0.01821608040201005
23 0.44217814371257486 0.21341080402010051 0.008982035928143714 0.021042713567839197
186 0.34253368263473055 0.21027010050251257 0.01066616766467066 0.018530150753768845
23 0.6326721556886228 0.4112751256281407 0.008607784431137725 0.01350502512562814
23 0.5566055389221557 0.6191896984924623 0.007672155688622755 0.01350502512562814
8 0.8784618263473054 0.40279522613065327 0.008420658682634731 0.01664572864321608
119 0.8691055389221557 0.6501256281407035 0.011040419161676647 0.017587939698492462
201 0.7273577844311377 0.5403580402010051 0.009356287425149701 0.01350502512562814
212 0.21510104790419163 0.510678391959799 0.006549401197604791 0.019472361809045227
150 0.17365269461077845 0.5895100502512562 0.011976047904191617 0.020100502512562814
59 0.9033495508982037 0.46608040201005024 0.013660179640718563 0.01507537688442211
8 0.6168600299401198 0.635678391959799 0.01066616766467066 0.013819095477386936
8 0.6696294910179641 0.47110552763819097 0.009169161676646708 0.01507537688442211
119 0.2500935628742515 0.45069095477386933 0.01066616766467066 0.020100502512562814
150 0.858626497005988 0.5270100502512562 0.01066616766467066 0.015703517587939697
45 0.7708645209580839 0.4370288944723618 0.01440868263473054 0.015389447236180905
201 0.8358907185628743 0.6510678391959799 0.009356287425149701 0.016331658291457288
161 0.09534056886227546 0.6265703517587939 0.01066616766467066 0.02135678391959799
161 0.4199101796407186 0.6083542713567839 0.009356287425149701 0.01821608040201005
8 0.17992140718562874 0.5695665829145728 0.009543413173652695 0.019158291457286432
23 0.1910553892215569 0.6504396984924623 0.010104790419161677 0.020100502512562814
8 0.344872754491018 0.5851130653266332 0.009730538922155689 0.016959798994974875
14 0.8914670658682635 0.6705402010050251 0.009356287425149701 0.01821608040201005
100 0.39530314371257486 0.4026381909547739 0.007297904191616767 0.019472361809045227
14 0.7482223053892216 0.39525753768844224 0.008046407185628743 0.014761306532663316
45 0.27217440119760483 0.4946608040201005 0.011040419161676647 0.016959798994974875
201 0.39698727544910184 0.42430904522613067 0.008046407185628743 0.016331658291457288
161 0.3009917664670659 0.604428391959799 0.008420658682634731 0.018530150753768845
201 0.9057821856287426 0.3842650753768844 0.008046407185628743 0.01664572864321608
186 0.688248502994012 0.26444723618090454 0.01160179640718563 0.017587939698492462
119 0.2637537425149701 0.53125 0.012911676646706588 0.018530150753768845
119 0.34253368263473055 0.522141959798995 0.010291916167664672 0.018530150753768845
201 0.6191991017964072 0.4954459798994975 0.008982035928143714 0.014133165829145729
14 0.24055014970059882 0.5310929648241206 0.009543413173652695 0.020100502512562814
8 0.9011976047904192 0.4439384422110553 0.009356287425149701 0.014133165829145729
8 0.10432260479041917 0.5045540201005025 0.009917664670658683 0.019158291457286432
150 0.7918226047904192 0.41896984924623115 0.009917664670658683 0.01507537688442211
186 0.406998502994012 0.5051821608040201 0.009356287425149701 0.014133165829145729
212 0.6607410179640719 0.636463567839196 0.0048652694610778445 0.01727386934673367
201 0.2195920658682635 0.4084484924623116 0.008420658682634731 0.017902010050251257
186 0.297810628742515 0.2284861809045226 0.011414670658682636 0.018530150753768845
23 0.32877994011976047 0.5425565326633166 0.0074850299401197605 0.011620603015075377
59 0.8243824850299402 0.6304962311557789 0.01066616766467066 0.015389447236180905
119 0.8481474550898204 0.22000628140703518 0.009543413173652695 0.021042713567839197
107 0.565494011976048 0.6794912060301508 0.010479041916167666 0.015389447236180905
212 0.7355913173652695 0.5381595477386935 0.0048652694610778445 0.01350502512562814
201 0.8291541916167665 0.219535175879397 0.008982035928143714 0.016331658291457288
23 0.1845995508982036 0.291143216080402 0.009169161676646708 0.017587939698492462
201 0.2010666167664671 0.5296796482412061 0.011414670658682636 0.018530150753768845
23 0.20059880239520958 0.5917085427135679 0.008982035928143714 0.020100502512562814
201 0.3979229041916168 0.5874685929648241 0.008794910179640719 0.01727386934673367
212 0.7426085329341318 0.6631595477386935 0.003929640718562875 0.01664572864321608
212 0.5722305389221557 0.6573492462311558 0.004491017964071857 0.014447236180904523
14 0.8850112275449102 0.5687814070351759 0.009543413173652695 0.01507537688442211
225 0.8884730538922156 0.6509108040201005 0.008607784431137725 0.016017587939698492
144 0.33270958083832336 0.6653580402010051 0.0074850299401197605 0.017902010050251257
107 0.6087200598802396 0.4960741206030151 0.012724550898203594 0.016017587939698492
45 0.7454154191616766 0.41472989949748745 0.009169161676646708 0.015389447236180905
14 0.7917290419161677 0.5207286432160804 0.010104790419161677 0.015703517587939697
23 0.5952470059880239 0.6785489949748744 0.008233532934131737 0.014761306532663316
212 0.6482971556886228 0.43090452261306533 0.005052395209580838 0.017587939698492462
201 0.6517589820359282 0.5141331658291457 0.009730538922155689 0.01256281407035176
225 0.6755239520958084 0.635678391959799 0.0074850299401197605 0.016959798994974875
23 0.3843562874251497 0.5246545226130653 0.009356287425149701 0.01978643216080402
177 0.8078218562874252 0.5654836683417086 0.008233532934131737 0.016017587939698492
119 0.8529191616766467 0.5701947236180904 0.010853293413173653 0.014761306532663316
212 0.360497754491018 0.5009422110552764 0.004303892215568862 0.01821608040201005
177 0.6567178143712575 0.614321608040201 0.010291916167664672 0.016331658291457288
8 0.767870508982036 0.5405150753768845 0.008794910179640719 0.013819095477386936
8 0.5762537425149701 0.679177135678392 0.009917664670658683 0.016017587939698492
212 0.688061377245509 0.28815954773869346 0.0037425149700598802 0.024811557788944723
212 0.2352170658682635 0.4510050251256281 0.0048652694610778445 0.019472361809045227
201 0.8837013473053893 0.5885678391959799 0.008420658682634731 0.013190954773869347
8 0.20555763473053892 0.6315954773869347 0.008046407185628743 0.019472361809045227
8 0.657747005988024 0.5753768844221105 0.008982035928143714 0.015703517587939697
201 0.8528255988023953 0.5899811557788944 0.008420658682634731 0.01350502512562814
8 0.6166729041916168 0.5565326633165829 0.009543413173652695 0.01507537688442211
119 0.23334580838323354 0.5910804020100503 0.011976047904191617 0.019472361809045227
225 0.659244011976048 0.4098618090452261 0.008233532934131737 0.014447236180904523
212 0.6006736526946108 0.5356469849246231 0.005239520958083833 0.016017587939698492
107 0.642683383233533 0.4112751256281407 0.012537425149700599 0.014761306532663316
45 0.9268338323353293 0.4643530150753769 0.01347305389221557 0.016017587939698492
119 0.13220434131736528 0.5684673366834171 0.012911676646706588 0.020100502512562814
212 0.36760853293413176 0.5634422110552764 0.004303892215568862 0.01884422110552764
225 0.8668600299401198 0.5069095477386935 0.008420658682634731 0.015703517587939697
33 0.7737649700598803 0.5018844221105527 0.009730538922155689 0.015703517587939697
107 0.14287050898203593 0.5906092964824121 0.012163173652694611 0.017902010050251257
201 0.3762163173652695 0.503140703517588 0.008046407185628743 0.016331658291457288
14 0.12359655688622755 0.5251256281407035 0.01066616766467066 0.01884422110552764
59 0.3575973053892216 0.48272613065326636 0.01347305389221557 0.016331658291457288
14 0.3377619760479042 0.5841708542713568 0.010479041916167666 0.016959798994974875
120 0.640999251497006 0.4321608040201005 0.008794910179640719 0.01507537688442211
119 0.44348802395209586 0.6270414572864321 0.010853293413173653 0.02041457286432161
201 0.8854790419161677 0.42493718592964824 0.008607784431137725 0.015703517587939697
161 0.11480164670658684 0.5259108040201005 0.009543413173652695 0.018530150753768845
23 0.37967814371257486 0.5849560301507538 0.009730538922155689 0.018530150753768845
7 0.34908308383233533 0.6650439698492462 0.007672155688622755 0.01727386934673367
201 0.10722305389221558 0.4847675879396985 0.010479041916167666 0.01727386934673367
23 0.13313997005988024 0.5893530150753769 0.007672155688622755 0.021670854271356784
8 0.642870508982036 0.5951633165829145 0.008420658682634731 0.015703517587939697
23 0.7241766467065869 0.6008165829145728 0.00785928143712575 0.011306532663316583
45 0.33860404191616766 0.5640703517587939 0.011788922155688624 0.014447236180904523
212 0.736994760479042 0.4792713567839196 0.005800898203592815 0.016331658291457288
225 0.6049775449101796 0.5771042713567839 0.00785928143712575 0.015389447236180905
100 0.7344685628742516 0.5793027638190955 0.007110778443113773 0.014761306532663316
8 0.609375 0.4332600502512563 0.008046407185628743 0.01664572864321608
161 0.11835703592814371 0.5463253768844221 0.011040419161676647 0.019158291457286432
23 0.8775261976047904 0.48665201005025127 0.008794910179640719 0.016017587939698492
225 0.8767776946107785 0.5266959798994975 0.007672155688622755 0.014447236180904523
201 0.5568862275449102 0.6589195979899498 0.009356287425149701 0.01507537688442211
23 0.09889595808383234 0.5865263819095478 0.008046407185628743 0.019158291457286432
14 0.720434131736527 0.6424309045226131 0.010853293413173653 0.016017587939698492
119 0.8220434131736527 0.6688128140703518 0.01160179640718563 0.014761306532663316
14 0.19891467065868265 0.6509108040201005 0.010853293413173653 0.021042713567839197
23 0.6153630239520959 0.5356469849246231 0.007297904191616767 0.014133165829145729
201 0.8730351796407186 0.5474246231155779 0.008794910179640719 0.013819095477386936
119 0.3785553892215569 0.6664572864321608 0.01122754491017964 0.020100502512562814
111 0.5789670658682635 0.6581344221105527 0.008982035928143714 0.016017587939698492
119 0.6325785928143713 0.676821608040201 0.011040419161676647 0.01507537688442211
119 0.3842627245508982 0.5455402010050251 0.010291916167664672 0.01884422110552764
119 0.563622754491018 0.5983040201005025 0.008982035928143714 0.015703517587939697
120 0.328686377245509 0.644786432160804 0.008420658682634731 0.016959798994974875
212 0.796313622754491 0.48115577889447236 0.004678143712574851 0.015703517587939697
107 0.8652694610778444 0.5684673366834171 0.012724550898203594 0.015703517587939697
201 0.32073353293413176 0.563285175879397 0.009730538922155689 0.01727386934673367
8 0.3611526946107785 0.647141959798995 0.006736526946107785 0.01978643216080402
33 0.9064371257485031 0.40483668341708545 0.010853293413173653 0.016331658291457288
186 0.7257672155688624 0.5592022613065327 0.011040419161676647 0.018530150753768845
23 0.3253181137724551 0.6653580402010051 0.008794910179640719 0.01978643216080402
23 0.37163173652694614 0.3804962311557789 0.010479041916167666 0.018530150753768845
212 0.7915419161676647 0.6025439698492462 0.006736526946107785 0.014761306532663316
150 0.6159244011976048 0.6154208542713568 0.009917664670658683 0.014133165829145729
45 0.7409244011976048 0.457286432160804 0.013660179640718563 0.014447236180904523
119 0.38660179640718567 0.5020414572864321 0.011976047904191617 0.018530150753768845
23 0.36826347305389223 0.48272613065326636 0.0074850299401197605 0.016959798994974875
8 0.625935628742515 0.47314698492462315 0.008982035928143714 0.015389447236180905
186 0.219311377245509 0.6507537688442211 0.00785928143712575 0.014447236180904523
23 0.41139595808383234 0.6086683417085427 0.008046407185628743 0.019472361809045227
23 0.8020209580838323 0.645571608040201 0.008233532934131737 0.015389447236180905
212 0.25112275449101795 0.42996231155778897 0.004491017964071857 0.017587939698492462
100 0.6354790419161677 0.5956344221105527 0.005988023952095809 0.015389447236180905
212 0.6212574850299402 0.3913316582914573 0.0048652694610778445 0.016331658291457288
107 0.7779752994011977 0.6634736180904522 0.012911676646706588 0.017902010050251257
23 0.23016467065868265 0.49136306532663315 0.008982035928143714 0.017902010050251257
201 0.12284805389221558 0.5684673366834171 0.009543413173652695 0.015703517587939697
17 0.814932634730539 0.5032977386934674 0.009730538922155689 0.016017587939698492
119 0.39857784431137727 0.6673994974874372 0.01122754491017964 0.020100502512562814
8 0.8960516467065869 0.609139447236181 0.008794910179640719 0.016017587939698492
119 0.4013847305389222 0.6078831658291457 0.01122754491017964 0.017902010050251257
119 0.12369011976047906 0.38190954773869346 0.008607784431137725 0.013190954773869347
212 0.2515905688622755 0.5738065326633166 0.005800898203592815 0.020100502512562814
59 0.6642964071856288 0.49277638190954776 0.012350299401197605 0.015703517587939697
119 0.8707896706586827 0.46592336683417085 0.011040419161676647 0.016017587939698492
8 0.2636601796407186 0.6141645728643216 0.009356287425149701 0.021670854271356784
7 0.7815306886227545 0.41865577889447236 0.009543413173652695 0.015703517587939697
59 0.13323353293413173 0.48665201005025127 0.014221556886227546 0.01664572864321608
186 0.14184131736526948 0.6505967336683417 0.009730538922155689 0.018530150753768845
8 0.19058757485029942 0.20948492462311558 0.011788922155688624 0.0207286432160804
119 0.14801646706586827 0.6094535175879398 0.008233532934131737 0.018530150753768845
212 0.4352544910179641 0.2137248743718593 0.005988023952095809 0.01978643216080402
120 0.6071294910179641 0.6366206030150754 0.009169161676646708 0.01507537688442211
186 0.6179827844311377 0.4729899497487437 0.009917664670658683 0.016959798994974875
212 0.6043226047904192 0.5155464824120604 0.005800898203592815 0.016017587939698492
8 0.9063435628742516 0.5887248743718593 0.008794910179640719 0.016017587939698492
8 0.18197979041916168 0.5500942211055276 0.009917664670658683 0.021042713567839197
119 0.9122380239520959 0.4436243718592965 0.012350299401197605 0.015389447236180905
119 0.48072604790419166 0.4607412060301508 0.008982035928143714 0.01507537688442211
100 0.3634917664670659 0.4623115577889447 0.005052395209580838 0.016959798994974875
111 0.35581961077844315 0.4607412060301508 0.008420658682634731 0.019472361809045227
201 0.24466691616766467 0.3688756281407035 0.008420658682634731 0.017902010050251257
119 0.9098989520958084 0.6670854271356784 0.010291916167664672 0.017587939698492462
8 0.8684505988023953 0.5888819095477387 0.008233532934131737 0.01507537688442211
201 0.16495134730538924 0.21231155778894473 0.008420658682634731 0.020100502512562814
150 0.30510853293413176 0.2696293969849246 0.012911676646706588 0.021042713567839197
23 0.6289296407185629 0.5959484924623115 0.006736526946107785 0.01350502512562814
59 0.11770209580838324 0.4855527638190955 0.01534431137724551 0.01884422110552764
8 0.6375374251497007 0.5760050251256281 0.008233532934131737 0.01507537688442211
225 0.12902320359281438 0.6279836683417086 0.007672155688622755 0.015389447236180905
119 0.7982784431137725 0.542713567839196 0.010853293413173653 0.01507537688442211
23 0.3082896706586827 0.2295854271356784 0.009917664670658683 0.020100502512562814
45 0.11414670658682635 0.4417399497487437 0.014221556886227546 0.017902010050251257
8 0.35469685628742514 0.6050565326633166 0.008420658682634731 0.014761306532663316
212 0.7797529940119761 0.5805590452261307 0.0048652694610778445 0.014761306532663316
45 0.23381362275449102 0.43090452261306533 0.014782934131736527 0.019472361809045227
161 0.4156062874251497 0.5070665829145728 0.0074850299401197605 0.021042713567839197
201 0.7935067365269461 0.37766959798994976 0.008046407185628743 0.012876884422110553
111 0.581119011976048 0.5367462311557789 0.009543413173652695 0.013819095477386936
100 0.8989520958083833 0.5887248743718593 0.006736526946107785 0.01664572864321608
186 0.7538360778443114 0.5196293969849246 0.008420658682634731 0.012876884422110553
119 0.3945546407185629 0.4624685929648241 0.011040419161676647 0.01727386934673367
33 0.6612088323353293 0.6757223618090452 0.008794910179640719 0.01664572864321608
212 0.6442739520958084 0.5141331658291457 0.004116766467065869 0.014447236180904523
225 0.24466691616766467 0.4315326633165829 0.010291916167664672 0.01821608040201005
45 0.1910553892215569 0.5904522613065327 0.012724550898203594 0.0207286432160804
107 0.893431886227545 0.5270100502512562 0.010291916167664672 0.015703517587939697
201 0.31773952095808383 0.27041457286432163 0.01347305389221557 0.022613065326633167
119 0.46482035928143717 0.546639447236181 0.009356287425149701 0.014133165829145729
23 0.2348428143712575 0.47189070351758794 0.009356287425149701 0.016017587939698492
33 0.10675523952095808 0.5863693467336684 0.008420658682634731 0.016959798994974875
45 0.9334767964071857 0.6276695979899498 0.007672155688622755 0.016017587939698492
33 0.6403443113772456 0.5348618090452262 0.010853293413173653 0.013819095477386936
8 0.3295284431137725 0.5852701005025126 0.009730538922155689 0.01350502512562814
119 0.2282934131736527 0.5717650753768845 0.012350299401197605 0.021042713567839197
23 0.6159244011976048 0.6571922110552764 0.008046407185628743 0.01664572864321608
225 0.8181137724550899 0.5423994974874372 0.0074850299401197605 0.013190954773869347
23 0.14025074850299402 0.6100816582914573 0.008420658682634731 0.018530150753768845
23 0.6358532934131736 0.6568781407035176 0.008982035928143714 0.016017587939698492
8 0.7558944610778443 0.6435301507537688 0.010291916167664672 0.015703517587939697
201 0.6836639221556887 0.5323492462311558 0.008420658682634731 0.013819095477386936
33 0.21893712574850302 0.45037688442211055 0.008233532934131737 0.020100502512562814
201 0.6247193113772456 0.615891959798995 0.009169161676646708 0.01507537688442211
119 0.625561377245509 0.657035175879397 0.01160179640718563 0.016959798994974875
201 0.7589820359281437 0.6630025125628141 0.009356287425149701 0.014447236180904523
119 0.3693862275449102 0.5844849246231156 0.01160179640718563 0.016959798994974875
8 0.642870508982036 0.5546482412060302 0.009543413173652695 0.01507537688442211
7 0.9041916167664671 0.5477386934673367 0.009356287425149701 0.014447236180904523
59 0.23007110778443116 0.6529522613065327 0.013285928143712575 0.020100502512562814
59 0.7772267964071857 0.4586997487437186 0.013285928143712575 0.01727386934673367
161 0.6173278443113773 0.4318467336683417 0.008607784431137725 0.015703517587939697
225 0.6522267964071856 0.6766645728643216 0.009169161676646708 0.014761306532663316
119 0.6786115269461078 0.5128768844221105 0.009543413173652695 0.015703517587939697
45 0.6401571856287426 0.6361494974874372 0.013098802395209582 0.014133165829145729
119 0.407747005988024 0.5254396984924623 0.012350299401197605 0.02135678391959799
23 0.23624625748502995 0.3908605527638191 0.008046407185628743 0.018530150753768845
8 0.8053892215568863 0.46136934673366836 0.009356287425149701 0.013819095477386936
161 0.33317739520958084 0.26884422110552764 0.008794910179640719 0.01821608040201005
23 0.8229790419161677 0.5032977386934674 0.0074850299401197605 0.016017587939698492
150 0.30305014970059885 0.2086997487437186 0.009917664670658683 0.02292713567839196
100 0.19751122754491018 0.551036432160804 0.006923652694610779 0.019158291457286432
212 0.12359655688622755 0.6270414572864321 0.005426646706586827 0.017902010050251257
212 0.9010104790419162 0.6304962311557789 0.00561377245508982 0.01727386934673367
7 0.3503929640718563 0.6270414572864321 0.008420658682634731 0.012248743718592966
201 0.8769648203592815 0.5694095477386935 0.008046407185628743 0.01193467336683417
8 0.8230726047904192 0.522927135678392 0.007672155688622755 0.01256281407035176
225 0.8937125748502994 0.42478015075376885 0.008982035928143714 0.01664572864321608
225 0.9221556886227545 0.6466708542713568 0.00785928143712575 0.015703517587939697
8 0.8998877245508983 0.6692839195979899 0.009356287425149701 0.017587939698492462
119 0.6526010479041917 0.636463567839196 0.009917664670658683 0.01350502512562814
33 0.8831399700598803 0.46576633165829145 0.009917664670658683 0.014447236180904523
23 0.3635853293413174 0.6245288944723618 0.007110778443113773 0.01727386934673367
225 0.32082709580838326 0.5402010050251257 0.006923652694610779 0.01884422110552764
59 0.5893525449101796 0.5566896984924623 0.013285928143712575 0.016017587939698492
9 0.8937125748502994 0.44409547738693467 0.006736526946107785 0.014447236180904523
59 0.7738585329341318 0.5196293969849246 0.013285928143712575 0.015389447236180905
45 0.6110591317365269 0.45414572864321606 0.013660179640718563 0.013819095477386936
119 0.37790044910179643 0.4822550251256281 0.011414670658682636 0.017902010050251257
225 0.84749251497006 0.6697550251256281 0.008607784431137725 0.01664572864321608
23 0.3879116766467066 0.48304020100502515 0.0074850299401197605 0.017587939698492462
23 0.2253929640718563 0.5516645728643216 0.009169161676646708 0.017902010050251257
201 0.23924026946107785 0.6133793969849246 0.010291916167664672 0.020100502512562814
150 0.6508233532934132 0.5345477386934674 0.008607784431137725 0.014447236180904523
212 0.37556137724550903 0.6063128140703518 0.004491017964071857 0.019158291457286432
119 0.3504865269461078 0.5637562814070352 0.013098802395209582 0.0207286432160804
225 0.8604977544910181 0.5901381909547739 0.007297904191616767 0.01256281407035176
107 0.39502245508982037 0.3808103015075377 0.011976047904191617 0.017902010050251257
201 0.8685441616766467 0.6103957286432161 0.009169161676646708 0.01350502512562814
45 0.9325411676646708 0.4434673366834171 0.011788922155688624 0.014447236180904523
14 0.22455089820359284 0.6322236180904522 0.008607784431137725 0.019472361809045227
186 0.6550336826347306 0.43043341708542715 0.009169161676646708 0.01664572864321608
45 0.18319610778443116 0.6099246231155779 0.014221556886227546 0.019472361809045227
100 0.7965943113772456 0.5017273869346733 0.006362275449101797 0.014133165829145729
161 0.8915606287425151 0.5880967336683417 0.008420658682634731 0.014761306532663316
8 0.35872005988023953 0.584641959798995 0.008982035928143714 0.017902010050251257
9 0.3473053892215569 0.6056846733668342 0.006736526946107785 0.02229899497487437
7 0.8168038922155689 0.5678391959798995 0.00785928143712575 0.013190954773869347
119 0.9128929640718564 0.5268530150753769 0.009169161676646708 0.015389447236180905
8 0.3881923652694611 0.666928391959799 0.008046407185628743 0.019158291457286432
107 0.6243450598802396 0.5353329145728644 0.011040419161676647 0.014761306532663316
186 0.75 0.6628454773869347 0.010853293413173653 0.016017587939698492
212 0.34038173652694614 0.2283291457286432 0.006362275449101797 0.016331658291457288
33 0.7249251497005988 0.6198178391959799 0.009730538922155689 0.014761306532663316
212 0.12752619760479042 0.507537688442211 0.0061751497005988025 0.017587939698492462
119 0.46921781437125754 0.48146984924623115 0.009169161676646708 0.013190954773869347
201 0.45499625748503 0.5489949748743719 0.008046407185628743 0.016331658291457288
23 0.8630239520958084 0.6699120603015075 0.008982035928143714 0.016331658291457288
201 0.4444236526946108 0.6055276381909548 0.006362275449101797 0.010678391959798994
8 0.8988585329341318 0.21922110552763818 0.01066616766467066 0.019472361809045227
225 0.6074101796407186 0.5356469849246231 0.008607784431137725 0.015389447236180905
23 0.21313622754491018 0.5722361809045227 0.008233532934131737 0.02198492462311558
212 0.6700973053892216 0.5336055276381909 0.005988023952095809 0.016331658291457288
119 0.407372754491018 0.42415201005025127 0.009730538922155689 0.017902010050251257
100 0.23718188622754494 0.4919912060301508 0.005426646706586827 0.017902010050251257
150 0.7637537425149701 0.5010992462311558 0.011040419161676647 0.014761306532663316
23 0.7629116766467067 0.5802449748743719 0.00785928143712575 0.014761306532663316
161 0.17449476047904192 0.6485552763819096 0.011040419161676647 0.0207286432160804
119 0.454622005988024 0.664572864321608 0.01066616766467066 0.01821608040201005
201 0.7874251497005988 0.5821293969849246 0.008233532934131737 0.012876884422110553
201 0.13257859281437126 0.5475816582914573 0.007672155688622755 0.018530150753768845
225 0.36227544910179643 0.6075690954773869 0.006362275449101797 0.015389447236180905
186 0.6369760479041916 0.5150753768844221 0.010853293413173653 0.015703517587939697
225 0.24466691616766467 0.3900753768844221 0.007672155688622755 0.01193467336683417
8 0.19058757485029942 0.2506281407035176 0.011040419161676647 0.020100502512562814
23 0.5723241017964072 0.6182474874371859 0.008046407185628743 0.016017587939698492
212 0.9234655688622755 0.4849246231155779 0.006736526946107785 0.01821608040201005
201 0.33317739520958084 0.22989949748743718 0.009169161676646708 0.016331658291457288
120 0.608252245508982 0.5565326633165829 0.009169161676646708 0.015703517587939697
161 0.5640905688622755 0.6176193467336684 0.008420658682634731 0.014761306532663316
225 0.6324850299401198 0.6157349246231156 0.008233532934131737 0.015389447236180905
8 0.7521519461077845 0.5408291457286433 0.008794910179640719 0.01507537688442211
59 0.8068862275449102 0.48304020100502515 0.011976047904191617 0.015703517587939697
14 0.7802208083832336 0.4805276381909548 0.011040419161676647 0.016331658291457288
45 0.733252245508982 0.6628454773869347 0.014782934131736527 0.016017587939698492
7 0.3124064371257485 0.2082286432160804 0.008046407185628743 0.016331658291457288
119 0.3840755988023952 0.5637562814070352 0.01066616766467066 0.019472361809045227
33 0.6351983532934132 0.4728329145728643 0.010291916167664672 0.014761306532663316
201 0.10759730538922156 0.565640703517588 0.009356287425149701 0.01507537688442211
120 0.6058196107784432 0.6165201005025126 0.008794910179640719 0.013819095477386936
8 0.37116392215568866 0.46136934673366836 0.008794910179640719 0.017587939698492462
14 0.16326721556886228 0.6286118090452262 0.008046407185628743 0.02229899497487437
14 0.5912238023952097 0.6359924623115578 0.009169161676646708 0.014447236180904523
100 0.1128368263473054 0.5047110552763819 0.0048652694610778445 0.015703517587939697
225 0.345434131736527 0.6452575376884422 0.008982035928143714 0.016017587939698492
119 0.7730164670658684 0.376570351758794 0.01122754491017964 0.014447236180904523
225 0.6107784431137725 0.5150753768844221 0.00785928143712575 0.01507537688442211
23 0.5996444610778443 0.635678391959799 0.007297904191616767 0.01507537688442211
14 0.6207896706586826 0.5959484924623115 0.009917664670658683 0.01727386934673367
120 0.62874251497006 0.4943467336683417 0.010104790419161677 0.015703517587939697
33 0.765063622754491 0.3961997487437186 0.010291916167664672 0.017902010050251257
161 0.10759730538922156 0.46215452261306533 0.01122754491017964 0.02041457286432161
212 0.35198353293413176 0.5843278894472362 0.005239520958083833 0.01727386934673367
100 0.7807821856287426 0.3969849246231156 0.006549401197604791 0.016331658291457288
23 0.858626497005988 0.6501256281407035 0.009543413173652695 0.015703517587939697
225 0.8155875748502994 0.5224560301507538 0.007297904191616767 0.014133165829145729
212 0.890063622754491 0.5475816582914573 0.005426646706586827 0.015389447236180905
8 0.6328592814371258 0.45226130653266333 0.009356287425149701 0.01884422110552764
9 0.796687874251497 0.46042713567839194 0.007672155688622755 0.01821608040201005
176 0.9234655688622755 0.4849246231155779 0.006736526946107785 0.01821608040201005
201 0.8391654191616768 0.6708542713567839 0.009169161676646708 0.015703517587939697
23 0.23952095808383234 0.6526381909547739 0.009730538922155689 0.019472361809045227
212 0.6357597305389222 0.4941896984924623 0.005426646706586827 0.014761306532663316
201 0.32101422155688625 0.6056846733668342 0.008420658682634731 0.017902010050251257
119 0.6309880239520959 0.3905464824120603 0.01122754491017964 0.016017587939698492
119 0.14577095808383234 0.21152638190954773 0.01160179640718563 0.02292713567839196
45 0.8246631736526947 0.6509108040201005 0.014221556886227546 0.016017587939698492
8 0.5794348802395209 0.5562185929648241 0.007672155688622755 0.016331658291457288
8 0.22071482035928144 0.5296796482412061 0.01066616766467066 0.02041457286432161
120 0.4008233532934132 0.4436243718592965 0.008607784431137725 0.01664572864321608
119 0.9155127245508983 0.38379396984924624 0.01066616766467066 0.014447236180904523
201 0.8920284431137725 0.46639447236180903 0.009356287425149701 0.013819095477386936
7 0.7826534431137725 0.6232726130653267 0.008794910179640719 0.014761306532663316
212 0.22707709580838326 0.40876256281407036 0.005800898203592815 0.01727386934673367
161 0.6641092814371258 0.614321608040201 0.009356287425149701 0.016331658291457288
100 0.7919161676646707 0.5612437185929648 0.006362275449101797 0.016331658291457288
45 0.250187125748503 0.53125 0.01347305389221557 0.018530150753768845
23 0.9072791916167665 0.6491834170854272 0.009169161676646708 0.017587939698492462
14 0.3531062874251497 0.6461997487437185 0.010104790419161677 0.016017587939698492
9 0.6250935628742516 0.4318467336683417 0.006549401197604791 0.015703517587939697
14 0.1875 0.5703517587939698 0.010479041916167666 0.019472361809045227
14 0.7256736526946108 0.5171168341708543 0.010853293413173653 0.014133165829145729
119 0.1903068862275449 0.31124371859296485 0.012350299401197605 0.020100502512562814
107 0.21032934131736528 0.5306218592964824 0.011976047904191617 0.018530150753768845
8 0.643806137724551 0.4728329145728643 0.008046407185628743 0.014133165829145729
225 0.7979041916167665 0.39886934673366836 0.00785928143712575 0.016331658291457288
8 0.1631736526946108 0.6083542713567839 0.009730538922155689 0.019472361809045227
201 0.9145770958083833 0.40373743718592964 0.007672155688622755 0.012248743718592966
212 0.893806137724551 0.4858668341708543 0.005800898203592815 0.01507537688442211
120 0.29294535928143717 0.20744346733668342 0.009543413173652695 0.01978643216080402
8 0.2068675149700599 0.6105527638190955 0.009917664670658683 0.019472361809045227
225 0.8085703592814372 0.5232412060301508 0.008982035928143714 0.016959798994974875
212 0.6239708083832336 0.5559045226130653 0.005800898203592815 0.015703517587939697
212 0.20621257485029942 0.6507537688442211 0.00561377245508982 0.02135678391959799
100 0.11087200598802396 0.4225816582914573 0.006923652694610779 0.014133165829145729
212 0.4140157185628743 0.5679962311557789 0.009917664670658683 0.018530150753768845
161 0.24831586826347307 0.6146356783919598 0.008982035928143714 0.0207286432160804
100 0.8973615269461078 0.38363693467336685 0.006549401197604791 0.016017587939698492
201 0.7618824850299402 0.5606155778894473 0.008420658682634731 0.014447236180904523
23 0.8682634730538923 0.5263819095477387 0.008233532934131737 0.01507537688442211
45 0.7924775449101797 0.6641017587939698 0.01534431137724551 0.014761306532663316
150 0.5848615269461078 0.5161746231155779 0.010291916167664672 0.017902010050251257
23 0.4139221556886228 0.4641959798994975 0.007110778443113773 0.01884422110552764
225 0.5912238023952097 0.5771042713567839 0.007297904191616767 0.014761306532663316
14 0.8885666167664671 0.6100816582914573 0.009543413173652695 0.01664572864321608
8 0.3416916167664671 0.6658291457286433 0.007110778443113773 0.015703517587939697
201 0.733252245508982 0.621074120603015 0.009169161676646708 0.014761306532663316
23 0.8386976047904192 0.2193781407035176 0.007110778443113773 0.02229899497487437
59 0.2439184131736527 0.47157663316582915 0.013285928143712575 0.016017587939698492
100 0.12556137724550898 0.5456972361809045 0.006736526946107785 0.017902010050251257
212 0.7470059880239521 0.519786432160804 0.004491017964071857 0.016331658291457288
212 0.296875 0.1865577889447236 0.010291916167664672 0.017587939698492462
212 0.6109655688622755 0.4742462311557789 0.005988023952095809 0.01821608040201005
120 0.749812874251497 0.43592964824120606 0.009356287425149701 0.01507537688442211
8 0.6191055389221557 0.4126884422110553 0.009543413173652695 0.015703517587939697
225 0.6294910179640719 0.5763190954773869 0.008607784431137725 0.013819095477386936
23 0.6479229041916168 0.38976130653266333 0.008046407185628743 0.016959798994974875
100 0.8760291916167665 0.5882537688442211 0.007297904191616767 0.014447236180904523
119 0.8421594311377246 0.5493090452261307 0.008420658682634731 0.016331658291457288
14 0.9244011976047904 0.6275125628140703 0.009730538922155689 0.016331658291457288
23 0.4021332335329342 0.5455402010050251 0.008607784431137725 0.01884422110552764
33 0.609000748502994 0.4115891959798995 0.009543413173652695 0.018530150753768845
23 0.8813622754491018 0.6311243718592965 0.009356287425149701 0.015389447236180905
59 0.7563622754491018 0.4792713567839196 0.01347305389221557 0.016331658291457288
100 0.12659056886227546 0.5895100502512562 0.008046407185628743 0.020100502512562814
8 0.7890157185628743 0.48146984924623115 0.010291916167664672 0.016331658291457288
8 0.23325224550898205 0.40907663316582915 0.008794910179640719 0.017902010050251257
225 0.6727170658682635 0.6147927135678392 0.008607784431137725 0.016017587939698492
14 0.9224363772455091 0.44425251256281406 0.009543413173652695 0.01664572864321608
23 0.35853293413173654 0.6663002512562815 0.0074850299401197605 0.014761306532663316
120 0.32054640718562877 0.5827575376884422 0.0074850299401197605 0.01978643216080402
119 0.62687125748503 0.5150753768844221 0.010104790419161677 0.015703517587939697
23 0.8849176646706587 0.5279522613065327 0.0074850299401197605 0.014447236180904523
23 0.8082896706586827 0.41959798994974873 0.007672155688622755 0.013819095477386936
177 0.36742140718562877 0.5015703517587939 0.009543413173652695 0.019472361809045227
14 0.8066991017964072 0.4001256281407035 0.010104790419161677 0.016959798994974875
59 0.7821856287425151 0.6023869346733668 0.013098802395209582 0.014447236180904523
150 0.9026010479041917 0.4863379396984925 0.009917664670658683 0.01664572864321608
107 0.3096931137724551 0.6444723618090452 0.014221556886227546 0.017587939698492462
100 0.9127994011976048 0.5475816582914573 0.0074850299401197605 0.015389447236180905
186 0.7620696107784432 0.6001884422110553 0.011788922155688624 0.015703517587939697
161 0.7738585329341318 0.4164572864321608 0.009169161676646708 0.017587939698492462
119 0.4200037425149701 0.4842964824120603 0.010291916167664672 0.02135678391959799
107 0.11676646706586827 0.5884108040201005 0.01160179640718563 0.018530150753768845
150 0.6456773952095809 0.6565640703517588 0.01066616766467066 0.015389447236180905
23 0.18665793413173654 0.6290829145728644 0.006549401197604791 0.019472361809045227
212 0.23877245508982037 0.3685615577889447 0.0033682634730538923 0.018530150753768845
225 0.36807634730538924 0.4414258793969849 0.008982035928143714 0.017902010050251257
7 0.40868263473053895 0.6675565326633166 0.010853293413173653 0.017902010050251257
8 0.23334580838323354 0.633322864321608 0.008233532934131737 0.014133165829145729
23 0.375 0.4224246231155779 0.009356287425149701 0.016959798994974875
14 0.4317926646706587 0.4846105527638191 0.01066616766467066 0.019472361809045227
201 0.5915980538922156 0.6173052763819096 0.008794910179640719 0.014761306532663316
161 0.9140157185628743 0.6480841708542714 0.007672155688622755 0.01664572864321608
8 0.8095059880239521 0.543498743718593 0.009356287425149701 0.014133165829145729
119 0.6235965568862276 0.4524183417085427 0.011040419161676647 0.017902010050251257
225 0.1277133233532934 0.4415829145728643 0.012911676646706588 0.017587939698492462
120 0.9161676646706587 0.2189070351758794 0.008982035928143714 0.020100502512562814
212 0.7642215568862276 0.3756281407035176 0.004491017964071857 0.015703517587939697
225 0.20836452095808383 0.5918655778894473 0.008420658682634731 0.017902010050251257
150 0.7873315868263474 0.5409861809045227 0.009917664670658683 0.014761306532663316
201 0.390812125748503 0.6067839195979899 0.006923652694610779 0.016959798994974875
111 0.8008982035928144 0.4197550251256281 0.0074850299401197605 0.016017587939698492
119 0.656998502994012 0.6568781407035176 0.009356287425149701 0.015389447236180905
45 0.8346744011976048 0.5882537688442211 0.013660179640718563 0.014447236180904523
8 0.781811377245509 0.5021984924623115 0.009356287425149701 0.014447236180904523
7 0.8970808383233534 0.6498115577889447 0.008607784431137725 0.015703517587939697
8 0.7414857784431138 0.43577261306532666 0.008420658682634731 0.015389447236180905
150 0.3381362275449102 0.6048994974874372 0.009730538922155689 0.01821608040201005
119 0.30501497005988026 0.25 0.012350299401197605 0.019472361809045227
186 0.7580464071856288 0.457286432160804 0.010104790419161677 0.01507537688442211
119 0.5859842814371258 0.6785489949748744 0.009917664670658683 0.014761306532663316
201 0.9196294910179641 0.5477386934673367 0.008046407185628743 0.014447236180904523
8 0.7534618263473054 0.5995603015075377 0.008420658682634731 0.016331658291457288
119 0.5817739520958084 0.617462311557789 0.01122754491017964 0.01507537688442211
119 0.2572979041916168 0.47361809045226133 0.010853293413173653 0.019472361809045227
107 0.41111526946107785 0.546639447236181 0.008607784431137725 0.019158291457286432
23 0.35872005988023953 0.4425251256281407 0.008982035928143714 0.016959798994974875
120 0.565681137724551 0.6584484924623115 0.008607784431137725 0.01664572864321608
111 0.19002619760479042 0.5496231155778895 0.008046407185628743 0.019472361809045227
186 0.25430389221556887 0.41064698492462315 0.01122754491017964 0.01978643216080402
14 0.10076721556886228 0.5449120603015075 0.011414670658682636 0.022613065326633167
120 0.6027320359281437 0.6782349246231156 0.0074850299401197605 0.015389447236180905
169 0.7525261976047904 0.5813442211055276 0.011414670658682636 0.032663316582914576
119 0.7456961077844312 0.6433731155778895 0.011976047904191617 0.01664572864321608
225 0.5836452095808383 0.6361494974874372 0.00785928143712575 0.014133165829145729
7 0.7288547904191617 0.4998429648241206 0.008982035928143714 0.014761306532663316
23 0.11639221556886228 0.6267273869346733 0.008233532934131737 0.018530150753768845
23 0.7847118263473054 0.5612437185929648 0.008046407185628743 0.014447236180904523
23 0.360684880239521 0.5645414572864321 0.008420658682634731 0.016017587939698492
119 0.2597305389221557 0.43043341708542715 0.011976047904191617 0.018530150753768845
201 0.6324850299401198 0.4316896984924623 0.008607784431137725 0.016017587939698492
119 0.4507859281437126 0.21451005025125627 0.010104790419161677 0.01884422110552764
119 0.6962949101796407 0.2870603015075377 0.01122754491017964 0.022613065326633167
7 0.5994573353293413 0.4536746231155779 0.008046407185628743 0.017902010050251257
14 0.6410928143712575 0.6154208542713568 0.010104790419161677 0.014761306532663316
225 0.36994760479041916 0.5441268844221105 0.009730538922155689 0.018530150753768845
225 0.6133046407185629 0.5959484924623115 0.007672155688622755 0.014133165829145729
161 0.38126871257485034 0.6457286432160804 0.009543413173652695 0.020100502512562814
119 0.4098053892215569 0.647141959798995 0.011976047904191617 0.018530150753768845
150 0.31764595808383234 0.24937185929648242 0.011788922155688624 0.017587939698492462
107 0.31081586826347307 0.6048994974874372 0.011976047904191617 0.017587939698492462
201 0.5757859281437127 0.6369346733668342 0.008982035928143714 0.015703517587939697
161 0.7421407185628743 0.6201319095477387 0.010104790419161677 0.016017587939698492
119 0.23091317365269462 0.5296796482412061 0.012350299401197605 0.01978643216080402
23 0.8829528443113773 0.6686557788944724 0.009543413173652695 0.015703517587939697
8 0.2281062874251497 0.45131909547738697 0.010104790419161677 0.01884422110552764
8 0.5833645209580839 0.5777324120603016 0.007297904191616767 0.014133165829145729
119 0.38145583832335334 0.3806532663316583 0.011414670658682636 0.0207286432160804
33 0.39492889221556887 0.5657977386934674 0.01066616766467066 0.02041457286432161
111 0.7932260479041917 0.6446293969849246 0.0074850299401197605 0.01727386934673367
201 0.9307634730538923 0.5276381909547738 0.00785928143712575 0.014447236180904523
9 0.13866017964071858 0.5277952261306533 0.006362275449101797 0.019158291457286432
14 0.6409056886227545 0.4528894472361809 0.009730538922155689 0.017587939698492462
8 0.7882672155688624 0.45964195979899497 0.008794910179640719 0.016017587939698492
201 0.41148952095808383 0.44425251256281406 0.01122754491017964 0.014761306532663316
225 0.5676459580838323 0.6381909547738693 0.008420658682634731 0.015703517587939697
225 0.26188248502994016 0.5546482412060302 0.008420658682634731 0.020100502512562814
45 0.8568488023952097 0.6314384422110553 0.0157185628742515 0.014761306532663316
119 0.8731287425149701 0.6694409547738693 0.010853293413173653 0.018530150753768845
14 0.2292290419161677 0.3900753768844221 0.009730538922155689 0.016959798994974875
107 0.19545284431137724 0.6300251256281407 0.012911676646706588 0.01821608040201005
212 0.6063809880239521 0.5961055276381909 0.005052395209580838 0.016331658291457288
8 0.9082148203592815 0.6284547738693468 0.008420658682634731 0.016331658291457288
45 0.2408308383233533 0.573178391959799 0.01347305389221557 0.020100502512562814
212 0.37771332335329344 0.46215452261306533 0.005052395209580838 0.017902010050251257
120 0.6109655688622755 0.6780778894472362 0.009356287425149701 0.014447236180904523
201 0.4705276946107785 0.46199748743718594 0.007297904191616767 0.01256281407035176
201 0.9037238023952097 0.5279522613065327 0.008794910179640719 0.013190954773869347
119 0.892122005988024 0.6306532663316583 0.011414670658682636 0.01884422110552764
100 0.9294535928143713 0.6658291457286433 0.005988023952095809 0.01884422110552764
100 0.753555389221557 0.5006281407035176 0.008982035928143714 0.015703517587939697
212 0.9027881736526947 0.6081972361809045 0.005052395209580838 0.015389447236180905
150 0.5915044910179641 0.5362751256281407 0.008233532934131737 0.012248743718592966
150 0.9137350299401198 0.5687814070351759 0.010104790419161677 0.016331658291457288
119 0.34056886227544914 0.6262562814070352 0.008607784431137725 0.013819095477386936
59 0.6053517964071856 0.6582914572864321 0.013847305389221558 0.016959798994974875
59 0.750374251497006 0.5604585427135679 0.01347305389221557 0.015389447236180905
7 0.6523203592814372 0.5956344221105527 0.009356287425149701 0.01664572864321608
150 0.7936938622754491 0.6235866834170855 0.009917664670658683 0.01664572864321608
100 0.3289670658682635 0.5626570351758794 0.006736526946107785 0.018530150753768845
201 0.6180763473053893 0.5150753768844221 0.00785928143712575 0.01507537688442211
23 0.7413922155688624 0.5800879396984925 0.0074850299401197605 0.013819095477386936
107 0.6587761976047904 0.47126256281407036 0.011788922155688624 0.01727386934673367
59 0.3191429640718563 0.22817211055276382 0.014034431137724552 0.01727386934673367
201 0.3787425149700599 0.6284547738693468 0.008982035928143714 0.020100502512562814
23 0.1317365269461078 0.5284233668341709 0.009356287425149701 0.019158291457286432
23 0.11994760479041917 0.6485552763819096 0.009730538922155689 0.0207286432160804
225 0.9172904191616768 0.4858668341708543 0.007110778443113773 0.016331658291457288
201 0.7930389221556887 0.4393844221105528 0.009356287425149701 0.015703517587939697
212 0.21510104790419163 0.49089195979899497 0.005052395209580838 0.01884422110552764
8 0.7734842814371258 0.3960427135678392 0.008420658682634731 0.015703517587939697
107 0.8212949101796407 0.2198492462311558 0.01160179640718563 0.020100502512562814
177 0.3879116766467066 0.5857412060301508 0.010104790419161677 0.020100502512562814
201 0.40531437125748504 0.4001256281407035 0.008607784431137725 0.01507537688442211
212 0.6264034431137725 0.41111809045226133 0.003929640718562875 0.014447236180904523
8 0.4443300898203593 0.6644158291457286 0.008794910179640719 0.017902010050251257
212 0.6503555389221557 0.47173366834170855 0.005426646706586827 0.01507537688442211
23 0.6704715568862276 0.5131909547738693 0.00785928143712575 0.016331658291457288
14 0.7194049401197605 0.6628454773869347 0.01066616766467066 0.015389447236180905
8 0.21229416167664672 0.4701633165829146 0.008046407185628743 0.016331658291457288
100 0.18207335329341318 0.5906092964824121 0.006736526946107785 0.021042713567839197
161 0.7647829341317366 0.6430590452261307 0.009730538922155689 0.016017587939698492
23 0.3660179640718563 0.5226130653266332 0.0074850299401197605 0.017587939698492462
212 0.7657185628742516 0.6217022613065327 0.004491017964071857 0.01727386934673367
59 0.2160366766467066 0.551036432160804 0.012163173652694611 0.017902010050251257
8 0.10909431137724551 0.546639447236181 0.01122754491017964 0.018530150753768845
177 0.38323353293413176 0.6067839195979899 0.008233532934131737 0.01884422110552764
150 0.9359094311377246 0.566425879396985 0.009169161676646708 0.014761306532663316
119 0.8706025449101797 0.6308103015075377 0.011040419161676647 0.015389447236180905
120 0.8514221556886228 0.6105527638190955 0.008982035928143714 0.014447236180904523
225 0.878181137724551 0.44456658291457285 0.007110778443113773 0.015389447236180905
150 0.8053892215568863 0.5021984924623115 0.010104790419161677 0.015703517587939697
8 0.4032559880239521 0.5670540201005025 0.008982035928143714 0.017902010050251257
14 0.9230913173652695 0.5260678391959799 0.009356287425149701 0.016959798994974875
59 0.596931137724551 0.4951319095477387 0.012350299401197605 0.017902010050251257
14 0.612556137724551 0.5761620603015075 0.009169161676646708 0.014761306532663316
8 0.643057634730539 0.6777638190954774 0.009543413173652695 0.015703517587939697
119 0.8789296407185629 0.6110238693467337 0.01160179640718563 0.015389447236180905
119 0.9249625748502994 0.5672110552763819 0.011976047904191617 0.01507537688442211
119 0.8034244011976048 0.43985552763819097 0.011040419161676647 0.015389447236180905
33 0.3782747005988024 0.44236809045226133 0.008046407185628743 0.021670854271356784
186 0.783308383233533 0.43859924623115576 0.01160179640718563 0.015389447236180905
150 0.877806886227545 0.42446608040201006 0.009356287425149701 0.01664572864321608
119 0.20555763473053892 0.510678391959799 0.009917664670658683 0.019472361809045227
14 0.8007110778443114 0.21875 0.01160179640718563 0.021042713567839197
107 0.20630613772455092 0.48900753768844224 0.010291916167664672 0.019472361809045227
120 0.6042290419161677 0.4751884422110553 0.008982035928143714 0.015703517587939697
225 0.8963323353293414 0.40389447236180903 0.008982035928143714 0.015703517587939697
14 0.3221369760479042 0.625785175879397 0.008794910179640719 0.017902010050251257
186 0.7716130239520959 0.5804020100502513 0.011788922155688624 0.016331658291457288
59 0.10544535928143713 0.625785175879397 0.015531437125748504 0.018530150753768845
119 0.8432821856287426 0.6308103015075377 0.011040419161676647 0.014761306532663316
201 0.41064745508982037 0.48351130653266333 0.008420658682634731 0.018530150753768845
7 0.8517964071856288 0.5065954773869347 0.006736526946107785 0.016959798994974875
119 0.36536302395209586 0.42085427135678394 0.01066616766467066 0.016959798994974875
33 0.2037799401197605 0.570037688442211 0.010853293413173653 0.020100502512562814
212 0.2713323353293413 0.6138505025125628 0.006736526946107785 0.02229899497487437
212 0.37687125748503 0.5445979899497487 0.0048652694610778445 0.020100502512562814
150 0.42093937125748504 0.586212311557789 0.011040419161676647 0.017902010050251257
119 0.3901571856287425 0.6262562814070352 0.012724550898203594 0.020100502512562814
186 0.18366392215568864 0.6512248743718593 0.01066616766467066 0.021670854271356784
212 0.2195920658682635 0.5719221105527639 0.005800898203592815 0.0207286432160804
225 0.25467814371257486 0.6144786432160804 0.009730538922155689 0.019158291457286432
150 0.6213510479041916 0.6782349246231156 0.011414670658682636 0.014761306532663316
8 0.7732035928143713 0.6228015075376885 0.010104790419161677 0.015703517587939697
212 0.5980538922155689 0.5772613065326633 0.00561377245508982 0.01507537688442211
8 0.7839633233532934 0.5210427135678392 0.009169161676646708 0.015703517587939697
119 0.40868263473053895 0.5869974874371859 0.010853293413173653 0.017587939698492462
77 0.5964633233532934 0.5141331658291457 0.009169161676646708 0.028894472361809045
8 0.8598428143712575 0.6110238693467337 0.008607784431137725 0.015389447236180905
8 0.2447604790419162 0.4921482412060302 0.008982035928143714 0.016331658291457288
23 0.16991017964071858 0.6279836683417086 0.00785928143712575 0.018530150753768845
8 0.893993263473054 0.5672110552763819 0.008794910179640719 0.01507537688442211
59 0.22398952095808386 0.4707914572864322 0.013847305389221558 0.01884422110552764
161 0.3198914670658683 0.20760050251256282 0.010291916167664672 0.02135678391959799
212 0.6325785928143713 0.535175879396985 0.004678143712574851 0.015703517587939697
100 0.5999251497005988 0.5972047738693468 0.006362275449101797 0.01727386934673367
7 0.7445733532934132 0.5998743718592965 0.008233532934131737 0.01256281407035176
8 0.767309131736527 0.4571293969849246 0.008794910179640719 0.015389447236180905
201 0.4327282934131737 0.628140703517588 0.006923652694610779 0.017587939698492462
45 0.3946482035928144 0.5252826633165829 0.013098802395209582 0.018530150753768845
23 0.2221182634730539 0.43059045226130654 0.008982035928143714 0.016331658291457288
107 0.6576534431137725 0.45069095477386933 0.011414670658682636 0.016331658291457288
120 0.3901571856287425 0.6474560301507538 0.008607784431137725 0.017902010050251257
59 0.39932634730538924 0.48351130653266333 0.014970059880239521 0.01727386934673367
201 0.4140157185628743 0.6286118090452262 0.007297904191616767 0.01727386934673367
201 0.5551085329341318 0.6798052763819096 0.009169161676646708 0.01727386934673367
119 0.8007110778443114 0.6028580402010051 0.010853293413173653 0.01664572864321608
225 0.14268338323353294 0.5472675879396985 0.011414670658682636 0.014761306532663316
212 0.830557634730539 0.6108668341708543 0.005052395209580838 0.014447236180904523
120 0.3253181137724551 0.26868718592964824 0.008420658682634731 0.017902010050251257
201 0.3977357784431138 0.6483982412060302 0.008420658682634731 0.017902010050251257
225 0.1159244011976048 0.4640389447236181 0.009917664670658683 0.019158291457286432
59 0.19648203592814373 0.6107097989949749 0.013847305389221558 0.016017587939698492
111 0.1373502994011976 0.628925879396985 0.008233532934131737 0.02041457286432161
8 0.297997754491018 0.6644158291457286 0.008046407185628743 0.021042713567839197
150 0.3974550898203593 0.5047110552763819 0.008233532934131737 0.015703517587939697
77 0.6612088323353293 0.5336055276381909 0.012537425149700599 0.02701005025125628
120 0.8822979041916168 0.5475816582914573 0.010104790419161677 0.014761306532663316
33 0.18104416167664672 0.21152638190954773 0.009543413173652695 0.021042713567839197
225 0.8367327844311377 0.6107097989949749 0.006923652694610779 0.012876884422110553
212 0.8326160179640719 0.6702261306532663 0.0061751497005988025 0.017587939698492462
225 0.10572604790419163 0.6053706030150754 0.008982035928143714 0.017902010050251257
8 0.765437874251497 0.4156721105527638 0.008794910179640719 0.016017587939698492
186 0.7429827844311377 0.5394158291457286 0.008794910179640719 0.015389447236180905
119 0.9259917664670659 0.4021670854271357 0.009917664670658683 0.014761306532663316
150 0.10544535928143713 0.5254396984924623 0.011040419161676647 0.01821608040201005
107 0.11470808383233534 0.6075690954773869 0.01160179640718563 0.019158291457286432
14 0.86311751497006 0.5469535175879398 0.010291916167664672 0.014761306532663316
201 0.5589446107784432 0.6375628140703518 0.010479041916167666 0.016331658291457288
8 0.6487649700598803 0.6147927135678392 0.008982035928143714 0.01727386934673367
23 0.5731661676646707 0.5973618090452262 0.008233532934131737 0.01507537688442211
23 0.7559880239520959 0.39557160804020103 0.00785928143712575 0.01727386934673367
23 0.8005239520958084 0.5213567839195979 0.00785928143712575 0.015703517587939697
8 0.7632859281437127 0.5193153266331658 0.008982035928143714 0.015389447236180905
8 0.2698353293413174 0.4528894472361809 0.009730538922155689 0.020100502512562814
119 0.733439371257485 0.5989321608040201 0.011414670658682636 0.015703517587939697
212 0.3575973053892216 0.625785175879397 0.004116766467065869 0.014761306532663316
150 0.09562125748502995 0.6465138190954774 0.01122754491017964 0.021670854271356784
23 0.12097679640718563 0.5056532663316583 0.007672155688622755 0.01821608040201005
119 0.657747005988024 0.554177135678392 0.009356287425149701 0.015389447236180905
7 0.8884730538922156 0.38395100502512564 0.010479041916167666 0.016017587939698492
7 0.7252994011976048 0.5789886934673367 0.008233532934131737 0.014761306532663316
150 0.7385853293413174 0.5615577889447236 0.010853293413173653 0.016959798994974875
225 0.1721556886227545 0.21074120603015076 0.008233532934131737 0.019472361809045227
120 0.908682634730539 0.2196922110552764 0.0074850299401197605 0.019158291457286432
201 0.6678517964071856 0.6366206030150754 0.007110778443113773 0.016331658291457288
111 0.8554453592814372 0.6694409547738693 0.008794910179640719 0.015389447236180905
119 0.8566616766467067 0.4864949748743719 0.005239520958083833 0.016959798994974875
59 0.35553892215568866 0.5235552763819096 0.014221556886227546 0.017587939698492462
77 0.37004116766467066 0.6465138190954774 0.011040419161676647 0.037374371859296485
150 0.7839633233532934 0.6441582914572864 0.009543413173652695 0.013819095477386936
59 0.627619760479042 0.6363065326633166 0.011976047904191617 0.014447236180904523
119 0.846931137724551 0.5257537688442211 0.009356287425149701 0.01884422110552764
212 0.844124251497006 0.6110238693467337 0.004116766467065869 0.012876884422110553
119 0.6608345808383234 0.5128768844221105 0.009917664670658683 0.014447236180904523
23 0.8183944610778444 0.48194095477386933 0.010291916167664672 0.015389447236180905
7 0.7770396706586827 0.5406721105527639 0.008794910179640719 0.012876884422110553
23 0.09880239520958084 0.6047424623115578 0.009356287425149701 0.02041457286432161
212 0.19601422155688625 0.5709798994974874 0.005800898203592815 0.0207286432160804
23 0.375 0.4024811557788945 0.008233532934131737 0.01664572864321608
23 0.8964258982035929 0.5477386934673367 0.006923652694610779 0.01507537688442211
119 0.26132110778443113 0.4948178391959799 0.011414670658682636 0.01727386934673367
8 0.8860404191616768 0.4451947236180905 0.009356287425149701 0.014133165829145729
14 0.17748877245508984 0.6284547738693468 0.008794910179640719 0.017587939698492462
161 0.3352357784431138 0.5416143216080402 0.007672155688622755 0.018530150753768845
23 0.6494199101796407 0.45226130653266333 0.007297904191616767 0.014447236180904523
100 0.3706961077844312 0.6265703517587939 0.005239520958083833 0.01821608040201005
119 0.9294535928143713 0.546639447236181 0.009356287425149701 0.016017587939698492
45 0.7330651197604791 0.6430590452261307 0.014034431137724552 0.015389447236180905
201 0.8414109281437127 0.5698806532663316 0.007297904191616767 0.014133165829145729
59 0.172062125748503 0.5686243718592965 0.009917664670658683 0.017902010050251257
119 0.24953218562874252 0.6529522613065327 0.010291916167664672 0.01884422110552764
212 0.31315494011976047 0.2284861809045226 0.004678143712574851 0.017902010050251257
119 0.7729229041916168 0.5609296482412061 0.011414670658682636 0.014447236180904523
201 0.14689371257485032 0.5270100502512562 0.008607784431137725 0.014447236180904523
212 0.26861901197604793 0.553391959798995 0.005052395209580838 0.022613065326633167
8 0.3732223053892216 0.5648555276381909 0.009543413173652695 0.018530150753768845
225 0.5953405688622755 0.6582914572864321 0.008046407185628743 0.014447236180904523
14 0.31736526946107785 0.6655150753768845 0.009356287425149701 0.019472361809045227
7 0.9032559880239521 0.5678391959798995 0.008982035928143714 0.014447236180904523
59 0.12556137724550898 0.46529522613065327 0.011976047904191617 0.02041457286432161
120 0.6666354790419162 0.6567211055276382 0.009169161676646708 0.016331658291457288
119 0.7557073353293413 0.4159861809045226 0.011788922155688624 0.01664572864321608
201 0.4601422155688623 0.4824120603015075 0.007110778443113773 0.01193467336683417
23 0.22370883233532934 0.6122801507537688 0.0061751497005988025 0.012876884422110553
186 0.1377245508982036 0.5056532663316583 0.01160179640718563 0.01821608040201005
150 0.30585703592814373 0.625785175879397 0.009543413173652695 0.019158291457286432
23 0.7714258982035929 0.6019158291457286 0.008420658682634731 0.014761306532663316
201 0.7579528443113773 0.6220163316582915 0.008046407185628743 0.015389447236180905
161 0.767309131736527 0.6626884422110553 0.009917664670658683 0.016331658291457288