77 0.7325973053892216 0.5906092964824121 0.013098802395209582 0.033605527638190955
201 0.32466317365269465 0.32082286432160806 0.009730538922155689 0.02041457286432161
119 0.44311377245508987 0.5211997487437185 0.009730538922155689 0.01350502512562814
100 0.5644648203592815 0.47785804020100503 0.007672155688622755 0.018530150753768845
119 0.43226047904191617 0.6221733668341709 0.010853293413173653 0.017587939698492462
186 0.7395209580838323 0.45131909547738697 0.009730538922155689 0.020100502512562814
59 0.6947979041916168 0.6345791457286433 0.01347305389221557 0.017902010050251257
8 0.1349176646706587 0.46136934673366836 0.009356287425149701 0.01884422110552764
8 0.298559131736527 0.6028580402010051 0.008794910179640719 0.01664572864321608
14 0.7603854790419162 0.5072236180904522 0.010291916167664672 0.019472361809045227
120 0.3624625748502994 0.49842964824120606 0.0074850299401197605 0.019472361809045227
212 0.3155875748502994 0.6204459798994975 0.005052395209580838 0.016017587939698492
120 0.3224176646706587 0.46184045226130654 0.010479041916167666 0.019158291457286432
111 0.7479416167664671 0.6518530150753769 0.008607784431137725 0.021670854271356784
45 0.31156437125748504 0.34108040201005024 0.014595808383233533 0.01821608040201005
201 0.13557260479041916 0.522927135678392 0.011414670658682636 0.016331658291457288
225 0.42833083832335334 0.6821608040201005 0.008607784431137725 0.016959798994974875
212 0.3162425149700599 0.5211997487437185 0.004491017964071857 0.01978643216080402
119 0.2576721556886228 0.6425879396984925 0.011976047904191617 0.01884422110552764
8 0.6422155688622755 0.45744346733668345 0.01122754491017964 0.01978643216080402
225 0.36536302395209586 0.4629396984924623 0.011414670658682636 0.0207286432160804
201 0.250561377245509 0.4221105527638191 0.010104790419161677 0.0207286432160804
201 0.2469124251497006 0.6422738693467337 0.009169161676646708 0.016331658291457288
201 0.23559131736526948 0.48335427135678394 0.010104790419161677 0.01821608040201005
119 0.3449663173652695 0.46027010050251255 0.012163173652694611 0.018530150753768845
119 0.6044161676646707 0.31532663316582915 0.014970059880239521 0.01821608040201005
8 0.42786302395209586 0.5025125628140703 0.007672155688622755 0.01884422110552764
100 0.7122941616766467 0.49167713567839194 0.007672155688622755 0.01978643216080402
100 0.7409244011976048 0.3728015075376884 0.007297904191616767 0.02135678391959799
14 0.7772267964071857 0.48665201005025127 0.01066616766467066 0.018530150753768845
100 0.7210890718562875 0.5105213567839196 0.006923652694610779 0.01978643216080402
186 0.6956399700598803 0.5113065326633166 0.01066616766467066 0.02135678391959799
225 0.34234655688622756 0.4216394472361809 0.008046407185628743 0.021670854271356784
212 0.7201534431137725 0.3336997487437186 0.005800898203592815 0.01727386934673367
59 0.3125 0.44095477386934673 0.014595808383233533 0.019472361809045227
212 0.7271706586826348 0.5089510050251256 0.004491017964071857 0.017902010050251257
186 0.29940119760479045 0.5227701005025126 0.01122754491017964 0.014761306532663316
14 0.6984468562874252 0.47314698492462315 0.012163173652694611 0.017902010050251257
33 0.3100673652694611 0.5006281407035176 0.010104790419161677 0.01821608040201005
201 0.30941242514970063 0.5224560301507538 0.008046407185628743 0.01727386934673367
119 0.5822417664670659 0.2776381909547739 0.011788922155688624 0.019472361809045227
14 0.4528443113772455 0.5207286432160804 0.009730538922155689 0.01256281407035176
111 0.2672155688622755 0.6630025125628141 0.009730538922155689 0.016959798994974875
212 0.7541167664670659 0.4692211055276382 0.0048652694610778445 0.014447236180904523
8 0.5481848802395209 0.6218592964824121 0.011040419161676647 0.02198492462311558
14 0.5560441616766467 0.23618090452261306 0.01066616766467066 0.01884422110552764
119 0.3068862275449102 0.3614949748743719 0.012724550898203594 0.01884422110552764
14 0.345434131736527 0.6410175879396985 0.01122754491017964 0.01884422110552764
119 0.6697230538922156 0.4163002512562814 0.01122754491017964 0.01664572864321608
201 0.7396145209580839 0.6527952261306533 0.009169161676646708 0.012876884422110553
8 0.2747005988023952 0.6626884422110553 0.008607784431137725 0.01507537688442211
186 0.7297904191616766 0.6534233668341709 0.012724550898203594 0.021042713567839197
8 0.6197604790419162 0.269786432160804 0.009730538922155689 0.01884422110552764
59 0.7778817365269461 0.42870603015075376 0.014221556886227546 0.020100502512562814
33 0.2627245508982036 0.4417399497487437 0.010104790419161677 0.02041457286432161
201 0.8050149700598803 0.3008793969849246 0.014221556886227546 0.014447236180904523
77 0.7276384730538923 0.5712939698492462 0.012163173652694611 0.03329145728643216
161 0.30735404191616766 0.2650753768844221 0.01066616766467066 0.02763819095477387
161 0.7521519461077845 0.5086369346733668 0.008420658682634731 0.01978643216080402
14 0.29294535928143717 0.44095477386934673 0.01066616766467066 0.019472361809045227
212 0.27432634730538924 0.48146984924623115 0.006362275449101797 0.020100502512562814
119 0.35217065868263475 0.6199748743718593 0.010853293413173653 0.016331658291457288
23 0.29369386227544914 0.38190954773869346 0.009543413173652695 0.01884422110552764
23 0.5921594311377246 0.23146984924623115 0.009543413173652695 0.02135678391959799
33 0.3530127245508982 0.5808731155778895 0.009543413173652695 0.019158291457286432
150 0.44376871257485034 0.6220163316582915 0.010291916167664672 0.01664572864321608
8 0.6734655688622755 0.45587311557788945 0.010104790419161677 0.01978643216080402
14 0.6081586826347306 0.22581658291457288 0.009356287425149701 0.016959798994974875
45 0.5921594311377246 0.25738065326633164 0.008794910179640719 0.014133165829145729
45 0.314184131736527 0.6418027638190955 0.014221556886227546 0.01350502512562814
23 0.7144461077844312 0.3341708542713568 0.01122754491017964 0.01821608040201005
212 0.6518525449101796 0.6182474874371859 0.004678143712574851 0.01978643216080402
201 0.328312125748503 0.4808417085427136 0.008046407185628743 0.016959798994974875
225 0.750374251497006 0.43043341708542715 0.008982035928143714 0.01664572864321608
23 0.6626122754491018 0.5965766331658292 0.009730538922155689 0.01727386934673367
14 0.545939371257485 0.5610866834170855 0.009543413173652695 0.02041457286432161
7 0.5960890718562875 0.33715452261306533 0.010291916167664672 0.019158291457286432
212 0.5608158682634731 0.49764447236180903 0.01122754491017964 0.019158291457286432
201 0.690868263473054 0.6560929648241206 0.008607784431137725 0.01821608040201005
100 0.7462574850299402 0.6100816582914573 0.006736526946107785 0.01350502512562814
150 0.5559505988023953 0.5601444723618091 0.01122754491017964 0.02041457286432161
119 0.705744760479042 0.3960427135678392 0.011040419161676647 0.01884422110552764
119 0.7378368263473054 0.4896356783919598 0.013098802395209582 0.0207286432160804
45 0.32438248502994016 0.6215452261306533 0.011788922155688624 0.01256281407035176
120 0.6606474550898204 0.577889447236181 0.009917664670658683 0.02135678391959799
225 0.28995134730538924 0.6031721105527639 0.008420658682634731 0.019158291457286432
8 0.3038922155688623 0.46027010050251255 0.009356287425149701 0.01978643216080402
120 0.6511040419161677 0.5155464824120604 0.012163173652694611 0.017902010050251257
14 0.7063997005988024 0.5913944723618091 0.01160179640718563 0.0207286432160804
201 0.7254865269461078 0.6342650753768845 0.009730538922155689 0.019158291457286432
8 0.3374812874251497 0.6396042713567839 0.009917664670658683 0.01664572864321608
150 0.5640905688622755 0.6000314070351759 0.011788922155688624 0.021042713567839197
212 0.3507672155688623 0.6609610552763819 0.005800898203592815 0.018530150753768845
201 0.6195733532934132 0.24842964824120603 0.010104790419161677 0.017587939698492462
225 0.6110591317365269 0.26664572864321606 0.006923652694610779 0.01884422110552764
201 0.658682634730539 0.6173052763819096 0.00785928143712575 0.017902010050251257
8 0.6825411676646707 0.22597361809045227 0.009543413173652695 0.01978643216080402
23 0.25823353293413176 0.6628454773869347 0.009356287425149701 0.01664572864321608
186 0.5837387724550899 0.2344535175879397 0.010291916167664672 0.01978643216080402
14 0.3196107784431138 0.4800565326633166 0.009730538922155689 0.017902010050251257
100 0.7110778443113773 0.5728643216080402 0.0074850299401197605 0.01821608040201005
201 0.6822604790419162 0.678391959798995 0.009356287425149701 0.02198492462311558
23 0.24045658682634732 0.6245288944723618 0.008607784431137725 0.017902010050251257
8 0.25252619760479045 0.4425251256281407 0.009169161676646708 0.013819095477386936
23 0.35853293413173654 0.6606469849246231 0.009730538922155689 0.017902010050251257
23 0.26057260479041916 0.40389447236180903 0.008794910179640719 0.014447236180904523
212 0.7534618263473054 0.35097361809045224 0.005426646706586827 0.02041457286432161
119 0.6518525449101796 0.49685929648241206 0.011788922155688624 0.016959798994974875
161 0.3107223053892216 0.5808731155778895 0.009543413173652695 0.01727386934673367
150 0.749812874251497 0.6749371859296482 0.010479041916167666 0.02386934673366834
212 0.7410179640718564 0.39337311557788945 0.0048652694610778445 0.021042713567839197
119 0.6375374251497007 0.27229899497487436 0.014595808383233533 0.017587939698492462
201 0.23662050898203593 0.5449120603015075 0.009543413173652695 0.01821608040201005
120 0.7447604790419162 0.2459170854271357 0.008982035928143714 0.01821608040201005
225 0.8330838323353293 0.6468278894472362 0.011976047904191617 0.021042713567839197
161 0.5565119760479043 0.6213881909547739 0.009356287425149701 0.01978643216080402
212 0.31165793413173654 0.48099874371859297 0.005426646706586827 0.01664572864321608
45 0.749438622754491 0.570822864321608 0.013847305389221558 0.016017587939698492
59 0.7132297904191617 0.3541143216080402 0.013660179640718563 0.01727386934673367
120 0.3349550898203593 0.6218592964824121 0.009356287425149701 0.01507537688442211
23 0.7383046407185629 0.570822864321608 0.008794910179640719 0.018530150753768845
119 0.3392589820359282 0.4797424623115578 0.010104790419161677 0.01727386934673367
201 0.705370508982036 0.5139761306532663 0.009169161676646708 0.014133165829145729
23 0.6885291916167665 0.43483040201005024 0.007672155688622755 0.014761306532663316
8 0.3471182634730539 0.3811243718592965 0.010479041916167666 0.018530150753768845
225 0.6864708083832336 0.39745603015075376 0.008794910179640719 0.017902010050251257
161 0.752619760479042 0.2448178391959799 0.010104790419161677 0.018530150753768845
212 0.281437125748503 0.4024811557788945 0.005239520958083833 0.014133165829145729
111 0.30342440119760483 0.38238065326633164 0.01066616766467066 0.02041457286432161
45 0.5590381736526946 0.5182160804020101 0.013660179640718563 0.01884422110552764
59 0.6690681137724551 0.5144472361809045 0.014034431137724552 0.01821608040201005
23 0.32447604790419166 0.4412688442211055 0.010104790419161677 0.0207286432160804
8 0.22969685628742517 0.6433731155778895 0.007672155688622755 0.01978643216080402
186 0.26796407185628746 0.4015389447236181 0.01122754491017964 0.01727386934673367
23 0.6949850299401198 0.39541457286432163 0.010104790419161677 0.017587939698492462
23 0.2730164670658683 0.38238065326633164 0.008607784431137725 0.019158291457286432
14 0.6795471556886228 0.4175565326633166 0.009917664670658683 0.02041457286432161
119 0.32475673652694614 0.3417085427135678 0.012911676646706588 0.01884422110552764
59 0.7116392215568863 0.5519786432160804 0.014221556886227546 0.019158291457286432
186 0.7170658682634731 0.4729899497487437 0.010853293413173653 0.02135678391959799
111 0.2558008982035928 0.4626256281407035 0.009730538922155689 0.014447236180904523
225 0.6879678143712575 0.5124057788944724 0.009917664670658683 0.02041457286432161
8 0.282934131736527 0.42085427135678394 0.009356287425149701 0.017587939698492462
8 0.35179640718562877 0.4213253768844221 0.011976047904191617 0.02229899497487437
212 0.6948914670658684 0.43451633165829145 0.005426646706586827 0.017902010050251257
23 0.6604603293413174 0.5164886934673367 0.010291916167664672 0.02041457286432161
119 0.5595995508982037 0.5383165829145728 0.01066616766467066 0.01821608040201005
120 0.8245696107784432 0.6672424623115578 0.008046407185628743 0.021042713567839197
14 0.2907934131736527 0.5012562814070352 0.008607784431137725 0.016959798994974875
120 0.28340194610778446 0.6642587939698492 0.008794910179640719 0.019472361809045227
119 0.28022080838323354 0.5023555276381909 0.011788922155688624 0.01727386934673367
23 0.7192178143712575 0.5716080402010051 0.008420658682634731 0.01256281407035176
23 0.5515531437125749 0.4591708542713568 0.008420658682634731 0.019472361809045227
14 0.24550898203592816 0.6036432160804021 0.010479041916167666 0.017587939698492462
119 0.7417664670658684 0.4120603015075377 0.01122754491017964 0.01884422110552764
150 0.28976422155688625 0.5226130653266332 0.009169161676646708 0.013819095477386936
23 0.8343001497005988 0.5047110552763819 0.009917664670658683 0.019472361809045227
8 0.7022829341317366 0.5527638190954774 0.010104790419161677 0.015703517587939697
107 0.6026384730538923 0.22550251256281406 0.011414670658682636 0.0207286432160804
23 0.6371631736526947 0.47691582914572866 0.009730538922155689 0.019158291457286432
201 0.265812125748503 0.5230841708542714 0.010291916167664672 0.01727386934673367
23 0.7100486526946108 0.41315954773869346 0.009169161676646708 0.01978643216080402
23 0.6664483532934132 0.22722989949748745 0.008420658682634731 0.01727386934673367
59 0.2468188622754491 0.6631595477386935 0.012724550898203594 0.019158291457286432
201 0.764502245508982 0.6320665829145728 0.009543413173652695 0.01978643216080402
23 0.7253929640718564 0.6728957286432161 0.008794910179640719 0.019158291457286432
119 0.7688997005988024 0.4472361809045226 0.010853293413173653 0.0207286432160804
212 0.6697230538922156 0.5957914572864321 0.004491017964071857 0.01821608040201005
100 0.7201534431137725 0.31124371859296485 0.013660179640718563 0.019472361809045227
119 0.8596556886227545 0.5064384422110553 0.01160179640718563 0.01978643216080402
8 0.6883420658682635 0.41520100502512564 0.008794910179640719 0.017587939698492462
7 0.33626497005988026 0.34108040201005024 0.01160179640718563 0.01821608040201005
119 0.7249251497005988 0.2245603015075377 0.010104790419161677 0.0207286432160804
119 0.5720434131736527 0.5183731155778895 0.013098802395209582 0.019158291457286432
8 0.33308383233532934 0.49905778894472363 0.0074850299401197605 0.017587939698492462
120 0.30782185628742514 0.4015389447236181 0.009356287425149701 0.019158291457286432
23 0.2476609281437126 0.523712311557789 0.010291916167664672 0.017902010050251257
212 0.6877806886227545 0.5742776381909548 0.005426646706586827 0.019158291457286432
201 0.2688061377245509 0.5037688442211056 0.009543413173652695 0.017587939698492462
14 0.3027694610778443 0.6611180904522613 0.010853293413173653 0.016959798994974875
212 0.6656998502994013 0.6386620603015075 0.005426646706586827 0.01978643216080402
33 0.8648952095808384 0.5880967336683417 0.009356287425149701 0.02355527638190955
150 0.33299026946107785 0.4608982412060302 0.01066616766467066 0.017902010050251257
201 0.7357784431137725 0.3530150753768844 0.01160179640718563 0.02135678391959799
225 0.6307073353293413 0.4962311557788945 0.009169161676646708 0.016331658291457288
8 0.7254865269461078 0.41331658291457285 0.009730538922155689 0.01884422110552764
111 0.7212761976047904 0.49104899497487436 0.009543413173652695 0.019158291457286432
225 0.7422342814371258 0.2240891959798995 0.008794910179640719 0.02292713567839196
201 0.6926459580838323 0.6160489949748744 0.009169161676646708 0.018530150753768845
8 0.31540044910179643 0.32097989949748745 0.009917664670658683 0.01884422110552764
107 0.7258607784431138 0.3534861809045226 0.01160179640718563 0.019158291457286432
186 0.7017215568862276 0.43467336683417085 0.010104790419161677 0.01884422110552764
7 0.26487649700598803 0.683574120603015 0.009169161676646708 0.021042713567839197
23 0.29547155688622756 0.6821608040201005 0.009730538922155689 0.016331658291457288
119 0.718001497005988 0.6527952261306533 0.012350299401197605 0.02292713567839196
201 0.7228667664670659 0.5499371859296482 0.009356287425149701 0.016331658291457288
119 0.3140905688622755 0.4217964824120603 0.01066616766467066 0.02135678391959799
212 0.23877245508982037 0.6048994974874372 0.004491017964071857 0.01821608040201005
225 0.3215755988023952 0.38175251256281406 0.009169161676646708 0.018530150753768845
201 0.4192552395209581 0.6829459798994975 0.01066616766467066 0.01664572864321608
23 0.2255800898203593 0.5849560301507538 0.008420658682634731 0.01664572864321608
7 0.2635666167664671 0.6042713567839196 0.009169161676646708 0.01507537688442211
33 0.6784244011976048 0.4935615577889447 0.011414670658682636 0.018530150753768845
23 0.704247754491018 0.4532035175879397 0.009169161676646708 0.01821608040201005
201 0.7071482035928144 0.2247173366834171 0.008607784431137725 0.02229899497487437
9 0.6803892215568863 0.5348618090452262 0.007110778443113773 0.01884422110552764
100 0.33037050898203596 0.6019158291457286 0.0061751497005988025 0.017902010050251257
23 0.2410179640718563 0.5650125628140703 0.008607784431137725 0.016959798994974875
8 0.2670284431137725 0.4838253768844221 0.008607784431137725 0.018530150753768845
201 0.842627245508982 0.667713567839196 0.008233532934131737 0.022613065326633167
23 0.27760104790419166 0.3610238693467337 0.010291916167664672 0.018530150753768845
33 0.29977544910179643 0.6212311557788944 0.009356287425149701 0.016959798994974875
212 0.5585703592814372 0.4789572864321608 0.005988023952095809 0.015703517587939697
177 0.7617889221556887 0.46765075376884424 0.010104790419161677 0.01884422110552764
23 0.8243824850299402 0.5857412060301508 0.008420658682634731 0.02386934673366834
107 0.2512163173652695 0.5849560301507538 0.012911676646706588 0.018530150753768845
161 0.6845059880239521 0.5939070351758794 0.010853293413173653 0.0207286432160804
212 0.8499251497005988 0.6673994974874372 0.00561377245508982 0.02198492462311558
201 0.31708458083832336 0.4009108040201005 0.009543413173652695 0.018530150753768845
212 0.5776571856287426 0.23649497487437185 0.0074850299401197605 0.01821608040201005
23 0.7576721556886228 0.2245603015075377 0.010479041916167666 0.02198492462311558
201 0.7929453592814372 0.26240577889447236 0.009543413173652695 0.01664572864321608
225 0.8669535928143713 0.4665515075376884 0.008607784431137725 0.021042713567839197
119 0.6936751497005988 0.6747801507537688 0.008982035928143714 0.014133165829145729
59 0.7665606287425151 0.2240891959798995 0.011788922155688624 0.01978643216080402
201 0.7603854790419162 0.5486809045226131 0.009169161676646708 0.015703517587939697
161 0.3255052395209581 0.26664572864321606 0.008794910179640719 0.02449748743718593
33 0.782934131736527 0.46749371859296485 0.010853293413173653 0.01978643216080402
212 0.31465194610778446 0.5603015075376885 0.005052395209580838 0.01507537688442211
201 0.8373877245508983 0.4841394472361809 0.009356287425149701 0.01978643216080402
23 0.5606287425149701 0.5804020100502513 0.00785928143712575 0.01256281407035176
33 0.26843188622754494 0.6425879396984925 0.008420658682634731 0.01821608040201005
23 0.3260666167664671 0.5422424623115578 0.008046407185628743 0.01978643216080402
201 0.7078967065868264 0.47157663316582915 0.008607784431137725 0.01664572864321608
201 0.5726983532934132 0.47754396984924624 0.01066616766467066 0.019158291457286432
177 0.25645583832335334 0.522141959798995 0.009543413173652695 0.01664572864321608
45 0.8845434131736527 0.5863693467336684 0.014595808383233533 0.02198492462311558
201 0.22801272455089822 0.6655150753768845 0.009543413173652695 0.016959798994974875
212 0.3695733532934132 0.49733040201005024 0.00561377245508982 0.017902010050251257
201 0.7460703592814372 0.6306532663316583 0.008233532934131737 0.013819095477386936
201 0.642870508982036 0.5166457286432161 0.010291916167664672 0.0207286432160804
8 0.7715194610778443 0.46733668341708545 0.010479041916167666 0.01821608040201005
186 0.6966691616766467 0.24811557788944724 0.009356287425149701 0.01821608040201005
225 0.6050711077844312 0.2672738693467337 0.006923652694610779 0.014447236180904523
100 0.7220247005988024 0.2460741206030151 0.007672155688622755 0.018530150753768845
45 0.596556886227545 0.2749685929648241 0.014595808383233533 0.01727386934673367
77 0.6685067365269461 0.6157349246231156 0.01066616766467066 0.03486180904522613
8 0.3550711077844312 0.4607412060301508 0.008046407185628743 0.016331658291457288
225 0.22436377245508984 0.6860866834170855 0.0074850299401197605 0.01727386934673367
23 0.7427020958083833 0.5904522613065327 0.007110778443113773 0.013190954773869347
14 0.297062125748503 0.5414572864321608 0.010291916167664672 0.016959798994974875
14 0.5819610778443114 0.29538316582914576 0.009356287425149701 0.019158291457286432
225 0.344685628742515 0.36212311557788945 0.009356287425149701 0.0207286432160804
23 0.8594685628742516 0.46623743718592964 0.009356287425149701 0.02041457286432161
120 0.2383046407185629 0.6441582914572864 0.009543413173652695 0.016959798994974875
120 0.798933383233533 0.27810929648241206 0.008794910179640719 0.02041457286432161
33 0.5608158682634731 0.4586997487437186 0.010479041916167666 0.019158291457286432
119 0.7357784431137725 0.6317525125628141 0.010853293413173653 0.018530150753768845
201 0.44919535928143717 0.4396984924623116 0.012911676646706588 0.013190954773869347
100 0.7238023952095809 0.4525753768844221 0.008233532934131737 0.020100502512562814
201 0.4600486526946108 0.5219849246231156 0.006923652694610779 0.011306532663316583
186 0.32148203592814373 0.6023869346733668 0.012350299401197605 0.017587939698492462
107 0.6515718562874252 0.5983040201005025 0.013098802395209582 0.02135678391959799
161 0.6834767964071856 0.6358354271356784 0.009917664670658683 0.019158291457286432
119 0.2477544910179641 0.4847675879396985 0.012724550898203594 0.02041457286432161
8 0.3416916167664671 0.4415829145728643 0.006736526946107785 0.0207286432160804
23 0.23334580838323354 0.6854585427135679 0.010104790419161677 0.019158291457286432
100 0.41831961077844315 0.5802449748743719 0.009543413173652695 0.019158291457286432
119 0.7144461077844312 0.45179020100502515 0.011976047904191617 0.017902010050251257
33 0.27591691616766467 0.46136934673366836 0.010291916167664672 0.019472361809045227
23 0.6420284431137725 0.2496859296482412 0.008607784431137725 0.013819095477386936
150 0.6645770958083833 0.45618718592964824 0.012163173652694611 0.019158291457286432
14 0.547062125748503 0.5182160804020101 0.012163173652694611 0.01884422110552764
161 0.2474738023952096 0.563285175879397 0.009169161676646708 0.016017587939698492
119 0.4543413173652695 0.6212311557788944 0.011976047904191617 0.020100502512562814
14 0.674120508982036 0.22675879396984924 0.01066616766467066 0.01821608040201005
14 0.6940494011976048 0.5532349246231156 0.010479041916167666 0.01978643216080402
201 0.829434880239521 0.5522927135678392 0.009543413173652695 0.01978643216080402
8 0.2734842814371258 0.6837311557788944 0.009917664670658683 0.017587939698492462
119 0.2844311377245509 0.6816896984924623 0.010853293413173653 0.021042713567839197
201 0.21472679640718564 0.686714824120603 0.011414670658682636 0.018530150753768845
14 0.6689745508982037 0.39745603015075376 0.009730538922155689 0.017902010050251257
8 0.545939371257485 0.6625314070351759 0.009543413173652695 0.021042713567839197
23 0.6526946107784432 0.22675879396984924 0.008233532934131737 0.01884422110552764
119 0.2474738023952096 0.5438128140703518 0.011040419161676647 0.01727386934673367
107 0.6747754491017964 0.5552763819095478 0.01122754491017964 0.01507537688442211
120 0.7004116766467067 0.6564070351758794 0.008233532934131737 0.01884422110552764
201 0.3552582335329342 0.5207286432160804 0.010291916167664672 0.01884422110552764
150 0.6958270958083833 0.5326633165829145 0.01066616766467066 0.020100502512562814
119 0.26225673652694614 0.4213253768844221 0.011040419161676647 0.02041457286432161
14 0.8504865269461078 0.46545226130653267 0.009356287425149701 0.0207286432160804
8 0.3409431137724551 0.541928391959799 0.008982035928143714 0.019158291457286432
212 0.7470995508982037 0.37201633165829145 0.0061751497005988025 0.018530150753768845
119 0.6334206586826348 0.24764447236180906 0.009356287425149701 0.019158291457286432
120 0.2849925149700599 0.6407035175879398 0.008982035928143714 0.01884422110552764
8 0.7328779940119761 0.4723618090452261 0.008794910179640719 0.01821608040201005
225 0.7271706586826348 0.33291457286432163 0.006362275449101797 0.0207286432160804
8 0.7862088323353293 0.4880653266331658 0.010291916167664672 0.02135678391959799
161 0.8427208083832336 0.5061243718592965 0.008794910179640719 0.02041457286432161
8 0.734375 0.22518844221105527 0.008794910179640719 0.01821608040201005
212 0.7325037425149701 0.6747801507537688 0.009169161676646708 0.021042713567839197
150 0.24195359281437126 0.6840452261306533 0.01122754491017964 0.01884422110552764
107 0.549681886227545 0.5799309045226131 0.013285928143712575 0.02041457286432161
120 0.7398016467065869 0.6725816582914573 0.008794910179640719 0.02229899497487437
59 0.35422904191616766 0.602072864321608 0.013098802395209582 0.017587939698492462
186 0.30305014970059885 0.6821608040201005 0.010291916167664672 0.02198492462311558
100 0.7240830838323353 0.5298366834170855 0.008794910179640719 0.017587939698492462
212 0.3004303892215569 0.4013819095477387 0.005800898203592815 0.01884422110552764
23 0.655314371257485 0.47565954773869346 0.009730538922155689 0.017902010050251257
120 0.7642215568862276 0.652324120603015 0.01122754491017964 0.02198492462311558
161 0.7147267964071857 0.24638819095477388 0.009169161676646708 0.018530150753768845
59 0.2571107784431138 0.5029836683417086 0.01347305389221557 0.018530150753768845
8 0.281811377245509 0.605213567839196 0.009356287425149701 0.016959798994974875
120 0.5578218562874252 0.4389133165829146 0.010104790419161677 0.02041457286432161
119 0.8487088323353293 0.4857097989949749 0.012911676646706588 0.021670854271356784
8 0.36162050898203596 0.5810301507537688 0.008046407185628743 0.01821608040201005
14 0.7960329341317366 0.29978015075376885 0.010853293413173653 0.02292713567839196
225 0.22398952095808386 0.5661118090452262 0.009356287425149701 0.016017587939698492
23 0.2846182634730539 0.46011306532663315 0.008607784431137725 0.016959798994974875
150 0.7614146706586827 0.5288944723618091 0.013098802395209582 0.01884422110552764
8 0.7681511976047904 0.6721105527638191 0.010853293413173653 0.02198492462311558
150 0.5685815868263473 0.43859924623115576 0.012163173652694611 0.01978643216080402
212 0.7167851796407186 0.6339510050251257 0.003929640718562875 0.01978643216080402
119 0.640625 0.22722989949748745 0.011414670658682636 0.017902010050251257
201 0.29004491017964074 0.6224874371859297 0.010479041916167666 0.016959798994974875
201 0.7311002994011977 0.45084798994974873 0.010104790419161677 0.021042713567839197
119 0.7675898203592815 0.4882223618090452 0.01122754491017964 0.021042713567839197
144 0.7896706586826348 0.5667399497487438 0.010104790419161677 0.02229899497487437
33 0.7348428143712575 0.5089510050251256 0.009730538922155689 0.01978643216080402
120 0.8339258982035929 0.6681846733668342 0.010291916167664672 0.02041457286432161
111 0.3477732035928144 0.49921482412060303 0.008794910179640719 0.017902010050251257
186 0.3027694610778443 0.6410175879396985 0.010479041916167666 0.01821608040201005
120 0.7165980538922156 0.41315954773869346 0.007672155688622755 0.01664572864321608
8 0.329434880239521 0.38222361809045224 0.010291916167664672 0.01884422110552764
8 0.6622380239520959 0.4375 0.009356287425149701 0.0207286432160804
119 0.22988398203592816 0.6239007537688442 0.009917664670658683 0.01727386934673367
119 0.7752619760479043 0.6300251256281407 0.011976047904191617 0.022613065326633167
201 0.22483158682634732 0.5244974874371859 0.009543413173652695 0.017587939698492462
169 0.561564371257485 0.6625314070351759 0.009730538922155689 0.021670854271356784
8 0.7052769461077845 0.6747801507537688 0.008233532934131737 0.014133165829145729
212 0.30529565868263475 0.5422424623115578 0.005426646706586827 0.01664572864321608
111 0.7976235029940121 0.24277638190954776 0.008794910179640719 0.017587939698492462
225 0.2569236526946108 0.5643844221105527 0.009730538922155689 0.016959798994974875
212 0.3447791916167665 0.6023869346733668 0.005052395209580838 0.019472361809045227
201 0.2722679640718563 0.6050565326633166 0.008233532934131737 0.01727386934673367
77 0.2950037425149701 0.46152638190954776 0.012537425149700599 0.03611809045226131
59 0.6987275449101796 0.4158291457286432 0.012724550898203594 0.0207286432160804
45 0.7563622754491018 0.4491206030150754 0.01347305389221557 0.014447236180904523
119 0.7078031437125749 0.6336369346733668 0.012163173652694611 0.017902010050251257
59 0.2824663173652695 0.38238065326633164 0.014034431137724552 0.017902010050251257
119 0.3671407185628743 0.5588881909547738 0.011976047904191617 0.017902010050251257
119 0.32737649700598803 0.6400753768844221 0.012163173652694611 0.016959798994974875
8 0.30857035928143717 0.6212311557788944 0.009356287425149701 0.01821608040201005
111 0.22127619760479042 0.6050565326633166 0.013285928143712575 0.01978643216080402
212 0.7603854790419162 0.4114321608040201 0.0035553892215568865 0.019472361809045227
186 0.6795471556886228 0.574748743718593 0.009917664670658683 0.015703517587939697
201 0.6447417664670659 0.5775753768844221 0.010291916167664672 0.01884422110552764
201 0.7013473053892216 0.3547424623115578 0.010104790419161677 0.01664572864321608
212 0.34000748502994016 0.49890075376884424 0.00561377245508982 0.01664572864321608
161 0.7432634730538923 0.3321293969849246 0.01122754491017964 0.019158291457286432
161 0.7135104790419162 0.5103643216080402 0.009356287425149701 0.019472361809045227
150 0.33879116766467066 0.5621859296482412 0.009543413173652695 0.013819095477386936
161 0.6318300898203594 0.539572864321608 0.01066616766467066 0.015703517587939697
186 0.30155314371257486 0.5835427135678392 0.01066616766467066 0.01821608040201005
23 0.35600673652694614 0.640389447236181 0.009169161676646708 0.017587939698492462
212 0.3547904191616767 0.5015703517587939 0.004491017964071857 0.013819095477386936
23 0.21996631736526948 0.5453831658291457 0.009169161676646708 0.016017587939698492
212 0.7274513473053893 0.2451319095477387 0.005426646706586827 0.018530150753768845
120 0.6800149700598803 0.43561557788944727 0.009730538922155689 0.01884422110552764
144 0.7551459580838323 0.6319095477386935 0.010291916167664672 0.01884422110552764
59 0.608439371257485 0.2452889447236181 0.011414670658682636 0.015703517587939697
120 0.6850673652694611 0.6144786432160804 0.010853293413173653 0.018530150753768845
23 0.7776010479041917 0.5494660804020101 0.01066616766467066 0.01727386934673367
225 0.32672155688622756 0.4020100502512563 0.007110778443113773 0.017587939698492462
212 0.27591691616766467 0.4021670854271357 0.004303892215568862 0.019158291457286432
201 0.13360778443113774 0.5438128140703518 0.009730538922155689 0.019158291457286432
212 0.7248315868263473 0.47361809045226133 0.007297904191616767 0.0207286432160804
119 0.7525261976047904 0.5904522613065327 0.012163173652694611 0.02198492462311558
23 0.265999251497006 0.46215452261306533 0.009543413173652695 0.01727386934673367
8 0.688622754491018 0.4923052763819096 0.01122754491017964 0.017902010050251257
33 0.6736526946107785 0.6367776381909548 0.01122754491017964 0.01727386934673367
100 0.3197979041916168 0.6620603015075377 0.005239520958083833 0.016959798994974875
201 0.640625 0.4957600502512563 0.008046407185628743 0.014133165829145729
14 0.7404565868263473 0.46733668341708545 0.009730538922155689 0.01821608040201005
23 0.7830276946107785 0.589824120603015 0.007672155688622755 0.02386934673366834
111 0.7918226047904192 0.5887248743718593 0.01066616766467066 0.02292713567839196
201 0.25439745508982037 0.6041143216080402 0.009169161676646708 0.016017587939698492
8 0.3375748502994012 0.601287688442211 0.008982035928143714 0.01664572864321608
212 0.6875 0.5347047738693468 0.005988023952095809 0.018530150753768845
23 0.7547717065868264 0.6515389447236181 0.008794910179640719 0.02229899497487437
23 0.3440306886227545 0.6209170854271356 0.006923652694610779 0.01507537688442211
14 0.6725299401197605 0.677606783919598 0.009356287425149701 0.02229899497487437
201 0.7695546407185629 0.5072236180904522 0.008794910179640719 0.01821608040201005
201 0.549681886227545 0.539572864321608 0.008420658682634731 0.0207286432160804
225 0.6810441616766467 0.45540201005025127 0.008794910179640719 0.01884422110552764
8 0.6898390718562875 0.45540201005025127 0.009543413173652695 0.01884422110552764
59 0.37116392215568866 0.5816582914572864 0.009169161676646708 0.019472361809045227
201 0.5519273952095809 0.4795854271356784 0.009169161676646708 0.019472361809045227
119 0.282934131736527 0.4417399497487437 0.01122754491017964 0.01978643216080402
107 0.6328592814371258 0.5163316582914573 0.01347305389221557 0.01821608040201005
212 0.34908308383233533 0.4417399497487437 0.005426646706586827 0.01978643216080402
8 0.32475673652694614 0.4199120603015075 0.008046407185628743 0.014447236180904523
120 0.733813622754491 0.39368718592964824 0.007672155688622755 0.02041457286432161
212 0.7474738023952097 0.45084798994974873 0.005800898203592815 0.021042713567839197
201 0.6945172155688624 0.5727072864321608 0.009543413173652695 0.01727386934673367
119 0.28967065868263475 0.34123743718592964 0.01347305389221557 0.02041457286432161
201 0.6774887724550899 0.39729899497487436 0.009169161676646708 0.016331658291457288
17 0.32063997005988026 0.6826319095477387 0.01066616766467066 0.01978643216080402
23 0.2317552395209581 0.6039572864321608 0.008046407185628743 0.017587939698492462
120 0.3323353293413174 0.4411118090452261 0.008982035928143714 0.01978643216080402
45 0.7565494011976048 0.6103957286432161 0.013098802395209582 0.02041457286432161
212 0.32644086826347307 0.4995288944723618 0.004303892215568862 0.016017587939698492
186 0.2690868263473054 0.5420854271356784 0.009356287425149701 0.020100502512562814
119 0.27741392215568866 0.522927135678392 0.011414670658682636 0.01821608040201005
107 0.6802020958083833 0.6571922110552764 0.012724550898203594 0.02041457286432161
225 0.3352357784431138 0.6609610552763819 0.009543413173652695 0.018530150753768845
100 0.7478480538922156 0.46780778894472363 0.005800898203592815 0.01727386934673367
119 0.359000748502994 0.4428391959798995 0.012911676646706588 0.0207286432160804
8 0.780875748502994 0.4477072864321608 0.012350299401197605 0.017902010050251257
177 0.2848053892215569 0.5621859296482412 0.009730538922155689 0.01821608040201005
120 0.6915232035928144 0.22675879396984924 0.008794910179640719 0.019472361809045227
212 0.7616017964071857 0.5896670854271356 0.004116766467065869 0.019158291457286432
45 0.750187125748503 0.39290201005025127 0.014221556886227546 0.0207286432160804
186 0.3026758982035928 0.5606155778894473 0.009543413173652695 0.014447236180904523
212 0.7852732035928144 0.26271984924623115 0.006923652694610779 0.015389447236180905
119 0.6030127245508983 0.29444095477386933 0.011414670658682636 0.019158291457286432
212 0.5537050898203593 0.6620603015075377 0.0037425149700598802 0.02198492462311558
225 0.23577844311377247 0.6639447236180904 0.009356287425149701 0.017587939698492462
14 0.6999438622754491 0.22707286432160803 0.007672155688622755 0.02198492462311558
119 0.6454902694610779 0.4766017587939699 0.012537425149700599 0.01978643216080402
8 0.296875 0.31909547738693467 0.010291916167664672 0.022613065326633167
23 0.2938809880239521 0.5618718592964824 0.009917664670658683 0.01821608040201005
150 0.29547155688622756 0.48178391959798994 0.01160179640718563 0.016959798994974875
8 0.6851609281437127 0.3550565326633166 0.011040419161676647 0.02041457286432161
212 0.6773016467065869 0.6141645728643216 0.006923652694610779 0.017902010050251257
177 0.2284805389221557 0.5442839195979899 0.010853293413173653 0.01884422110552764
23 0.8505800898203594 0.5076947236180904 0.009169161676646708 0.019158291457286432
119 0.30941242514970063 0.6019158291457286 0.012911676646706588 0.017902010050251257
33 0.13510479041916168 0.5032977386934674 0.01160179640718563 0.017902010050251257
14 0.41485778443113774 0.5620288944723618 0.008233532934131737 0.01727386934673367
14 0.8720995508982037 0.5866834170854272 0.008046407185628743 0.02135678391959799
23 0.6699101796407186 0.3767273869346734 0.010853293413173653 0.01978643216080402
212 0.6621444610778443 0.5362751256281407 0.007672155688622755 0.019158291457286432
14 0.5508982035928144 0.4393844221105528 0.01122754491017964 0.01821608040201005
8 0.6311751497005988 0.22754396984924624 0.008233532934131737 0.017902010050251257
100 0.2866766467065868 0.36165201005025127 0.00785928143712575 0.019158291457286432
8 0.7392402694610779 0.5515075376884422 0.008794910179640719 0.013819095477386936
161 0.7157559880239521 0.39337311557788945 0.01160179640718563 0.018530150753768845
59 0.42430763473053895 0.5249685929648241 0.011414670658682636 0.019158291457286432
186 0.2734842814371258 0.42101130653266333 0.01066616766467066 0.014133165829145729
150 0.25860778443113774 0.5447550251256281 0.008982035928143714 0.014133165829145729
14 0.6609281437125749 0.4952889447236181 0.01122754491017964 0.0207286432160804
120 0.7523390718562875 0.5295226130653267 0.012911676646706588 0.01821608040201005
23 0.6706586826347306 0.6578203517587939 0.0074850299401197605 0.012876884422110553
23 0.22090194610778444 0.6246859296482412 0.01066616766467066 0.015703517587939697
150 0.7129491017964072 0.4335741206030151 0.010104790419161677 0.021670854271356784
8 0.27675898203592814 0.6424309045226131 0.008607784431137725 0.019158291457286432
8 0.7521519461077845 0.41315954773869346 0.010291916167664672 0.017902010050251257
33 0.7558008982035929 0.3707600502512563 0.009730538922155689 0.019158291457286432
225 0.2322230538922156 0.5654836683417086 0.008982035928143714 0.01727386934673367
14 0.6587761976047904 0.22707286432160803 0.007672155688622755 0.019472361809045227
119 0.34066242514970063 0.6826319095477387 0.013285928143712575 0.019158291457286432
14 0.7613211077844312 0.24450376884422112 0.009917664670658683 0.017902010050251257
119 0.2723615269461078 0.5835427135678392 0.011414670658682636 0.019472361809045227
225 0.7774139221556887 0.2440326633165829 0.008794910179640719 0.016331658291457288
8 0.27638473053892215 0.5430276381909548 0.010853293413173653 0.0207286432160804
225 0.7594498502994013 0.6744660804020101 0.009917664670658683 0.02041457286432161
201 0.7236152694610779 0.37421482412060303 0.00785928143712575 0.014761306532663316
161 0.265063622754491 0.38222361809045224 0.008794910179640719 0.019472361809045227
45 0.5675523952095809 0.23618090452261306 0.012724550898203594 0.017587939698492462
8 0.704247754491018 0.49167713567839194 0.009169161676646708 0.017902010050251257
8 0.29949476047904194 0.3415515075376884 0.010291916167664672 0.021042713567839197
8 0.7908869760479043 0.27779522613065327 0.015157185628742516 0.01978643216080402
212 0.7287612275449102 0.49152010050251255 0.005052395209580838 0.015703517587939697
107 0.8425336826347306 0.586212311557789 0.012537425149700599 0.02292713567839196
14 0.2813435628742515 0.621074120603015 0.009543413173652695 0.01727386934673367
150 0.5744760479041916 0.2578517587939699 0.012724550898203594 0.019472361809045227
23 0.7767589820359282 0.2237751256281407 0.0074850299401197605 0.018530150753768845
14 0.5460329341317366 0.6011306532663316 0.01160179640718563 0.01884422110552764
119 0.6627994011976048 0.678391959798995 0.012350299401197605 0.0207286432160804
119 0.6794535928143713 0.37751256281407036 0.013098802395209582 0.02135678391959799
161 0.34272080838323354 0.6617462311557789 0.009169161676646708 0.017587939698492462
150 0.29519086826347307 0.36275125628140703 0.011414670658682636 0.01821608040201005
161 0.29341317365269465 0.6410175879396985 0.009730538922155689 0.016959798994974875
119 0.6957335329341318 0.5924937185929648 0.01160179640718563 0.02292713567839196
225 0.7073353293413174 0.37405778894472363 0.009730538922155689 0.0207286432160804
120 0.705557634730539 0.33307160804020103 0.008794910179640719 0.015389447236180905
186 0.7145396706586826 0.37358668341708545 0.010291916167664672 0.01978643216080402
201 0.6793600299401198 0.5142902010050251 0.010291916167664672 0.02041457286432161
14 0.6932073353293413 0.3533291457286432 0.009543413173652695 0.015703517587939697
120 0.7439184131736527 0.5089510050251256 0.010291916167664672 0.017902010050251257
23 0.7581399700598803 0.48885050251256285 0.01066616766467066 0.02041457286432161
100 0.7148203592814372 0.5915515075376885 0.005988023952095809 0.02041457286432161
212 0.7813435628742516 0.5689384422110553 0.005426646706586827 0.02292713567839196
186 0.30735404191616766 0.3220791457286432 0.01066616766467066 0.01978643216080402
212 0.6960142215568863 0.49261934673366836 0.0061751497005988025 0.02041457286432161
225 0.6649513473053893 0.5559045226130653 0.009917664670658683 0.01884422110552764
7 0.35273203592814373 0.6843592964824121 0.010104790419161677 0.0207286432160804
59 0.7711452095808383 0.5901381909547739 0.013098802395209582 0.02135678391959799
23 0.5985217065868264 0.2489007537688442 0.007297904191616767 0.01664572864321608
23 0.3133420658682635 0.6827889447236181 0.007672155688622755 0.019472361809045227
59 0.3253181137724551 0.5620288944723618 0.01590568862275449 0.01664572864321608
33 0.7352170658682635 0.24544597989949749 0.010104790419161677 0.019158291457286432
161 0.6974176646706587 0.3743718592964824 0.009356287425149701 0.02135678391959799
59 0.343562874251497 0.5201005025125628 0.012724550898203594 0.0207286432160804
201 0.31119011976047906 0.6625314070351759 0.008233532934131737 0.01727386934673367
8 0.7247380239520959 0.39337311557788945 0.009356287425149701 0.017902010050251257
119 0.423372005988024 0.6422738693467337 0.009543413173652695 0.019472361809045227
14 0.3381362275449102 0.38159547738693467 0.009730538922155689 0.01884422110552764
212 0.7327844311377246 0.41347361809045224 0.004116766467065869 0.019158291457286432
201 0.29191616766467066 0.5824434673366834 0.008233532934131737 0.01727386934673367
212 0.5886040419161677 0.3390389447236181 0.004303892215568862 0.01978643216080402
150 0.267309131736527 0.5642273869346733 0.01066616766467066 0.01664572864321608
23 0.6419348802395209 0.5983040201005025 0.010291916167664672 0.02135678391959799
150 0.8534805389221557 0.5866834170854272 0.01122754491017964 0.02135678391959799
23 0.3047342814371258 0.4224246231155779 0.010291916167664672 0.020100502512562814
119 0.23540419161676648 0.5025125628140703 0.010104790419161677 0.019472361809045227
8 0.8165232035928144 0.6681846733668342 0.007297904191616767 0.02041457286432161
100 0.27694610778443113 0.563285175879397 0.007110778443113773 0.017902010050251257
225 0.7227732035928144 0.4327889447236181 0.008046407185628743 0.019472361809045227
150 0.5473428143712575 0.6407035175879398 0.01160179640718563 0.02198492462311558
150 0.6449288922155689 0.43592964824120606 0.01066616766467066 0.01821608040201005
107 0.7504678143712575 0.5497801507537688 0.013660179640718563 0.017902010050251257
186 0.33317739520958084 0.5813442211055276 0.013285928143712575 0.01821608040201005
23 0.767122005988024 0.4296482412060302 0.009169161676646708 0.01821608040201005
119 0.2716130239520958 0.6220163316582915 0.009917664670658683 0.01664572864321608
119 0.6881549401197605 0.47361809045226133 0.011414670658682636 0.01884422110552764
14 0.5844872754491018 0.2554962311557789 0.008420658682634731 0.01664572864321608
150 0.2939745508982036 0.6615891959798995 0.01160179640718563 0.017902010050251257
201 0.6778630239520959 0.4751884422110553 0.010291916167664672 0.016959798994974875
201 0.6755239520958084 0.5946922110552764 0.008233532934131737 0.02041457286432161
225 0.7790044910179641 0.5081658291457286 0.01122754491017964 0.01821608040201005
212 0.705744760479042 0.5323492462311558 0.006549401197604791 0.01884422110552764
201 0.7688997005988024 0.24434673366834173 0.008233532934131737 0.016959798994974875
119 0.7685254491017964 0.407820351758794 0.01122754491017964 0.02041457286432161
201 0.3000561377245509 0.5020414572864321 0.007672155688622755 0.01664572864321608
120 0.549869011976048 0.49733040201005024 0.012537425149700599 0.018530150753768845
161 0.8081025449101797 0.2762248743718593 0.01066616766467066 0.02229899497487437
201 0.7487836826347306 0.490106783919598 0.008420658682634731 0.01350502512562814
161 0.7317552395209581 0.5507223618090452 0.01066616766467066 0.01978643216080402
8 0.31764595808383234 0.3613379396984925 0.009543413173652695 0.012876884422110553
23 0.6700037425149701 0.4954459798994975 0.008794910179640719 0.01978643216080402
150 0.7324101796407186 0.4315326633165829 0.009730538922155689 0.02198492462311558
201 0.43347679640718567 0.5232412060301508 0.008046407185628743 0.01256281407035176
8 0.7743263473053893 0.5673680904522613 0.008982035928143714 0.01727386934673367
23 0.343375748502994 0.5800879396984925 0.010479041916167666 0.015703517587939697
111 0.6972305389221557 0.4532035175879397 0.009730538922155689 0.02135678391959799
59 0.2502806886227545 0.6229585427135679 0.012163173652694611 0.01727386934673367
225 0.7694610778443114 0.5491520100502513 0.008982035928143714 0.017902010050251257
186 0.5568862275449102 0.6416457286432161 0.010104790419161677 0.01884422110552764
107 0.31493263473053895 0.5422424623115578 0.012350299401197605 0.01664572864321608
201 0.4381549401197605 0.582286432160804 0.008420658682634731 0.0207286432160804
120 0.6584019461077845 0.6386620603015075 0.010291916167664672 0.017902010050251257
100 0.33345808383233533 0.5414572864321608 0.00561377245508982 0.01821608040201005
225 0.7506549401197605 0.2245603015075377 0.006923652694610779 0.02198492462311558
201 0.6110591317365269 0.26664572864321606 0.006923652694610779 0.01884422110552764
14 0.7590755988023953 0.43074748743718594 0.008794910179640719 0.018530150753768845
225 0.46135853293413176 0.42289572864321606 0.006923652694610779 0.012248743718592966
201 0.3357035928143713 0.3629082914572864 0.008607784431137725 0.021670854271356784
100 0.5677395209580839 0.5796168341708543 0.006362275449101797 0.01978643216080402
119 0.28349550898203596 0.4822550251256281 0.01122754491017964 0.019158291457286432
119 0.6524139221556886 0.45791457286432163 0.012163173652694611 0.020100502512562814
77 0.2910741017964072 0.4016959798994975 0.01066616766467066 0.03391959798994975
119 0.5678330838323353 0.5587311557788944 0.011788922155688624 0.01884422110552764
23 0.2410179640718563 0.5849560301507538 0.007110778443113773 0.012248743718592966
150 0.6557821856287426 0.5599874371859297 0.012537425149700599 0.02135678391959799
212 0.33327095808383234 0.4009108040201005 0.005239520958083833 0.01978643216080402
161 0.8315868263473054 0.5857412060301508 0.009356287425149701 0.02198492462311558
8 0.671687874251497 0.5350188442211056 0.010291916167664672 0.017902010050251257
150 0.218562874251497 0.6655150753768845 0.010853293413173653 0.0207286432160804
33 0.7422342814371258 0.5293655778894473 0.010291916167664672 0.01978643216080402
33 0.2590755988023952 0.48304020100502515 0.009917664670658683 0.017587939698492462
119 0.23652694610778444 0.5230841708542714 0.011976047904191617 0.01727386934673367
201 0.2614146706586826 0.6226444723618091 0.009356287425149701 0.01727386934673367
119 0.2882672155688623 0.542713567839196 0.011788922155688624 0.01884422110552764
201 0.327750748502994 0.6611180904522613 0.007672155688622755 0.016959798994974875
201 0.422810628742515 0.5618718592964824 0.008046407185628743 0.017587939698492462
14 0.5848615269461078 0.31579773869346733 0.012163173652694611 0.02041457286432161
120 0.5540793413173652 0.6022298994974874 0.009356287425149701 0.019158291457286432
201 0.13510479041916168 0.48319723618090454 0.01122754491017964 0.018530150753768845
119 0.43768712574850305 0.5029836683417086 0.009730538922155689 0.014761306532663316
225 0.3340194610778443 0.42101130653266333 0.008607784431137725 0.021670854271356784
120 0.6527881736526947 0.5785175879396985 0.008046407185628743 0.02135678391959799
107 0.34262724550898205 0.4010678391959799 0.013098802395209582 0.020100502512562814
225 0.32428892215568866 0.5208856783919598 0.009730538922155689 0.02041457286432161
8 0.7225860778443114 0.5909233668341709 0.009543413173652695 0.014761306532663316
23 0.6341691616766467 0.45791457286432163 0.009730538922155689 0.017587939698492462
14 0.703125 0.5728643216080402 0.011788922155688624 0.01821608040201005
119 0.7028443113772456 0.6132223618090452 0.01122754491017964 0.01978643216080402
8 0.7688997005988024 0.6100816582914573 0.012724550898203594 0.01978643216080402
120 0.32644086826347307 0.36259422110552764 0.008794910179640719 0.01978643216080402
201 0.3664857784431138 0.6011306532663316 0.009543413173652695 0.01884422110552764
119 0.7633794910179641 0.5695665829145728 0.012163173652694611 0.021042713567839197
59 0.7147267964071857 0.6136934673366834 0.014782934131736527 0.01884422110552764
8 0.30220808383233533 0.44064070351758794 0.010479041916167666 0.0207286432160804
201 0.659056886227545 0.4180276381909548 0.010853293413173653 0.01821608040201005
201 0.27208083832335334 0.4429962311557789 0.008607784431137725 0.017902010050251257
212 0.3095995508982036 0.5598304020100503 0.004303892215568862 0.016017587939698492
23 0.7708645209580839 0.5293655778894473 0.008046407185628743 0.017902010050251257
201 0.706306137724551 0.24764447236180906 0.008794910179640719 0.019158291457286432
45 0.6177956586826348 0.22597361809045227 0.01066616766467066 0.01664572864321608
8 0.7323166167664671 0.5301507537688442 0.009917664670658683 0.020100502512562814
150 0.4285179640718563 0.5816582914572864 0.010853293413173653 0.0207286432160804
14 0.6473615269461078 0.22691582914572864 0.010291916167664672 0.017902010050251257
119 0.2531811377245509 0.6845163316582915 0.013098802395209582 0.017902010050251257
100 0.3165232035928144 0.2675879396984925 0.009169161676646708 0.02763819095477387
23 0.24597679640718564 0.5037688442211056 0.011414670658682636 0.01821608040201005
107 0.29350673652694614 0.42069723618090454 0.011414670658682636 0.017902010050251257
8 0.32999625748503 0.6831030150753769 0.009169161676646708 0.020100502512562814
212 0.4450785928143713 0.5802449748743719 0.0035553892215568865 0.016017587939698492
225 0.4309505988023952 0.5620288944723618 0.007110778443113773 0.012876884422110553
23 0.734375 0.3316582914572864 0.007297904191616767 0.016331658291457288
177 0.2163173652694611 0.6436871859296482 0.008607784431137725 0.014133165829145729
120 0.7456961077844312 0.35270100502512564 0.009356287425149701 0.02198492462311558
161 0.7076160179640719 0.6534233668341709 0.009169161676646708 0.021042713567839197
23 0.34964446107784436 0.4797424623115578 0.009169161676646708 0.016017587939698492
23 0.6892776946107785 0.3751570351758794 0.008794910179640719 0.01978643216080402
201 0.6854416167664671 0.5544912060301508 0.008607784431137725 0.015389447236180905
8 0.31876871257485034 0.4996859296482412 0.009169161676646708 0.01821608040201005
225 0.23325224550898205 0.5847989949748744 0.008046407185628743 0.015703517587939697
150 0.42028443113772457 0.6218592964824121 0.010479041916167666 0.015703517587939697
8 0.3315868263473054 0.5204145728643216 0.008982035928143714 0.016331658291457288
201 0.6960142215568863 0.3344849246231156 0.010291916167664672 0.01884422110552764
150 0.7142589820359282 0.5326633165829145 0.010104790419161677 0.014447236180904523
14 0.34898952095808383 0.5614007537688442 0.010104790419161677 0.019158291457286432
201 0.5920658682634731 0.31595477386934673 0.01160179640718563 0.01884422110552764
161 0.7314745508982037 0.37201633165829145 0.009356287425149701 0.018530150753768845
8 0.6700973053892216 0.5755339195979899 0.009356287425149701 0.01978643216080402
107 0.7152881736526947 0.6755653266331658 0.013660179640718563 0.02135678391959799
33 0.6721556886227545 0.43624371859296485 0.009730538922155689 0.02135678391959799
150 0.7867702095808383 0.24293341708542715 0.012537425149700599 0.017902010050251257
161 0.7420471556886228 0.4310615577889447 0.009169161676646708 0.01350502512562814
45 0.3220434131736527 0.5826005025125628 0.013098802395209582 0.01256281407035176
8 0.7091130239520959 0.3143844221105528 0.010291916167664672 0.02135678391959799
150 0.24616392215568864 0.46199748743718594 0.009543413173652695 0.01884422110552764
201 0.26169535928143717 0.585427135678392 0.010291916167664672 0.01884422110552764
212 0.2226796407185629 0.6444723618090452 0.005239520958083833 0.016331658291457288
8 0.7157559880239521 0.22487437185929648 0.010104790419161677 0.02135678391959799
212 0.3575973053892216 0.5618718592964824 0.005239520958083833 0.017587939698492462
120 0.3125 0.46152638190954776 0.008233532934131737 0.01978643216080402
212 0.35591317365269465 0.48115577889447236 0.004491017964071857 0.011306532663316583
23 0.3566616766467066 0.5409861809045227 0.008233532934131737 0.017902010050251257
100 0.6534431137724551 0.4371859296482412 0.0074850299401197605 0.01884422110552764
225 0.8373877245508983 0.5516645728643216 0.008233532934131737 0.01664572864321608
212 0.454809131736527 0.4222675879396985 0.006549401197604791 0.019158291457286432
119 0.7876122754491018 0.22110552763819097 0.01160179640718563 0.01884422110552764
14 0.28312125748503 0.5836997487437185 0.009730538922155689 0.018530150753768845
201 0.5921594311377246 0.29585427135678394 0.01066616766467066 0.01821608040201005
100 0.30548278443113774 0.48209798994974873 0.006923652694610779 0.017587939698492462
212 0.34852170658682635 0.5414572864321608 0.005800898203592815 0.017587939698492462
150 0.31165793413173654 0.38175251256281406 0.009543413173652695 0.01978643216080402
59 0.6666354790419162 0.47534547738693467 0.01590568862275449 0.01727386934673367