161 0.11049775449101797 0.2187598363235757 0.009543413173652695 0.01762669184765502
150 0.6628929640718564 0.5602769908718918 0.011040419161676647 0.02014479068303431
225 0.640250748502994 0.559647466163047 0.009169161676646708 0.018885741265344664
59 0.6170471556886228 0.6610009442870632 0.013285928143712575 0.019515265974189486
120 0.7953779940119761 0.6559647466163047 0.009917664670658683 0.018885741265344664
161 0.5924401197604791 0.5808939250865597 0.01122754491017964 0.019830028328611898
14 0.6334206586826348 0.6000944287063267 0.010853293413173653 0.02045955303745672
33 0.5371444610778443 0.4982688070506767 0.012163173652694611 0.01762669184765502
100 0.5428517964071856 0.6408561536040289 0.005988023952095809 0.01825621655649984
212 0.29537799401197606 0.49039974819011645 0.004303892215568862 0.01762669184765502
107 0.9002619760479043 0.6109537299338998 0.0033682634730538923 0.007554296506137866
119 0.3319610778443114 0.5712936732766761 0.009730538922155689 0.01447906830343091
14 0.7914483532934132 0.5124331129996852 0.011788922155688624 0.01825621655649984
201 0.9063435628742516 0.6114258734655336 0.00280688622754491 0.00598048473402581
212 0.438997005988024 0.5657853320742839 0.0022455089820359285 0.0066100094428706326
14 0.28583458083832336 0.34844192634560905 0.012537425149700599 0.018885741265344664
119 0.406998502994012 0.48426188227887945 0.010853293413173653 0.02045955303745672
100 0.2882672155688623 0.5760151085930123 0.007672155688622755 0.02077431539187913
33 0.38706961077844315 0.5873465533522191 0.009169161676646708 0.02077431539187913
212 0.639502245508982 0.4803273528485993 0.006923652694610779 0.02077431539187913
201 0.6688809880239521 0.3977022348127164 0.010291916167664672 0.01668240478438779
8 0.7198727544910181 0.5591753226314132 0.010479041916167666 0.01794145420207743
8 0.4453592814371258 0.5648410450110167 0.0029940119760479044 0.004721435316336166
100 0.7930389221556887 0.49228832231665093 0.005988023952095809 0.02014479068303431
225 0.35544535928143717 0.613314447592068 0.008420658682634731 0.019830028328611898
14 0.2311002994011976 0.6351904312244255 0.01160179640718563 0.0226628895184136
150 0.7472866766467067 0.5580736543909348 0.011040419161676647 0.021403840100723954
119 0.2948166167664671 0.5302171860245515 0.012163173652694611 0.019830028328611898
23 0.30510853293413176 0.6542335536669814 0.011040419161676647 0.01668240478438779
33 0.18113772455089822 0.534466477809254 0.0074850299401197605 0.021403840100723954
201 0.6983532934131736 0.5808939250865597 0.010853293413173653 0.019200503619767075
150 0.22754491017964074 0.5961598992760466 0.012350299401197605 0.02014479068303431
23 0.7458832335329342 0.6384954359458609 0.006736526946107785 0.01164620711362921
59 0.4549026946107785 0.5771167768334907 0.004116766467065869 0.004721435316336166
201 0.15812125748502995 0.5772741580107019 0.010479041916167666 0.016997167138810197
201 0.7248315868263473 0.47891092225369847 0.009543413173652695 0.01794145420207743
120 0.6341691616766467 0.6411709159584513 0.00785928143712575 0.02014479068303431
23 0.2165044910179641 0.4507396915328927 0.007110778443113773 0.01196096946805162
119 0.09833458083832336 0.5569719861504564 0.011414670658682636 0.02045955303745672
8 0.6840381736526947 0.621026125275417 0.011040419161676647 0.022033364809568776
212 0.2573914670658683 0.49102927289896126 0.006549401197604791 0.02329241422725842
33 0.6973241017964072 0.31617878501731195 0.009917664670658683 0.014793830657853321
23 0.6064745508982037 0.6595845136921624 0.008607784431137725 0.019200503619767075
201 0.3550711077844312 0.5067673906200818 0.011414670658682636 0.01825621655649984
23 0.12312874251497007 0.19940195152659743 0.006736526946107785 0.02360717658168083
201 0.18974550898203593 0.43279823733081524 0.008233532934131737 0.016367642429965377
201 0.8829528443113773 0.5269121813031161 0.009543413173652695 0.02014479068303431
7 0.30791541916167664 0.4499527856468366 0.011040419161676647 0.02360717658168083
23 0.7305389221556887 0.6565942713251495 0.006736526946107785 0.01196096946805162
225 0.9072791916167665 0.341517154548316 0.0031811377245508986 0.007554296506137866
120 0.2600112275449102 0.5110166824047844 0.009917664670658683 0.019830028328611898
212 0.37958458083832336 0.611111111111111 0.004303892215568862 0.021089077746301543
119 0.282559880239521 0.4707271010387158 0.012350299401197605 0.02423670129052565
45 0.10619386227544911 0.4982688070506767 0.011788922155688624 0.01825621655649984
8 0.30913173652694614 0.5103871576959396 0.0074850299401197605 0.018570978910922253
8 0.688061377245509 0.37724268177525966 0.008607784431137725 0.022348127163991188
225 0.7843375748502994 0.5141643059490085 0.007672155688622755 0.01794145420207743
8 0.8914670658682635 0.6098520616934214 0.0022455089820359285 0.007869058860560278
201 0.8043600299401198 0.6556499842618823 0.009169161676646708 0.02077431539187913
45 0.38014595808383234 0.5259678942398489 0.012911676646706588 0.016997167138810197
212 0.4512537425149701 0.5654705697198615 0.0020583832335329343 0.0066100094428706326
100 0.5877619760479043 0.6205539817437834 0.010104790419161677 0.01668240478438779
120 0.5534244011976048 0.6213408876298394 0.01066616766467066 0.019515265974189486
8 0.8207335329341318 0.5108593012275732 0.009730538922155689 0.01825621655649984
119 0.3256923652694611 0.5511488825936418 0.009917664670658683 0.015738117721120555
8 0.2822791916167665 0.41060749134403524 0.012163173652694611 0.021089077746301543
119 0.1998502994011976 0.5343090966320428 0.01122754491017964 0.019830028328611898
150 0.20228293413173654 0.5958451369216242 0.009730538922155689 0.022033364809568776
120 0.18048278443113774 0.6586402266288952 0.008420658682634731 0.01794145420207743
150 0.6652320359281437 0.5011016682404784 0.010104790419161677 0.016997167138810197
8 0.453873502994012 0.5653131885426503 0.0035553892215568865 0.006924771797293044
225 0.7919161676646707 0.5961598992760466 0.008233532934131737 0.018885741265344664
201 0.7094872754491018 0.5195152659741895 0.008420658682634731 0.01794145420207743
14 0.14951347305389223 0.555870317909978 0.009730538922155689 0.022033364809568776
119 0.6380988023952097 0.6611583254642744 0.011976047904191617 0.021089077746301543
201 0.20639970059880242 0.49102927289896126 0.010104790419161677 0.01762669184765502
14 0.6765531437125749 0.3580421781554926 0.012537425149700599 0.021089077746301543
201 0.7020958083832336 0.5613786591123702 0.009356287425149701 0.01794145420207743
225 0.3477732035928144 0.6721750078690588 0.007672155688622755 0.019830028328611898
23 0.8186751497005988 0.4667925716084356 0.009356287425149701 0.02014479068303431
8 0.6998502994011977 0.619452313503305 0.008607784431137725 0.013220018885741265
33 0.6207896706586826 0.561221277935159 0.008420658682634731 0.02077431539187913
119 0.42047155688622756 0.5448536355051936 0.01122754491017964 0.024551463644948063
23 0.6419348802395209 0.46065470569719863 0.009543413173652695 0.01794145420207743
201 0.376122754491018 0.6712307208057916 0.008233532934131737 0.01164620711362921
150 0.8689184131736527 0.48740950582310355 0.010291916167664672 0.022348127163991188
225 0.4039109281437126 0.42477179729304376 0.008046407185628743 0.012905256531318854
212 0.6914296407185629 0.3364809568775574 0.005239520958083833 0.019515265974189486
201 0.5739146706586826 0.5815234497954045 0.009356287425149701 0.01794145420207743
8 0.657934131736527 0.3150771167768335 0.007110778443113773 0.02077431539187913
119 0.2631923652694611 0.3915643689014794 0.014034431137724552 0.01825621655649984
225 0.1598053892215569 0.26062322946175637 0.00785928143712575 0.015738117721120555
201 0.26796407185628746 0.615675165250236 0.010479041916167666 0.018885741265344664
150 0.22314745508982037 0.5764872521246459 0.01066616766467066 0.019830028328611898
119 0.7020958083832336 0.4993704752911552 0.010853293413173653 0.018570978910922253
100 0.10843937125748504 0.23890462700661 0.006549401197604791 0.016367642429965377
201 0.1505426646706587 0.26015108593012276 0.009169161676646708 0.016052880075542966
201 0.23605913173652696 0.5546112684922884 0.008046407185628743 0.019515265974189486
120 0.8048278443113773 0.5949008498583569 0.008982035928143714 0.019515265974189486
225 0.5731661676646707 0.5599622285174694 0.0074850299401197605 0.012590494176896443
59 0.6199476047904192 0.4796978281397545 0.009356287425149701 0.021403840100723954
161 0.7056511976047904 0.5997796663519043 0.010479041916167666 0.014164305949008499
8 0.8974550898203594 0.6081208687440982 0.0033682634730538923 0.006295247088448221
100 0.8086639221556887 0.6163046899590809 0.006923652694610779 0.02014479068303431
107 0.749251497005988 0.5371419578218445 0.01347305389221557 0.018570978910922253
8 0.6068488023952097 0.4779666351904312 0.011976047904191617 0.015423355366698142
8 0.8893151197604791 0.3412023921938936 0.0035553892215568865 0.006924771797293044
14 0.470434131736527 0.5653131885426503 0.0029940119760479044 0.006295247088448221
120 0.5661489520958084 0.5810513062637709 0.010291916167664672 0.019515265974189486
7 0.17907934131736528 0.5975763298709474 0.008607784431137725 0.019830028328611898
77 0.7172529940119761 0.5804217815549261 0.012724550898203594 0.032735284859930755
77 0.2539296407185629 0.5319483789738747 0.010853293413173653 0.032735284859930755
119 0.21435254491017966 0.5958451369216242 0.012911676646706588 0.02077431539187913
186 0.8878181137724551 0.6101668240478438 0.003929640718562875 0.007869058860560278
201 0.36816991017964074 0.5275417060119609 0.008046407185628743 0.016997167138810197
45 0.1697230538922156 0.6589549889833176 0.012724550898203594 0.019830028328611898
186 0.7116392215568863 0.5605917532263142 0.010104790419161677 0.016367642429965377
59 0.6645770958083833 0.5808939250865597 0.015157185628742516 0.01794145420207743
212 0.12752619760479042 0.2577903682719547 0.005426646706586827 0.016997167138810197
119 0.30922529940119764 0.6358199559332703 0.01066616766467066 0.022033364809568776
45 0.6277133233532934 0.5214038401007239 0.012537425149700599 0.014164305949008499
119 0.3632110778443114 0.6528171230720806 0.010479041916167666 0.019515265974189486
120 0.843375748502994 0.466320428076802 0.010479041916167666 0.019200503619767075
119 0.8477732035928144 0.5306893295561851 0.011040419161676647 0.02329241422725842
14 0.75374251497006 0.6395971041863393 0.009356287425149701 0.016997167138810197
212 0.6424026946107785 0.5401322001888574 0.006736526946107785 0.016997167138810197
212 0.40484655688622756 0.546742209631728 0.004303892215568862 0.02077431539187913
120 0.3237275449101797 0.5920679886685553 0.01122754491017964 0.0226628895184136
225 0.4350673652694611 0.46427447277305633 0.009356287425149701 0.0226628895184136
186 0.6469872754491018 0.48158640226628896 0.011414670658682636 0.022033364809568776
59 0.3161489520958084 0.653131885426503 0.011414670658682636 0.013849543594586088
119 0.4164483532934132 0.4631728045325779 0.012911676646706588 0.021718602455146365
14 0.20817739520958084 0.4516839785961599 0.011414670658682636 0.01447906830343091
107 0.2467252994011976 0.4700975763298709 0.014782934131736527 0.02045955303745672
14 0.8420658682634731 0.3654390934844193 0.008233532934131737 0.02014479068303431
8 0.35610029940119764 0.6728045325779036 0.009356287425149701 0.014164305949008499
201 0.6008607784431138 0.5199874095058231 0.010479041916167666 0.016997167138810197
23 0.30211452095808383 0.42996537614101354 0.008794910179640719 0.02014479068303431
120 0.7342814371257486 0.5813660686181933 0.009356287425149701 0.018885741265344664
186 0.7999625748502994 0.4916587976078061 0.010479041916167666 0.018885741265344664
119 0.8427208083832336 0.653131885426503 0.009543413173652695 0.015108593012275733
186 0.19199101796407186 0.5133774000629525 0.009356287425149701 0.01762669184765502
8 0.4333832335329342 0.5653131885426503 0.0033682634730538923 0.007554296506137866
14 0.6036676646706587 0.6395971041863393 0.010479041916167666 0.015738117721120555
23 0.6195733532934132 0.6197670758577274 0.008982035928143714 0.01762669184765502
23 0.26824476047904194 0.5100723953415172 0.008046407185628743 0.019200503619767075
225 0.6183570359281437 0.5801070192005036 0.006923652694610779 0.02077431539187913
107 0.7461639221556887 0.5996222851746931 0.012537425149700599 0.019515265974189486
8 0.3633982035928144 0.6331444759206799 0.008233532934131737 0.018570978910922253
8 0.5334019461077845 0.60182562165565 0.009917664670658683 0.0226628895184136
7 0.21753368263473055 0.34922883223166507 0.011414670658682636 0.021718602455146365
186 0.23718188622754494 0.5942713251495121 0.01066616766467066 0.013220018885741265
23 0.5868263473053893 0.5415486307837583 0.010104790419161677 0.018570978910922253
201 0.6368824850299402 0.5816808309726157 0.009917664670658683 0.01762669184765502
23 0.45247005988023953 0.5771167768334907 0.0037425149700598802 0.007869058860560278
212 0.43955838323353297 0.5775889203651243 0.0022455089820359285 0.007554296506137866
119 0.3530127245508982 0.5708215297450425 0.01066616766467066 0.015423355366698142
8 0.642870508982036 0.6406987724268177 0.009543413173652695 0.01794145420207743
212 0.2542103293413174 0.5728674850487881 0.003929640718562875 0.01447906830343091
177 0.1219124251497006 0.23969153289266604 0.009543413173652695 0.017311929493232608
201 0.09767964071856287 0.5794774944916588 0.009730538922155689 0.01196096946805162
100 0.655875748502994 0.4800125904941769 0.005988023952095809 0.018885741265344664
201 0.8212949101796407 0.5937991816178785 0.0074850299401197605 0.012905256531318854
111 0.34010104790419166 0.5923827510229777 0.009917664670658683 0.022033364809568776
8 0.5640905688622755 0.5591753226314132 0.009543413173652695 0.013534781240163676
212 0.41092814371257486 0.6081208687440982 0.004491017964071857 0.021403840100723954
45 0.70499625748503 0.3951841359773371 0.01590568862275449 0.01668240478438779
23 0.8349550898203594 0.46757947749449164 0.008607784431137725 0.021718602455146365
150 0.1908682634730539 0.6367642429965376 0.010853293413173653 0.01762669184765502
201 0.5702657185628743 0.4973245199874095 0.008046407185628743 0.0113314447592068
212 0.6851609281437127 0.3975448536355052 0.005426646706586827 0.019515265974189486
45 0.8550711077844312 0.5073969153289266 0.013285928143712575 0.01196096946805162
119 0.6860965568862276 0.31602140384010075 0.009917664670658683 0.021403840100723954
23 0.6113398203592815 0.6397544853635505 0.008233532934131737 0.017311929493232608
8 0.27020958083832336 0.5947434686811457 0.008982035928143714 0.022348127163991188
14 0.5707335329341318 0.6205539817437834 0.010853293413173653 0.01794145420207743
212 0.597305389221557 0.4774944916587976 0.0048652694610778445 0.015108593012275733
212 0.658869760479042 0.6205539817437834 0.005988023952095809 0.019200503619767075
120 0.6540044910179641 0.437991816178785 0.008982035928143714 0.013534781240163676
8 0.784805389221557 0.4943342776203966 0.008607784431137725 0.01794145420207743
23 0.7120134730538923 0.5399748190116462 0.010479041916167666 0.018570978910922253
100 0.4472305389221557 0.5670443814919736 0.0033682634730538923 0.00912810827824992
14 0.8863211077844312 0.34214667925716086 0.0035553892215568865 0.006924771797293044
177 0.733252245508982 0.4779666351904312 0.01066616766467066 0.019830028328611898
161 0.7265157185628743 0.6386528171230721 0.009917664670658683 0.016367642429965377
100 0.87874251497006 0.6115832546427448 0.0033682634730538923 0.007554296506137866
212 0.32279191616766467 0.5708215297450425 0.0029940119760479044 0.014164305949008499
201 0.8292477544910181 0.4915014164305949 0.010291916167664672 0.014164305949008499
119 0.250187125748503 0.4513692162417375 0.010479041916167666 0.02077431539187913
201 0.22099550898203593 0.4729304375196726 0.009356287425149701 0.022348127163991188
119 0.358813622754491 0.5912810827824992 0.009169161676646708 0.019830028328611898
201 0.828312125748503 0.5527226943657538 0.009169161676646708 0.018885741265344664
33 0.26104041916167664 0.45026754800125907 0.01122754491017964 0.021718602455146365
119 0.3916541916167665 0.5236071765816809 0.01160179640718563 0.02045955303745672
107 0.2878929640718563 0.448693736229147 0.012911676646706588 0.019830028328611898
107 0.24653817365269462 0.5527226943657538 0.013660179640718563 0.016997167138810197
8 0.7014408682634731 0.3555240793201133 0.009543413173652695 0.019830028328611898
201 0.4101796407185629 0.545168397859616 0.00785928143712575 0.0226628895184136
119 0.8525449101796407 0.3832231665092855 0.01160179640718563 0.018570978910922253
201 0.640999251497006 0.6007239534151715 0.008046407185628743 0.015423355366698142
59 0.19919535928143714 0.6569090336795719 0.013660179640718563 0.015738117721120555
8 0.8635853293413174 0.6096946805162102 0.0029940119760479044 0.007554296506137866
212 0.7932260479041917 0.6370790053509601 0.006362275449101797 0.019515265974189486
161 0.23961452095808386 0.6142587346553352 0.008420658682634731 0.015423355366698142
8 0.689184131736527 0.4381491973559962 0.010853293413173653 0.019515265974189486
201 0.359000748502994 0.5481586402266289 0.006923652694610779 0.02045955303745672
14 0.6794535928143713 0.5195152659741895 0.01122754491017964 0.01794145420207743
150 0.6883420658682635 0.4801699716713881 0.012911676646706588 0.021089077746301543
150 0.6120883233532934 0.4990557129367328 0.009730538922155689 0.013534781240163676
8 0.12621631736526948 0.2187598363235757 0.008046407185628743 0.01447906830343091
8 0.10282559880239521 0.21813031161473087 0.009917664670658683 0.01762669184765502
23 0.40494011976047906 0.6303116147308782 0.010104790419161677 0.02297765187283601
107 0.5891654191616766 0.5195152659741895 0.014034431137724552 0.019830028328611898
14 0.4017589820359282 0.5240793201133145 0.010104790419161677 0.01825621655649984
8 0.39642589820359286 0.5461126849228832 0.008420658682634731 0.02329241422725842
119 0.3961452095808383 0.5657853320742839 0.011976047904191617 0.018570978910922253
107 0.5918787425149701 0.43689014793830655 0.013847305389221558 0.02077431539187913
23 0.5743824850299402 0.2836008813345924 0.011040419161676647 0.02895813660686182
212 0.11442739520958084 0.23796033994334279 0.005052395209580838 0.016997167138810197
100 0.8786489520958084 0.34435001573811774 0.0031811377245508986 0.008183821214982689
150 0.29752994011976047 0.6353478124016367 0.01122754491017964 0.02045955303745672
100 0.6988211077844312 0.43877872206484103 0.009917664670658683 0.02014479068303431
201 0.3191429640718563 0.4483789738747246 0.013285928143712575 0.021718602455146365
150 0.47707709580838326 0.5654705697198615 0.003929640718562875 0.008498583569405098
23 0.22754491017964074 0.34922883223166507 0.008982035928143714 0.021718602455146365
100 0.8782747005988024 0.48473402581051306 0.006923652694610779 0.018885741265344664
150 0.8089446107784432 0.4700975763298709 0.012724550898203594 0.021089077746301543
212 0.3317739520958084 0.591910607491344 0.005988023952095809 0.018570978910922253
201 0.15793413173652696 0.5553981743783444 0.008233532934131737 0.019830028328611898
8 0.24270209580838326 0.511488825936418 0.010104790419161677 0.018885741265344664
201 0.6271519461077845 0.6603714195782184 0.01066616766467066 0.01825621655649984
212 0.20939371257485032 0.3925086559647466 0.00561377245508982 0.01762669184765502
23 0.8229790419161677 0.3659112370160529 0.007110778443113773 0.012905256531318854
33 0.7312874251497007 0.4981114258734655 0.009730538922155689 0.01794145420207743
225 0.6011414670658684 0.4987409505823103 0.009917664670658683 0.017311929493232608
201 0.23549775449101798 0.4707271010387158 0.007672155688622755 0.019200503619767075
119 0.24943862275449102 0.6366068618193264 0.01160179640718563 0.021089077746301543
161 0.2002245508982036 0.5119609694680516 0.010479041916167666 0.021089077746301543
100 0.13501122754491018 0.21797293043751967 0.007672155688622755 0.017311929493232608
8 0.3201721556886228 0.6342461441611583 0.009730538922155689 0.01762669184765502
225 0.5870134730538923 0.6019830028328612 0.009730538922155689 0.022348127163991188
161 0.204060628742515 0.4719861504564054 0.009543413173652695 0.014164305949008499
23 0.815494011976048 0.6150456405413912 0.006736526946107785 0.013220018885741265
212 0.2292290419161677 0.4727730563424614 0.004116766467065869 0.018885741265344664
150 0.172436377245509 0.5322631413282971 0.009543413173652695 0.019515265974189486
8 0.10815868263473055 0.4765502045955304 0.009730538922155689 0.013849543594586088
225 0.7207148203592815 0.539030531948379 0.008794910179640719 0.019200503619767075
8 0.1813248502994012 0.5757003462385899 0.01122754491017964 0.0226628895184136
201 0.22455089820359284 0.6570664148567831 0.009356287425149701 0.019200503619767075
23 0.6764595808383234 0.31633616619452315 0.008607784431137725 0.02077431539187913
45 0.6540980538922156 0.357570034623859 0.014782934131736527 0.02014479068303431
14 0.6401571856287426 0.4187913125590179 0.01160179640718563 0.019200503619767075
212 0.36171407185628746 0.6731192949323261 0.00561377245508982 0.02045955303745672
23 0.6820733532934132 0.561221277935159 0.00785928143712575 0.015738117721120555
201 0.21014221556886228 0.6372363865281713 0.00785928143712575 0.01668240478438779
107 0.691055389221557 0.5599622285174694 0.013098802395209582 0.01762669184765502
120 0.31474550898203596 0.591910607491344 0.010104790419161677 0.018570978910922253
111 0.6122754491017964 0.6197670758577274 0.010104790419161677 0.01762669184765502
120 0.21210703592814373 0.4723009128108278 0.009917664670658683 0.019830028328611898
119 0.12097679640718563 0.5579162732137236 0.013660179640718563 0.022348127163991188
225 0.2165980538922156 0.39361032420522507 0.007672155688622755 0.022348127163991188
201 0.671687874251497 0.43956562795089704 0.008420658682634731 0.01794145420207743
8 0.706493263473054 0.4774944916587976 0.009169161676646708 0.013849543594586088
23 0.2440119760479042 0.6773685867170286 0.007110778443113773 0.02014479068303431
120 0.30913173652694614 0.6131570664148568 0.008982035928143714 0.018885741265344664
161 0.1403443113772455 0.5560276990871892 0.010479041916167666 0.021089077746301543
201 0.6247193113772456 0.45971041863393136 0.011040419161676647 0.015423355366698142
8 0.6877806886227545 0.5193578847969783 0.008420658682634731 0.016367642429965377
201 0.5930950598802396 0.4993704752911552 0.009917664670658683 0.018570978910922253
23 0.8071669161676647 0.41076487252124644 0.008420658682634731 0.0226628895184136
8 0.7755426646706587 0.5777463015423355 0.009543413173652695 0.01668240478438779
150 0.6499812874251497 0.6219704123386843 0.012911676646706588 0.019515265974189486
14 0.18319610778443116 0.677683349071451 0.010104790419161677 0.02329241422725842
100 0.23400074850299402 0.5118035882908404 0.006549401197604791 0.019515265974189486
120 0.8285928143712575 0.3863707900535096 0.008607784431137725 0.018570978910922253
201 0.8801459580838323 0.465533522190746 0.011414670658682636 0.01762669184765502
14 0.9100860778443114 0.34073024866226 0.0031811377245508986 0.007239534151715455
225 0.297062125748503 0.6550204595530374 0.008420658682634731 0.01762669184765502
186 0.5543600299401198 0.5393452943028014 0.008794910179640719 0.021718602455146365
59 0.29378742514970063 0.41060749134403524 0.014970059880239521 0.019830028328611898
45 0.8322417664670659 0.6142587346553352 0.013285928143712575 0.021089077746301543
225 0.639876497005988 0.43940824677368584 0.008420658682634731 0.018885741265344664
23 0.6425898203592815 0.3580421781554926 0.006736526946107785 0.011016682404784388
45 0.6589633233532934 0.4181617878501731 0.013285928143712575 0.014164305949008499
107 0.5430389221556886 0.621026125275417 0.011976047904191617 0.016997167138810197
23 0.15625 0.22033364809568776 0.010104790419161677 0.01762669184765502
150 0.21519461077844312 0.43185395026754797 0.010479041916167666 0.01762669184765502
23 0.37724550898203596 0.5481586402266289 0.008607784431137725 0.019200503619767075
33 0.7762911676646707 0.6167768334907145 0.009169161676646708 0.01668240478438779
201 0.6077844311377246 0.5804217815549261 0.010479041916167666 0.018885741265344664
120 0.38735029940119764 0.6310985206169342 0.0074850299401197605 0.02077431539187913
201 0.41158308383233533 0.5225055083412024 0.008794910179640719 0.016997167138810197
201 0.5516467065868264 0.2615675165250236 0.008233532934131737 0.012590494176896443
23 0.3008046407185629 0.6139439723009128 0.008420658682634731 0.013534781240163676
23 0.2793787425149701 0.6561221277935159 0.010853293413173653 0.018570978910922253
225 0.32138847305389223 0.5311614730878187 0.008046407185628743 0.021718602455146365
177 0.8924026946107785 0.3355366698142902 0.0037425149700598802 0.0056657223796034
14 0.8521706586826348 0.6523449795404469 0.009730538922155689 0.013534781240163676
177 0.22997754491017966 0.45058231035568147 0.009730538922155689 0.021089077746301543
201 0.27591691616766467 0.37063267233238906 0.008420658682634731 0.013534781240163676
23 0.6950785928143713 0.6595845136921624 0.009169161676646708 0.021089077746301543
8 0.8571294910179641 0.4431853950267548 0.008794910179640719 0.022033364809568776
120 0.655501497005988 0.501573811772112 0.010853293413173653 0.01794145420207743
150 0.8192365269461078 0.5525653131885426 0.010104790419161677 0.02045955303745672
33 0.24176646706586827 0.4921309411394397 0.010479041916167666 0.021089077746301543
119 0.6575598802395209 0.3978596159899276 0.01160179640718563 0.015108593012275733
161 0.2750748502994012 0.3267233238904627 0.008233532934131737 0.018885741265344664
8 0.30716691616766467 0.5925401322001889 0.008420658682634731 0.015423355366698142
201 0.7035928143712575 0.6597418948693736 0.00785928143712575 0.019515265974189486
77 0.2160366766467066 0.6789423984891407 0.013285928143712575 0.04091910607491344
8 0.2601047904191617 0.37079005350960026 0.010479041916167666 0.02014479068303431
14 0.735123502994012 0.6214982688070507 0.009543413173652695 0.019830028328611898
120 0.6679453592814372 0.31885426502990244 0.01066616766467066 0.02329241422725842
177 0.6875 0.5388731507711677 0.009730538922155689 0.02077431539187913
119 0.7137911676646707 0.6583254642744728 0.011414670658682636 0.02045955303745672
14 0.6916167664670659 0.39660056657223797 0.009356287425149701 0.01762669184765502
212 0.19273952095808383 0.6783128737802959 0.00561377245508982 0.016997167138810197
100 0.26787050898203596 0.43106704438149196 0.007297904191616767 0.019830028328611898
225 0.6105913173652695 0.39848914069877245 0.007110778443113773 0.01762669184765502
8 0.6200411676646707 0.42036512433113 0.009169161676646708 0.021089077746301543
119 0.18048278443113774 0.4346868114573497 0.012163173652694611 0.01762669184765502
212 0.17674026946107785 0.5140069247717973 0.005052395209580838 0.016997167138810197
23 0.2651571856287425 0.4118665407617249 0.010104790419161677 0.019830028328611898
107 0.15559505988023953 0.6583254642744728 0.011414670658682636 0.016052880075542966
33 0.6488585329341318 0.5190431224425559 0.01066616766467066 0.02014479068303431
201 0.2748877245508982 0.43028013849543595 0.010104790419161677 0.01825621655649984
119 0.8933383233532934 0.5259678942398489 0.01122754491017964 0.022033364809568776
14 0.7417664670658684 0.4974819011646207 0.011976047904191617 0.019200503619767075
186 0.7123877245508983 0.499213094113944 0.01160179640718563 0.019515265974189486
119 0.8560067365269461 0.40509915014164305 0.013660179640718563 0.022033364809568776
107 0.19311377245508984 0.4713566257475606 0.01160179640718563 0.01794145420207743
161 0.30557634730538924 0.40856153604028955 0.010853293413173653 0.019515265974189486
201 0.26646706586826346 0.3273528485993075 0.010104790419161677 0.021403840100723954
8 0.4297342814371258 0.40399748190116463 0.012163173652694611 0.02045955303745672
161 0.24139221556886228 0.6570664148567831 0.010853293413173653 0.019200503619767075
23 0.1156437125748503 0.20018885741265344 0.007110778443113773 0.018885741265344664
8 0.8605913173652695 0.6523449795404469 0.008982035928143714 0.013534781240163676
119 0.2756362275449102 0.48977022348127164 0.010853293413173653 0.02014479068303431
225 0.2688061377245509 0.6756373937677054 0.006549401197604791 0.021089077746301543
59 0.6366953592814372 0.39974819011646207 0.012911676646706588 0.018885741265344664
177 0.8795845808383234 0.6048158640226629 0.0035553892215568865 0.0066100094428706326
14 0.27694610778443113 0.6764242996537614 0.0074850299401197605 0.021403840100723954
225 0.6732784431137725 0.559647466163047 0.008607784431137725 0.016997167138810197
23 0.24625748502994013 0.595687755744413 0.010104790419161677 0.02360717658168083
225 0.6043226047904192 0.6211835064526282 0.009169161676646708 0.01794145420207743
201 0.8847305389221557 0.6100094428706326 0.0026197604790419164 0.006924771797293044
120 0.8258794910179641 0.4694680516210261 0.01066616766467066 0.019830028328611898
212 0.7767589820359282 0.5144790683034309 0.00561377245508982 0.018570978910922253
59 0.09683757485029941 0.6205539817437834 0.014782934131736527 0.021718602455146365
14 0.4429266467065869 0.5662574756059175 0.0026197604790419164 0.006924771797293044
8 0.23924026946107785 0.6356625747560591 0.009543413173652695 0.019830028328611898
14 0.2907934131736527 0.32845451683978594 0.016841317365269462 0.02360717658168083
212 0.29771706586826346 0.5509915014164306 0.0048652694610778445 0.02045955303745672
23 0.782747005988024 0.5967894239848914 0.0074850299401197605 0.018885741265344664
201 0.6660741017964072 0.6216556499842619 0.008046407185628743 0.013220018885741265
212 0.219498502994012 0.5546112684922884 0.0048652694610778445 0.02077431539187913
186 0.6717814371257486 0.45845136921624174 0.011976047904191617 0.013534781240163676
8 0.800430389221557 0.6152030217186024 0.008046407185628743 0.01794145420207743
8 0.38538547904191617 0.42524394082467737 0.008046407185628743 0.018885741265344664
225 0.19807260479041916 0.43185395026754797 0.007672155688622755 0.01762669184765502
100 0.5836452095808383 0.6405413912496065 0.0074850299401197605 0.015738117721120555
23 0.6264970059880239 0.39848914069877245 0.008233532934131737 0.01762669184765502
8 0.8500187125748504 0.3641800440667296 0.008420658682634731 0.02077431539187913
212 0.6009543413173654 0.5794774944916588 0.0061751497005988025 0.019515265974189486
23 0.6466130239520959 0.39864652187598365 0.009543413173652695 0.01794145420207743
150 0.5897267964071856 0.6587976078061064 0.009917664670658683 0.01196096946805162
212 0.2251122754491018 0.3692162417374882 0.00561377245508982 0.019515265974189486
119 0.3942739520958084 0.4455461126849229 0.012724550898203594 0.02045955303745672
212 0.8812687125748504 0.34277620396600567 0.0024326347305389222 0.006924771797293044
119 0.6682260479041917 0.3781869688385269 0.009730538922155689 0.021089077746301543
33 0.7975299401197605 0.47056971986150453 0.010104790419161677 0.01447906830343091
119 0.202937874251497 0.4118665407617249 0.013660179640718563 0.018570978910922253
201 0.18619011976047906 0.5563424614416116 0.01122754491017964 0.016052880075542966
100 0.11620508982035929 0.6191375511488826 0.006362275449101797 0.01825621655649984
201 0.5596931137724551 0.601038715769594 0.010104790419161677 0.01794145420207743
119 0.2318488023952096 0.3276676109537299 0.01721556886227545 0.02644003777148253
23 0.2320359281437126 0.4918161787850173 0.009730538922155689 0.019200503619767075
119 0.2964071856287425 0.4697828139754485 0.011976047904191617 0.021089077746301543
150 0.3259730538922156 0.6134718287692792 0.01160179640718563 0.018885741265344664
8 0.3791167664670659 0.4656909033679572 0.010104790419161677 0.021089077746301543
186 0.13023952095808383 0.5350960025180989 0.009730538922155689 0.013220018885741265
177 0.873877245508982 0.5275417060119609 0.010104790419161677 0.02014479068303431
107 0.7049026946107785 0.37551148882593643 0.011976047904191617 0.018885741265344664
8 0.7861152694610779 0.6177211205539818 0.008607784431137725 0.01794145420207743
100 0.9035366766467067 0.611111111111111 0.00280688622754491 0.008498583569405098
161 0.16813248502994013 0.4746616304689959 0.007672155688622755 0.018885741265344664
212 0.549120508982036 0.57963487566887 0.006549401197604791 0.021718602455146365
8 0.8015531437125749 0.5547686496694996 0.009543413173652695 0.014793830657853321
23 0.41457709580838326 0.4427132514951212 0.009169161676646708 0.021718602455146365
45 0.6109655688622755 0.43940824677368584 0.013098802395209582 0.018885741265344664
161 0.10114146706586827 0.19767075857727415 0.010291916167664672 0.021403840100723954
212 0.28396332335329344 0.6756373937677054 0.006549401197604791 0.021089077746301543
14 0.3691991017964072 0.6718602455146364 0.01122754491017964 0.014164305949008499
201 0.23343937125748504 0.3918791312559018 0.009917664670658683 0.02014479068303431
14 0.2867702095808383 0.49008498583569404 0.012163173652694611 0.02077431539187913
77 0.30305014970059885 0.49071451054453885 0.011788922155688624 0.034623858986465215
8 0.13987649700598803 0.24016367642429964 0.008420658682634731 0.016997167138810197
100 0.47352170658682635 0.5648410450110167 0.00280688622754491 0.007239534151715455
161 0.6539109281437127 0.5797922568460812 0.009917664670658683 0.022033364809568776
150 0.9136414670658684 0.3402581051306264 0.003929640718562875 0.006924771797293044
8 0.8993263473053893 0.341517154548316 0.004116766467065869 0.006924771797293044
119 0.46135853293413176 0.5760151085930123 0.003929640718562875 0.0056657223796034
212 0.22464446107784433 0.6770538243626062 0.006549401197604791 0.02077431539187913
8 0.6856287425149701 0.3561536040289581 0.008982035928143714 0.013534781240163676
177 0.29163547904191617 0.675322631413283 0.010291916167664672 0.02045955303745672
23 0.188248502994012 0.5963172804532578 0.0074850299401197605 0.016052880075542966
33 0.6470808383233533 0.37850173119294933 0.009730538922155689 0.014793830657853321
45 0.46126497005988026 0.5648410450110167 0.004491017964071857 0.0053509600251809885
225 0.36564371257485034 0.5051935788479698 0.01160179640718563 0.018885741265344664
186 0.28218562874251496 0.5100723953415172 0.009356287425149701 0.02045955303745672
8 0.28658308383233533 0.61488825936418 0.009543413173652695 0.02045955303745672
201 0.6921781437125749 0.5018885741265344 0.010479041916167666 0.02045955303745672
161 0.5490269461077845 0.65926975133774 0.008233532934131737 0.018570978910922253
8 0.534805389221557 0.5594900849858356 0.010104790419161677 0.02045955303745672
100 0.26843188622754494 0.37047529115517785 0.006923652694610779 0.02077431539187913
45 0.21229416167664672 0.5118035882908404 0.01440868263473054 0.016997167138810197
161 0.8299026946107785 0.591123701605288 0.01160179640718563 0.019515265974189486
119 0.22071482035928144 0.6358199559332703 0.012537425149700599 0.019515265974189486
77 0.6115269461077845 0.37928863707900534 0.008982035928143714 0.02014479068303431
23 0.4374064371257485 0.5775889203651243 0.0024326347305389222 0.007554296506137866
225 0.7569236526946108 0.559017941454202 0.0074850299401197605 0.02329241422725842
23 0.8177395209580839 0.5338369531004092 0.00785928143712575 0.013220018885741265
23 0.26497005988023953 0.3495435945860875 0.009730538922155689 0.019830028328611898
8 0.7276384730538923 0.5382436260623229 0.008046407185628743 0.019515265974189486
8 0.4258982035928144 0.4633301857097891 0.012350299401197605 0.025810513062637708
201 0.314184131736527 0.5508341202392194 0.009730538922155689 0.02014479068303431
225 0.42065868263473055 0.6306263770853006 0.008982035928143714 0.022348127163991188
212 0.17327844311377247 0.4943342776203966 0.0048652694610778445 0.02045955303745672
201 0.3002432634730539 0.5103871576959396 0.009917664670658683 0.019830028328611898
225 0.19526571856287425 0.556657223796034 0.007672155688622755 0.01668240478438779
119 0.7613211077844312 0.6575385583884168 0.011414670658682636 0.02014479068303431
100 0.15503368263473055 0.5328926660371419 0.009543413173652695 0.021403840100723954
23 0.18946482035928144 0.657695939565628 0.008046407185628743 0.018570978910922253
77 0.5827095808383234 0.5588605602769908 0.010853293413173653 0.03619767075857727
23 0.737556137724551 0.4148567831287378 0.010291916167664672 0.01825621655649984
120 0.26160179640718567 0.5947434686811457 0.009730538922155689 0.019830028328611898
8 0.4044723053892216 0.6082782499213094 0.009917664670658683 0.018570978910922253
23 0.17365269461077845 0.6177211205539818 0.0074850299401197605 0.019200503619767075
161 0.1591504491017964 0.5138495435945861 0.01066616766467066 0.017311929493232608
111 0.22717065868263475 0.5339943342776204 0.008982035928143714 0.02045955303745672
212 0.19376871257485032 0.5961598992760466 0.0061751497005988025 0.021403840100723954
177 0.6324850299401198 0.3589864652187598 0.01122754491017964 0.021718602455146365
186 0.6986339820359282 0.4172175007869059 0.008794910179640719 0.021089077746301543
212 0.8391654191616768 0.4472773056342461 0.007672155688622755 0.02014479068303431
45 0.593937125748503 0.6408561536040289 0.012724550898203594 0.013220018885741265
225 0.13622754491017966 0.20160528800755428 0.014970059880239521 0.016052880075542966
7 0.7876122754491018 0.6569090336795719 0.00785928143712575 0.016997167138810197
212 0.7596369760479043 0.57963487566887 0.005426646706586827 0.017311929493232608
212 0.7925711077844312 0.6164620711362921 0.0031811377245508986 0.018570978910922253
14 0.6832896706586826 0.5001573811772112 0.009169161676646708 0.02014479068303431
100 0.6778630239520959 0.6400692477179729 0.006923652694610779 0.01794145420207743
212 0.10881362275449102 0.20018885741265344 0.005052395209580838 0.02392193893610324
225 0.7096744011976048 0.6381806735914385 0.0061751497005988025 0.012275731822474031
8 0.7764782934131736 0.6377085300598049 0.009917664670658683 0.01825621655649984
186 0.14670658682634732 0.24110796348756688 0.008233532934131737 0.016367642429965377
100 0.8922155688622755 0.3435631098520617 0.0029940119760479044 0.007869058860560278
120 0.2223989520958084 0.6163046899590809 0.01066616766467066 0.01762669184765502
23 0.72249251497006 0.4987409505823103 0.0074850299401197605 0.012905256531318854
119 0.22735778443113774 0.43248347497639283 0.012350299401197605 0.016997167138810197
201 0.5620321856287426 0.5190431224425559 0.010291916167664672 0.016997167138810197
23 0.20565119760479042 0.43201133144475923 0.010104790419161677 0.019200503619767075
23 0.18272829341317368 0.5141643059490085 0.008420658682634731 0.019200503619767075
23 0.7104229041916168 0.4575070821529745 0.007297904191616767 0.014793830657853321
8 0.8758420658682635 0.3412023921938936 0.003929640718562875 0.006295247088448221
119 0.8568488023952097 0.34293358514321687 0.008982035928143714 0.014164305949008499
23 0.7438248502994013 0.618665407617249 0.007110778443113773 0.01164620711362921
225 0.6570920658682635 0.6603714195782184 0.008794910179640719 0.019515265974189486
107 0.19507859281437126 0.4919735599622285 0.013285928143712575 0.01825621655649984
14 0.6184505988023953 0.39864652187598365 0.008982035928143714 0.01794145420207743
107 0.8601235029940121 0.4658482845451684 0.012911676646706588 0.015738117721120555
33 0.4570546407185629 0.5651558073654391 0.0031811377245508986 0.00598048473402581
100 0.8662986526946108 0.611740635819956 0.00280688622754491 0.007869058860560278
201 0.2097679640718563 0.6569090336795719 0.00785928143712575 0.01825621655649984
119 0.6033869760479043 0.419578218445074 0.011040419161676647 0.01825621655649984
212 0.718188622754491 0.45624803273528486 0.009356287425149701 0.01794145420207743
161 0.25879491017964074 0.43169656909033677 0.010853293413173653 0.018570978910922253
33 0.5576347305389222 0.5786905886056027 0.009730538922155689 0.01794145420207743
161 0.39558383233532934 0.46380232924142273 0.010104790419161677 0.021718602455146365
107 0.7166916167664671 0.4172175007869059 0.011976047904191617 0.019200503619767075
107 0.5742889221556886 0.6399118665407617 0.01160179640718563 0.016367642429965377
100 0.8661115269461078 0.5292728989612843 0.007297904191616767 0.024866225999370474
120 0.7675898203592815 0.6384954359458609 0.008233532934131737 0.019200503619767075
23 0.2601983532934132 0.6355051935788479 0.009917664670658683 0.018885741265344664
212 0.691055389221557 0.4176896443185395 0.006362275449101797 0.02014479068303431
8 0.812687125748503 0.5941139439723009 0.0074850299401197605 0.021089077746301543
100 0.8780875748502994 0.3067359143846396 0.008420658682634731 0.02360717658168083
150 0.843562874251497 0.40557129367327666 0.01122754491017964 0.022348127163991188
201 0.7891092814371258 0.5346238589864653 0.010104790419161677 0.018570978910922253
212 0.37977170658682635 0.6315706641485678 0.005800898203592815 0.019830028328611898
225 0.3240082335329342 0.4886685552407932 0.009169161676646708 0.014164305949008499
23 0.8479603293413174 0.34466477809254015 0.009543413173652695 0.02077431539187913
14 0.1691616766467066 0.26062322946175637 0.010104790419161677 0.015738117721120555
119 0.6671032934131736 0.357570034623859 0.01122754491017964 0.02014479068303431
120 0.39586452095808383 0.6312559017941454 0.009543413173652695 0.02045955303745672
201 0.8836077844311377 0.3054768649669499 0.006362275449101797 0.021089077746301543
186 0.2793787425149701 0.5947434686811457 0.01160179640718563 0.022348127163991188
23 0.6469872754491018 0.5001573811772112 0.008794910179640719 0.016997167138810197
119 0.2850860778443114 0.6355051935788479 0.012163173652694611 0.012590494176896443
33 0.5857971556886228 0.2804532577903683 0.014034431137724552 0.027699087189172175
119 0.845247005988024 0.6136292099464904 0.01160179640718563 0.02297765187283601
161 0.16682260479041916 0.5552407932011332 0.011414670658682636 0.021403840100723954
201 0.3532934131736527 0.6540761724897702 0.010104790419161677 0.02077431539187913
59 0.8522642215568863 0.3079949638023292 0.014034431137724552 0.021089077746301543
225 0.21528817365269462 0.49039974819011645 0.008420658682634731 0.018885741265344664
186 0.531811377245509 0.6597418948693736 0.010853293413173653 0.0226628895184136
100 0.1756175149700599 0.4741894869373623 0.006549401197604791 0.02045955303745672
8 0.2913547904191617 0.510701920050362 0.009356287425149701 0.019200503619767075
177 0.7020958083832336 0.45703493862134087 0.008982035928143714 0.01447906830343091
212 0.12696482035928144 0.5983632357570035 0.005426646706586827 0.02014479068303431
45 0.7569236526946108 0.5165250236071766 0.014595808383233533 0.019515265974189486
107 0.28658308383233533 0.36811457349700977 0.013285928143712575 0.016052880075542966
186 0.6235965568862276 0.5399748190116462 0.011414670658682636 0.02297765187283601
212 0.22277320359281438 0.4512118350645263 0.0035553892215568865 0.014164305949008499
225 0.2850860778443114 0.43028013849543595 0.008794910179640719 0.016997167138810197
8 0.28770583832335334 0.5931696569090337 0.01066616766467066 0.02045955303745672
8 0.3704154191616767 0.5909663204280768 0.01066616766467066 0.021718602455146365
59 0.2533682634730539 0.41076487252124644 0.013847305389221558 0.01762669184765502
201 0.6080651197604791 0.539030531948379 0.010291916167664672 0.01794145420207743
225 0.33673278443113774 0.5291155177840731 0.008794910179640719 0.021403840100723954
201 0.46781437125748504 0.5771167768334907 0.0033682634730538923 0.00598048473402581
8 0.09889595808383234 0.4373622914699402 0.008794910179640719 0.014793830657853321
8 0.2128555389221557 0.6147308781869688 0.009169161676646708 0.016997167138810197
23 0.30492140718562877 0.5314762354422411 0.008794910179640719 0.019830028328611898
120 0.6613023952095809 0.33931381806735916 0.009356287425149701 0.01762669184765502
8 0.2980913173652695 0.447906830343091 0.010479041916167666 0.02077431539187913
225 0.6749625748502994 0.5001573811772112 0.010104790419161677 0.016997167138810197
107 0.6673839820359282 0.6603714195782184 0.012911676646706588 0.02077431539187913
45 0.592627245508982 0.4576644633301857 0.014970059880239521 0.02077431539187913
23 0.64436751497006 0.3153918791312559 0.008794910179640719 0.021403840100723954
14 0.4646332335329342 0.5779036827195467 0.0037425149700598802 0.006295247088448221
7 0.610310628742515 0.5199874095058231 0.009169161676646708 0.013849543594586088
212 0.8460890718562875 0.5081838212149827 0.0061751497005988025 0.017311929493232608
144 0.7745134730538923 0.5585457979225684 0.010104790419161677 0.014793830657853321
23 0.2574850299401198 0.5531948378973874 0.010853293413173653 0.021089077746301543
14 0.40681137724550903 0.56657223796034 0.008233532934131737 0.021403840100723954
225 0.17505613772455092 0.555870317909978 0.009917664670658683 0.016997167138810197
8 0.7424214071856288 0.5802644003777149 0.011414670658682636 0.01794145420207743
8 0.6679453592814372 0.6405413912496065 0.009169161676646708 0.016997167138810197
212 0.594685628742515 0.6011960969468052 0.0074850299401197605 0.019515265974189486
201 0.7273577844311377 0.6192949323260938 0.007110778443113773 0.012905256531318854
8 0.5904752994011977 0.47875354107648727 0.009169161676646708 0.019515265974189486
100 0.43609655688622756 0.5649984261882279 0.003929640718562875 0.009442870632672332
186 0.29360029940119764 0.42854894554611267 0.010479041916167666 0.01794145420207743
14 0.27984655688622756 0.5739691532892666 0.009169161676646708 0.019200503619767075
201 0.7617889221556887 0.5379288637079005 0.00785928143712575 0.012590494176896443
23 0.6394086826347306 0.6208687440982058 0.009356287425149701 0.018570978910922253
150 0.5327470059880239 0.6408561536040289 0.010104790419161677 0.015738117721120555
150 0.5509917664670659 0.517626691847655 0.011040419161676647 0.02045955303745672
8 0.25093562874251496 0.3915643689014794 0.009730538922155689 0.02077431539187913
8 0.6009543413173654 0.5587031790997796 0.009543413173652695 0.018885741265344664
107 0.6833832335329342 0.3364809568775574 0.01122754491017964 0.013220018885741265
119 0.8567552395209581 0.4858356940509915 0.011414670658682636 0.01794145420207743
201 0.8328031437125749 0.6548630783758262 0.006923652694610779 0.019200503619767075
186 0.1439932634730539 0.617878501731193 0.012911676646706588 0.018885741265344664
212 0.35273203592814373 0.5276990871891721 0.00561377245508982 0.02045955303745672
225 0.20574476047904192 0.6772112055398174 0.008794910179640719 0.02045955303745672
212 0.7180950598802396 0.43704752911551775 0.0035553892215568865 0.014164305949008499
8 0.3729416167664671 0.6114258734655336 0.008982035928143714 0.021718602455146365
14 0.11124625748502995 0.5983632357570035 0.009543413173652695 0.02014479068303431
111 0.6023577844311377 0.5991501416430595 0.009730538922155689 0.017311929493232608
177 0.27058383233532934 0.6561221277935159 0.01122754491017964 0.019830028328611898
225 0.6777694610778443 0.39817437834435 0.006736526946107785 0.012590494176896443
150 0.30866392215568866 0.4700975763298709 0.011788922155688624 0.021718602455146365
201 0.31437125748503 0.49102927289896126 0.008607784431137725 0.01762669184765502
177 0.37350299401197606 0.6336166194523135 0.008233532934131737 0.01762669184765502
201 0.765999251497006 0.558231035568146 0.008420658682634731 0.012905256531318854
161 0.6155501497005988 0.539030531948379 0.011414670658682636 0.022348127163991188
23 0.10862649700598803 0.5171545483160214 0.011788922155688624 0.015738117721120555
119 0.8193300898203594 0.49039974819011645 0.011414670658682636 0.02077431539187913
150 0.39595808383233533 0.48489140698772426 0.010479041916167666 0.02045955303745672
161 0.7273577844311377 0.5179414542020774 0.010104790419161677 0.016052880075542966
212 0.8212013473053893 0.6139439723009128 0.003929640718562875 0.014793830657853321
201 0.312125748502994 0.42823418319169027 0.009730538922155689 0.01668240478438779
225 0.780127245508982 0.6595845136921624 0.008607784431137725 0.022348127163991188
177 0.3082896706586827 0.572710103871577 0.01066616766467066 0.02297765187283601
161 0.6645770958083833 0.47875354107648727 0.009169161676646708 0.015108593012275733
212 0.8688248502994013 0.6107963487566886 0.0026197604790419164 0.007869058860560278
161 0.34861526946107785 0.5920679886685553 0.008607784431137725 0.016367642429965377
8 0.6493263473053893 0.5393452943028014 0.008982035928143714 0.019830028328611898
201 0.6516654191616766 0.6395971041863393 0.009543413173652695 0.016997167138810197
14 0.5417290419161677 0.2836008813345924 0.012724550898203594 0.0226628895184136
8 0.09468562874251497 0.6633616619452314 0.009356287425149701 0.018570978910922253
8 0.3349550898203593 0.5494176896443186 0.010104790419161677 0.019200503619767075
201 0.784805389221557 0.5791627321372363 0.010479041916167666 0.019515265974189486
177 0.33682634730538924 0.6340887629839471 0.009356287425149701 0.02360717658168083
225 0.19900823353293415 0.6773685867170286 0.007672155688622755 0.01196096946805162
23 0.36386601796407186 0.5698772426817753 0.008420658682634731 0.019830028328611898
8 0.6693488023952097 0.5404469625432798 0.010104790419161677 0.01825621655649984
201 0.2885479041916168 0.655492603084671 0.0074850299401197605 0.012275731822474031
119 0.6115269461077845 0.5999370475291155 0.010479041916167666 0.018885741265344664
212 0.6945172155688624 0.6394397230091281 0.004303892215568862 0.014164305949008499
119 0.5382672155688623 0.5173119294932326 0.014034431137724552 0.021089077746301543
225 0.20770958083832336 0.3718917217500787 0.010104790419161677 0.022348127163991188
119 0.1565306886227545 0.5977337110481586 0.012163173652694611 0.021403840100723954
186 0.7674026946107785 0.5793201133144475 0.008233532934131737 0.019200503619767075
14 0.344124251497006 0.5273843248347497 0.009356287425149701 0.018570978910922253
77 0.16757110778443116 0.5994649039974819 0.012163173652694611 0.03871576959395656
23 0.19638847305389223 0.617091595845137 0.008794910179640719 0.016052880075542966
120 0.8297155688622755 0.3465533522190746 0.008233532934131737 0.018885741265344664
119 0.1697230538922156 0.6369216241737489 0.01122754491017964 0.02045955303745672
201 0.2472866766467066 0.574283915643689 0.007672155688622755 0.013534781240163676
177 0.39549026946107785 0.6090651558073654 0.009543413173652695 0.0226628895184136
119 0.5695172155688623 0.6606861819326408 0.012537425149700599 0.018885741265344664
8 0.27750748502994016 0.45011016682404786 0.008233532934131737 0.01825621655649984
119 0.8466504491017964 0.4449165879760781 0.011040419161676647 0.02045955303745672
186 0.5592252994011976 0.4979540446962543 0.013660179640718563 0.02014479068303431
33 0.36424026946107785 0.6131570664148568 0.009169161676646708 0.0226628895184136
23 0.12153817365269462 0.5975763298709474 0.009169161676646708 0.02297765187283601
8 0.688248502994012 0.6008813345923828 0.008982035928143714 0.02014479068303431
201 0.5328405688622755 0.620239219389361 0.008420658682634731 0.012275731822474031
8 0.13267215568862276 0.5553981743783444 0.008607784431137725 0.013534781240163676
120 0.6453967065868264 0.5805791627321373 0.010104790419161677 0.02045955303745672
59 0.8040793413173654 0.3879446018256216 0.017964071856287428 0.02045955303745672
225 0.46547529940119764 0.5648410450110167 0.003929640718562875 0.0066100094428706326
100 0.2724550898203593 0.5311614730878187 0.0074850299401197605 0.01794145420207743
100 0.6787050898203594 0.5387157695939565 0.00785928143712575 0.021718602455146365
201 0.09870883233532934 0.45876613157066415 0.007297904191616767 0.012275731822474031
33 0.20508982035928144 0.6174063581995594 0.010479041916167666 0.018570978910922253
8 0.44563997005988026 0.5768020144790683 0.0031811377245508986 0.0066100094428706326
212 0.13604041916167667 0.617878501731193 0.0037425149700598802 0.016367642429965377
186 0.16504491017964074 0.4948064211520302 0.010853293413173653 0.016997167138810197
23 0.7802208083832336 0.5358829084041549 0.007672155688622755 0.01794145420207743
212 0.16401571856287425 0.5325779036827195 0.007672155688622755 0.018885741265344664
201 0.7271706586826348 0.6013534781240164 0.00785928143712575 0.012275731822474031
201 0.21210703592814373 0.555870317909978 0.009169161676646708 0.01825621655649984
33 0.75187125748503 0.5797922568460812 0.010104790419161677 0.016997167138810197
14 0.22642215568862276 0.5544538873150772 0.009730538922155689 0.022348127163991188
107 0.736807634730539 0.5171545483160214 0.013285928143712575 0.01825621655649984
100 0.6924588323353293 0.620239219389361 0.006923652694610779 0.014164305949008499
201 0.6369760479041916 0.3374252439408247 0.008233532934131737 0.012590494176896443
33 0.09908308383233534 0.4771797293043752 0.009543413173652695 0.013220018885741265
23 0.592627245508982 0.5583884167453572 0.008607784431137725 0.019515265974189486
8 0.8585329341317366 0.5306893295561851 0.008982035928143714 0.022033364809568776
77 0.5409805389221557 0.5788479697828139 0.01160179640718563 0.032735284859930755
119 0.1974176646706587 0.4523135033050047 0.01122754491017964 0.018885741265344664
8 0.2502806886227545 0.49071451054453885 0.009169161676646708 0.015738117721120555
23 0.7073353293413174 0.4176896443185395 0.008607784431137725 0.016997167138810197
150 0.6230351796407186 0.6016682404784388 0.011414670658682636 0.018570978910922253
120 0.20134730538922158 0.3918791312559018 0.010479041916167666 0.02014479068303431
225 0.7679640718562875 0.6181932640856154 0.008982035928143714 0.019515265974189486
177 0.7979041916167665 0.4093484419263456 0.01122754491017964 0.021089077746301543
14 0.2252058383233533 0.3906200818382121 0.009543413173652695 0.018885741265344664
119 0.718188622754491 0.39691532892666037 0.011976047904191617 0.019515265974189486
212 0.27385853293413176 0.4697828139754485 0.006549401197604791 0.019830028328611898
150 0.6788922155688624 0.5816808309726157 0.012350299401197605 0.019515265974189486
150 0.22417664670658685 0.5135347812401637 0.01160179640718563 0.02045955303745672
161 0.1096556886227545 0.6213408876298394 0.01160179640718563 0.01762669184765502
8 0.7935067365269461 0.449480642115203 0.010291916167664672 0.015738117721120555
14 0.6334206586826348 0.45923827510229775 0.010104790419161677 0.01762669184765502
201 0.3820172155688623 0.6518728360088133 0.008046407185628743 0.013849543594586088
23 0.31717814371257486 0.5720805791627321 0.006736526946107785 0.012905256531318854
14 0.37331586826347307 0.6515580736543909 0.008982035928143714 0.016997167138810197
212 0.21734655688622756 0.6556499842618823 0.005426646706586827 0.02077431539187913
8 0.6236901197604791 0.3574126534466478 0.008982035928143714 0.015423355366698142
119 0.799869011976048 0.5324205225055083 0.011040419161676647 0.018570978910922253
150 0.6607410179640719 0.45876613157066415 0.009356287425149701 0.014793830657853321
120 0.2668413173652695 0.4710418633931382 0.009356287425149701 0.018570978910922253
201 0.20162799401197606 0.5761724897702235 0.008420658682634731 0.013534781240163676
212 0.10544535928143713 0.5780610638967579 0.00280688622754491 0.014164305949008499
111 0.2904191616766467 0.552880075542965 0.008982035928143714 0.021718602455146365
77 0.674869011976048 0.48127163991186656 0.012163173652694611 0.04343720491029273
225 0.564745508982036 0.6400692477179729 0.011976047904191617 0.014793830657853321
8 0.24869011976047906 0.34907145105445386 0.010853293413173653 0.022033364809568776
119 0.24026946107784433 0.41123701605288004 0.01347305389221557 0.019830028328611898
225 0.734375 0.43405728674850486 0.011040419161676647 0.02014479068303431
14 0.6168600299401198 0.45876613157066415 0.011788922155688624 0.02045955303745672
212 0.6954528443113773 0.37692791942083725 0.006549401197604791 0.016052880075542966
100 0.27049026946107785 0.4513692162417375 0.007672155688622755 0.02077431539187913
201 0.7804079341317366 0.43028013849543595 0.011040419161676647 0.019515265974189486
23 0.8043600299401198 0.43075228202706956 0.010291916167664672 0.02045955303745672
119 0.6303330838323353 0.4192634560906516 0.011414670658682636 0.02014479068303431
8 0.8386976047904192 0.5084985835694051 0.010479041916167666 0.01668240478438779
107 0.2128555389221557 0.5760151085930123 0.012537425149700599 0.02077431539187913
150 0.14464820359281438 0.6790997796663519 0.008982035928143714 0.013534781240163676
120 0.718001497005988 0.5182562165564998 0.010479041916167666 0.018570978910922253
150 0.671126497005988 0.3374252439408247 0.010291916167664672 0.016367642429965377
201 0.16663547904191617 0.6783128737802959 0.009917664670658683 0.01825621655649984
119 0.5641841317365269 0.28297135662574757 0.012350299401197605 0.02644003777148253
119 0.6684131736526947 0.5214038401007239 0.011976047904191617 0.018570978910922253
120 0.38744386227544914 0.4656909033679572 0.009543413173652695 0.019830028328611898
225 0.6204154191616766 0.6402266288951841 0.009169161676646708 0.016367642429965377
119 0.31876871257485034 0.50912810827825 0.009169161676646708 0.015423355366698142
111 0.6817926646706587 0.6004091910607491 0.011040419161676647 0.019830028328611898
59 0.7154752994011977 0.6019830028328612 0.012911676646706588 0.022348127163991188
201 0.6012350299401198 0.39927604658482846 0.010104790419161677 0.019200503619767075
8 0.2748877245508982 0.5535096002518098 0.012350299401197605 0.021718602455146365
161 0.4117702095808384 0.6303116147308782 0.009543413173652695 0.02297765187283601
33 0.251497005988024 0.5110166824047844 0.009356287425149701 0.019830028328611898
14 0.26169535928143717 0.5731822474032106 0.010291916167664672 0.02077431539187913
8 0.29986901197604793 0.6750078690588606 0.009917664670658683 0.022348127163991188
150 0.6866579341317366 0.6397544853635505 0.01066616766467066 0.017311929493232608
23 0.6926459580838323 0.45845136921624174 0.009543413173652695 0.019830028328611898
201 0.6569049401197605 0.5203021718602455 0.009917664670658683 0.019515265974189486
177 0.8302769461077845 0.5097576329870948 0.011976047904191617 0.018570978910922253
225 0.8380426646706587 0.5525653131885426 0.011040419161676647 0.018570978910922253
14 0.09534056886227546 0.4982688070506767 0.01066616766467066 0.016997167138810197
14 0.18066991017964074 0.6381806735914385 0.010291916167664672 0.019200503619767075
23 0.8258794910179641 0.6553352219074599 0.008794910179640719 0.02329241422725842
107 0.18272829341317368 0.49323260937991814 0.012537425149700599 0.01762669184765502
14 0.17318488023952097 0.5763298709474347 0.008046407185628743 0.02014479068303431
201 0.7015344311377246 0.6389675794774945 0.00785928143712575 0.012590494176896443
161 0.1691616766467066 0.5140069247717973 0.010104790419161677 0.02014479068303431
177 0.4485404191616767 0.558231035568146 0.0048652694610778445 0.0066100094428706326
201 0.09674401197604791 0.6007239534151715 0.008982035928143714 0.012275731822474031
119 0.2502806886227545 0.6158325464274472 0.014034431137724552 0.019830028328611898
225 0.7919161676646707 0.5553981743783444 0.009356287425149701 0.021089077746301543
119 0.2757297904191617 0.34907145105445386 0.01066616766467066 0.018885741265344664
8 0.5798091317365269 0.5187283600881335 0.008794910179640719 0.016367642429965377
225 0.3549775449101797 0.6323575700346239 0.0074850299401197605 0.01825621655649984
201 0.7594498502994013 0.6189801699716714 0.007672155688622755 0.019200503619767075
23 0.7508420658682635 0.6578533207428392 0.009169161676646708 0.019515265974189486
201 0.6348241017964072 0.5402895813660686 0.008420658682634731 0.01794145420207743
14 0.2601983532934132 0.61488825936418 0.009169161676646708 0.01794145420207743
107 0.25252619760479045 0.675322631413283 0.011788922155688624 0.017311929493232608
161 0.21734655688622756 0.37126219704123387 0.009917664670658683 0.022348127163991188
23 0.2712387724550898 0.5745986779981114 0.007297904191616767 0.019200503619767075
120 0.7769461077844312 0.4735599622285175 0.01160179640718563 0.021718602455146365
212 0.7608532934131736 0.6391249606547057 0.0048652694610778445 0.01794145420207743
212 0.6467065868263473 0.43909348441926344 0.00561377245508982 0.019515265974189486
150 0.6834767964071856 0.45923827510229775 0.012537425149700599 0.0226628895184136
107 0.24588323353293415 0.32813975448536353 0.012350299401197605 0.02045955303745672
23 0.6538173652694611 0.33931381806735916 0.008607784431137725 0.02014479068303431
23 0.156062874251497 0.24110796348756688 0.0074850299401197605 0.01447906830343091
100 0.2847118263473054 0.3892036512433113 0.009543413173652695 0.02297765187283601
111 0.25795284431137727 0.34922883223166507 0.007672155688622755 0.02045955303745672
225 0.6394086826347306 0.5203021718602455 0.008982035928143714 0.01762669184765502
120 0.688997005988024 0.5812086874409821 0.010479041916167666 0.018570978910922253
14 0.22296032934131738 0.49244570349386213 0.01066616766467066 0.02045955303745672
8 0.3684505988023952 0.48788164935473716 0.01122754491017964 0.01825621655649984
119 0.8338323353293414 0.3668555240793201 0.013847305389221558 0.02045955303745672
119 0.7263285928143713 0.45703493862134087 0.011414670658682636 0.02392193893610324
45 0.22688997005988026 0.4120239219389361 0.014034431137724552 0.01447906830343091
225 0.8710703592814372 0.6114258734655336 0.0022455089820359285 0.0066100094428706326
150 0.297249251497006 0.5738117721120554 0.01066616766467066 0.019515265974189486
150 0.7091130239520959 0.43689014793830655 0.01066616766467066 0.01447906830343091
8 0.6625187125748503 0.4400377714825307 0.011040419161676647 0.02014479068303431
225 0.24195359281437126 0.3718917217500787 0.010104790419161677 0.018570978910922253
201 0.14586452095808383 0.5978910922253698 0.010291916167664672 0.019200503619767075
225 0.17617889221556887 0.6797293043751967 0.009917664670658683 0.022348127163991188
14 0.2096744011976048 0.5336795719231979 0.01066616766467066 0.022348127163991188
177 0.1347305389221557 0.5982058545797923 0.010479041916167666 0.019830028328611898
201 0.6303330838323353 0.5601196096946806 0.008794910179640719 0.01794145420207743
120 0.5437874251497007 0.5594900849858356 0.008982035928143714 0.018570978910922253
8 0.21482035928143714 0.4118665407617249 0.010104790419161677 0.019830028328611898
161 0.5417290419161677 0.5989927604658483 0.011976047904191617 0.016367642429965377
23 0.3135291916167665 0.5305319483789739 0.006923652694610779 0.019200503619767075
23 0.34646332335329344 0.612527541706012 0.009543413173652695 0.01825621655649984
177 0.6932073353293413 0.35646836638338053 0.008420658682634731 0.012905256531318854
225 0.18001497005988026 0.6175637393767706 0.008233532934131737 0.016997167138810197
8 0.19180389221556887 0.4128108278249921 0.01122754491017964 0.02045955303745672
119 0.23605913173652696 0.5736543909348442 0.013660179640718563 0.02297765187283601
59 0.12705838323353294 0.618665407617249 0.016841317365269462 0.017311929493232608
14 0.4040980538922156 0.4431853950267548 0.011040419161676647 0.016997167138810197
212 0.26244386227544914 0.6743783443500158 0.005052395209580838 0.021089077746301543
212 0.5331212574850299 0.5801070192005036 0.005988023952095809 0.02077431539187913
23 0.5409805389221557 0.6587976078061064 0.008607784431137725 0.015108593012275733
161 0.5834580838323353 0.5797922568460812 0.01160179640718563 0.018885741265344664
201 0.5959019461077845 0.6218130311614731 0.01066616766467066 0.017311929493232608
212 0.2752619760479042 0.5086559647466163 0.005239520958083833 0.01762669184765502
45 0.8399139221556887 0.3855838841674536 0.012911676646706588 0.016997167138810197
119 0.11863772455089822 0.5352533836953101 0.01160179640718563 0.021718602455146365
120 0.628368263473054 0.37928863707900534 0.009356287425149701 0.016997167138810197
119 0.3280314371257485 0.653918791312559 0.01122754491017964 0.019830028328611898
150 0.6578405688622755 0.37944601825621654 0.011788922155688624 0.02045955303745672
186 0.1875 0.6185080264400378 0.010853293413173653 0.01762669184765502
100 0.3295284431137725 0.6345609065155807 0.005239520958083833 0.01825621655649984
119 0.597118263473054 0.539030531948379 0.010104790419161677 0.01668240478438779
119 0.7934131736526947 0.43075228202706956 0.013847305389221558 0.021718602455146365
225 0.5710142215568863 0.5187283600881335 0.009543413173652695 0.01762669184765502
201 0.5625935628742516 0.6221277935158955 0.011414670658682636 0.019200503619767075
201 0.7192178143712575 0.6395971041863393 0.008046407185628743 0.01196096946805162
161 0.26235029940119764 0.5328926660371419 0.010104790419161677 0.019515265974189486
201 0.7999625748502994 0.5121183506452628 0.010479041916167666 0.018885741265344664
150 0.26038547904191617 0.6556499842618823 0.012163173652694611 0.02077431539187913
7 0.7704902694610779 0.5350960025180989 0.008794910179640719 0.02077431539187913
59 0.6617702095808383 0.6011960969468052 0.014034431137724552 0.01447906830343091
59 0.5746631736526946 0.5393452943028014 0.01347305389221557 0.019830028328611898
7 0.5799026946107785 0.6595845136921624 0.008607784431137725 0.012905256531318854
14 0.6390344311377246 0.5018885741265344 0.012350299401197605 0.02297765187283601
120 0.7147267964071857 0.47922568460812087 0.008794910179640719 0.018570978910922253
14 0.8735029940119761 0.611111111111111 0.0033682634730538923 0.007239534151715455
186 0.7753555389221557 0.49370475291155175 0.011788922155688624 0.01794145420207743
225 0.6504491017964072 0.6019830028328612 0.010104790419161677 0.01794145420207743
120 0.2532747005988024 0.5945860875039345 0.009169161676646708 0.021403840100723954
107 0.6271519461077845 0.5799496380232924 0.011788922155688624 0.022348127163991188
100 0.6017964071856288 0.4376770538243626 0.006736526946107785 0.021089077746301543
8 0.24345059880239522 0.5338369531004092 0.010104790419161677 0.018885741265344664
23 0.8211077844311377 0.4288637079005351 0.009730538922155689 0.019830028328611898
186 0.4039109281437126 0.4628580421781555 0.01066616766467066 0.019830028328611898
212 0.42458832335329344 0.607176581680831 0.004116766467065869 0.015108593012275733
119 0.3375748502994012 0.6137865911237016 0.010853293413173653 0.021403840100723954
14 0.09627619760479042 0.5372993389990557 0.013660179640718563 0.018885741265344664
100 0.344498502994012 0.547529115517784 0.005239520958083833 0.021718602455146365
225 0.8392589820359282 0.4889833175952156 0.00785928143712575 0.01794145420207743
201 0.45827095808383234 0.5763298709474347 0.0026197604790419164 0.0056657223796034
201 0.18993263473053892 0.5350960025180989 0.008982035928143714 0.022033364809568776
120 0.2651571856287425 0.5541391249606546 0.010104790419161677 0.021718602455146365
45 0.10535179640718563 0.6427447277305635 0.012350299401197605 0.016997167138810197
119 0.15727919161676648 0.6773685867170286 0.01066616766467066 0.02077431539187913
14 0.8700411676646707 0.46506137865911235 0.009543413173652695 0.02045955303745672
100 0.7190306886227545 0.6213408876298394 0.007297904191616767 0.01762669184765502
225 0.37752619760479045 0.48709474346868115 0.008420658682634731 0.02045955303745672
119 0.9035366766467067 0.34214667925716086 0.004678143712574851 0.007554296506137866
107 0.8172717065868264 0.40824677368586715 0.011040419161676647 0.02014479068303431
201 0.2322230538922156 0.3700031476235442 0.008607784431137725 0.021718602455146365
186 0.7112649700598803 0.35410764872521244 0.011976047904191617 0.0226628895184136
100 0.8098802395209581 0.5541391249606546 0.008233532934131737 0.021718602455146365
100 0.18029565868263475 0.4542020774315392 0.006923652694610779 0.016997167138810197
23 0.5726047904191617 0.4765502045955304 0.008233532934131737 0.0226628895184136
14 0.9054079341317366 0.6022977651872836 0.005052395209580838 0.0066100094428706326
119 0.7380239520958084 0.5379288637079005 0.011976047904191617 0.018885741265344664
201 0.8276571856287426 0.40698772426817753 0.0074850299401197605 0.0113314447592068
23 0.6731848802395209 0.6011960969468052 0.007672155688622755 0.01196096946805162
33 0.27750748502994016 0.6134718287692792 0.009730538922155689 0.01762669184765502
225 0.6461452095808383 0.3372678627636135 0.006736526946107785 0.012275731822474031
201 0.6483907185628743 0.6622599937047529 0.010853293413173653 0.02329241422725842
150 0.8191429640718564 0.386685552407932 0.009169161676646708 0.019200503619767075
120 0.19049401197604793 0.5749134403525338 0.010104790419161677 0.019830028328611898
8 0.6366953592814372 0.37850173119294933 0.008794910179640719 0.013534781240163676
201 0.345247005988024 0.6340887629839471 0.008233532934131737 0.019200503619767075
100 0.6488585329341318 0.4186339313818067 0.005052395209580838 0.013220018885741265
201 0.7841504491017964 0.6391249606547057 0.008420658682634731 0.01794145420207743
201 0.23905314371257486 0.4510544538873151 0.009169161676646708 0.018885741265344664
212 0.7855538922155689 0.4513692162417375 0.004491017964071857 0.016367642429965377
161 0.7282934131736527 0.5805791627321373 0.009356287425149701 0.015423355366698142
120 0.3159618263473054 0.6131570664148568 0.008046407185628743 0.018885741265344664
161 0.18291541916167667 0.4734025810513063 0.009543413173652695 0.02014479068303431
225 0.4409618263473054 0.56657223796034 0.0024326347305389222 0.006295247088448221
119 0.8108158682634731 0.5116462071136292 0.010853293413173653 0.01794145420207743
8 0.6824476047904192 0.4187913125590179 0.010479041916167666 0.021089077746301543
186 0.23362649700598803 0.6559647466163047 0.009917664670658683 0.021403840100723954
150 0.5534244011976048 0.284859930752282 0.012163173652694611 0.021403840100723954
23 0.8174588323353293 0.45026754800125907 0.009543413173652695 0.021718602455146365
212 0.7977170658682635 0.5949008498583569 0.005988023952095809 0.019515265974189486
201 0.38557260479041916 0.5679886685552408 0.007672155688622755 0.018570978910922253
8 0.5791541916167665 0.60182562165565 0.011976047904191617 0.019515265974189486
33 0.5421032934131736 0.26078061063896757 0.008982035928143714 0.02045955303745672
225 0.6602732035928144 0.6408561536040289 0.008794910179640719 0.01762669184765502
111 0.5999251497005988 0.6594271325149512 0.00785928143712575 0.013849543594586088
8 0.846556886227545 0.48756688700031475 0.009730538922155689 0.015108593012275733
59 0.8054827844311377 0.45042492917847027 0.015157185628742516 0.02014479068303431
212 0.10469685628742516 0.5982058545797923 0.0061751497005988025 0.019830028328611898
7 0.6969498502994013 0.6015108593012276 0.008420658682634731 0.02014479068303431
100 0.7553330838323353 0.5993075228202707 0.0061751497005988025 0.018885741265344664
14 0.7745134730538923 0.595687755744413 0.010104790419161677 0.019830028328611898
186 0.7359655688622755 0.6373937677053825 0.009730538922155689 0.015738117721120555
201 0.592814371257485 0.4170601196096947 0.009730538922155689 0.018885741265344664
186 0.12041541916167665 0.2584198929807995 0.01066616766467066 0.01762669184765502
23 0.564745508982036 0.5387157695939565 0.006736526946107785 0.012905256531318854
161 0.29537799401197606 0.3885741265344665 0.012537425149700599 0.021718602455146365
59 0.5802769461077845 0.4970097576329871 0.013847305389221558 0.015108593012275733
119 0.38753742514970063 0.5464274472773056 0.009356287425149701 0.02392193893610324
8 0.7883607784431138 0.4707271010387158 0.009356287425149701 0.013534781240163676
77 0.6303330838323353 0.4800125904941769 0.011414670658682636 0.034623858986465215
33 0.2971556886227545 0.5937991816178785 0.009356287425149701 0.015423355366698142
8 0.250187125748503 0.43090966320428076 0.009730538922155689 0.01825621655649984
177 0.25074850299401197 0.37047529115517785 0.010104790419161677 0.02077431539187913
45 0.5526758982035929 0.6400692477179729 0.014782934131736527 0.019200503619767075
7 0.09796032934131738 0.517626691847655 0.01066616766467066 0.016052880075542966
177 0.359375 0.5267548001259049 0.009169161676646708 0.019830028328611898
111 0.35217065868263475 0.5468995908089392 0.005988023952095809 0.021718602455146365
8 0.26478293413173654 0.49102927289896126 0.010104790419161677 0.018885741265344664
111 0.8100673652694611 0.5322631413282971 0.009730538922155689 0.018885741265344664
107 0.7097679640718564 0.6199244570349386 0.011976047904191617 0.012905256531318854
14 0.11882485029940121 0.21781554926030847 0.009356287425149701 0.01762669184765502
23 0.2320359281437126 0.6161473087818696 0.0074850299401197605 0.014164305949008499
161 0.6200411676646707 0.3803903053194838 0.011788922155688624 0.018570978910922253
45 0.27208083832335334 0.6355051935788479 0.014595808383233533 0.018885741265344664
201 0.1346369760479042 0.25920679886685555 0.008046407185628743 0.01794145420207743
100 0.751309880239521 0.6189801699716714 0.005988023952095809 0.014164305949008499
9 0.6509169161676647 0.31696569090336796 0.0061751497005988025 0.02077431539187913
119 0.44245883233532934 0.5766446333018571 0.0031811377245508986 0.006295247088448221
8 0.8761227544910181 0.610324205225055 0.0022455089820359285 0.006295247088448221
23 0.8386040419161677 0.5311614730878187 0.008794910179640719 0.019830028328611898
8 0.12116392215568864 0.5777463015423355 0.012537425149700599 0.015423355366698142
14 0.550056137724551 0.5993075228202707 0.010291916167664672 0.015738117721120555
201 0.2572043413173653 0.47056971986150453 0.008420658682634731 0.01762669184765502
161 0.7169723053892216 0.3750393452943028 0.012537425149700599 0.01794145420207743
119 0.6055389221556886 0.45845136921624174 0.01160179640718563 0.01794145420207743
59 0.8938997005988024 0.6089077746301542 0.0037425149700598802 0.007239534151715455
59 0.7401758982035929 0.6565942713251495 0.013285928143712575 0.012590494176896443
8 0.8308383233532934 0.4464903997481901 0.009730538922155689 0.021718602455146365
225 0.25065494011976047 0.6580107019200504 0.011040419161676647 0.02045955303745672
14 0.27376497005988026 0.41060749134403524 0.010104790419161677 0.018570978910922253
107 0.23942739520958084 0.43185395026754797 0.012537425149700599 0.01762669184765502
225 0.28190494011976047 0.5544538873150772 0.008794910179640719 0.021089077746301543
212 0.639689371257485 0.5003147623544224 0.009543413173652695 0.018570978910922253
212 0.29331961077844315 0.61488825936418 0.004678143712574851 0.019200503619767075
59 0.827563622754491 0.5335221907459867 0.013285928143712575 0.019515265974189486
45 0.3407559880239521 0.6536040289581366 0.014595808383233533 0.01794145420207743
45 0.8675149700598803 0.3067359143846396 0.013098802395209582 0.012905256531318854
186 0.6497941616766467 0.4603399433427762 0.011414670658682636 0.018570978910922253
107 0.6984468562874252 0.5203021718602455 0.012911676646706588 0.02077431539187913
23 0.7712387724550899 0.6578533207428392 0.010291916167664672 0.019515265974189486
8 0.39511601796407186 0.5875039345294303 0.008794910179640719 0.02045955303745672
45 0.40465943113772457 0.40478438778722065 0.01440868263473054 0.022033364809568776
14 0.6236901197604791 0.4398803903053195 0.009356287425149701 0.01794145420207743
23 0.7906998502994013 0.408876298394712 0.008794910179640719 0.02014479068303431
119 0.6598989520958084 0.5399748190116462 0.011414670658682636 0.018570978910922253
119 0.815119760479042 0.6553352219074599 0.012350299401197605 0.018885741265344664
119 0.4487275449101797 0.5768020144790683 0.004116766467065869 0.0066100094428706326
201 0.6966691616766467 0.5412338684293359 0.00785928143712575 0.021089077746301543
225 0.9002619760479043 0.3051621026125275 0.008607784431137725 0.02297765187283601
119 0.4177582335329342 0.40557129367327666 0.011788922155688624 0.02045955303745672
120 0.8389782934131738 0.34435001573811774 0.010291916167664672 0.02014479068303431
100 0.7290419161676647 0.5601196096946806 0.006736526946107785 0.01794145420207743
212 0.3792103293413174 0.5873465533522191 0.008420658682634731 0.02014479068303431
161 0.5444423652694611 0.5388731507711677 0.011040419161676647 0.019515265974189486
120 0.2575785928143713 0.3290840415486308 0.008420658682634731 0.021089077746301543
201 0.814558383233533 0.3663833805476865 0.00785928143712575 0.012590494176896443
120 0.8234468562874252 0.447906830343091 0.008794910179640719 0.018885741265344664
119 0.23465568862275452 0.6770538243626062 0.009730538922155689 0.018885741265344664
14 0.6133982035928144 0.419578218445074 0.007110778443113773 0.02077431539187913
33 0.5823353293413174 0.4796978281397545 0.010104790419161677 0.0226628895184136
212 0.2866766467065868 0.5322631413282971 0.0048652694610778445 0.016997167138810197
23 0.13604041916167667 0.6794145420207743 0.00785928143712575 0.012905256531318854
201 0.3945546407185629 0.42429965376141016 0.008046407185628743 0.01825621655649984
7 0.3860404191616767 0.48536355051935787 0.009356287425149701 0.01825621655649984
201 0.5578218562874252 0.660056657223796 0.009356287425149701 0.016997167138810197
212 0.8349550898203594 0.4066729619137551 0.005988023952095809 0.018885741265344664
33 0.5692365269461078 0.6011960969468052 0.009730538922155689 0.019515265974189486
212 0.1660741017964072 0.5764872521246459 0.005426646706586827 0.017311929493232608
8 0.8088510479041917 0.4913440352533837 0.01066616766467066 0.019515265974189486
14 0.09477919161676647 0.6414856783128737 0.011788922155688624 0.019515265974189486
225 0.2030314371257485 0.5542965061378659 0.008233532934131737 0.016367642429965377
8 0.38669535928143717 0.609537299338999 0.008420658682634731 0.021089077746301543
201 0.7252994011976048 0.4378344350015738 0.008607784431137725 0.02014479068303431
59 0.6509169161676647 0.561221277935159 0.014034431137724552 0.018885741265344664
23 0.34215943113772457 0.5719231979855209 0.008420658682634731 0.021403840100723954
201 0.6776758982035929 0.6603714195782184 0.009917664670658683 0.019515265974189486
177 0.4350673652694611 0.5782184450739691 0.0029940119760479044 0.006924771797293044
7 0.13117514970059882 0.2390620081838212 0.008233532934131737 0.01668240478438779
225 0.24251497005988026 0.3904627006610009 0.008982035928143714 0.02045955303745672
23 0.6311751497005988 0.4403525338369531 0.008233532934131737 0.019515265974189486
59 0.3747193113772455 0.5690903367957192 0.013285928143712575 0.01762669184765502
8 0.218562874251497 0.5336795719231979 0.009356287425149701 0.021089077746301543
225 0.6802956586826348 0.43940824677368584 0.008794910179640719 0.016997167138810197
45 0.16654191616766467 0.2415801070192005 0.011976047904191617 0.012905256531318854
225 0.30931886227544914 0.6728045325779036 0.008982035928143714 0.019200503619767075
161 0.892122005988024 0.3054768649669499 0.006923652694610779 0.024866225999370474
8 0.6990082335329342 0.336166194523135 0.009169161676646708 0.013849543594586088
14 0.11236901197604791 0.5772741580107019 0.008420658682634731 0.018885741265344664
59 0.628368263473054 0.4996852376455776 0.01347305389221557 0.014793830657853321
225 0.611994760479042 0.560434372049103 0.011414670658682636 0.021718602455146365
120 0.5531437125748503 0.5607491344035254 0.010104790419161677 0.01794145420207743
119 0.23867889221556887 0.34985835694050993 0.012537425149700599 0.02297765187283601
225 0.8838884730538923 0.34261882278879446 0.0020583832335329343 0.0066100094428706326
119 0.672623502994012 0.4183191690273843 0.012163173652694611 0.02014479068303431
23 0.5806511976047904 0.45908089392508655 0.010853293413173653 0.021089077746301543
33 0.6786115269461078 0.37913125590179414 0.010291916167664672 0.01668240478438779
14 0.7274513473053893 0.4156436890147938 0.009169161676646708 0.019200503619767075
212 0.8511414670658684 0.466320428076802 0.005052395209580838 0.01668240478438779
23 0.329060628742515 0.5302171860245515 0.007297904191616767 0.021089077746301543
100 0.7468188622754491 0.5174693106704438 0.0074850299401197605 0.015738117721120555
120 0.234187874251497 0.5336795719231979 0.008420658682634731 0.021089077746301543
8 0.28022080838323354 0.5311614730878187 0.009169161676646708 0.013534781240163676
45 0.10544535928143713 0.5365124331129997 0.014782934131736527 0.019200503619767075
201 0.41841317365269465 0.6078061063896758 0.008607784431137725 0.02077431539187913
33 0.7370883233532934 0.559017941454202 0.010853293413173653 0.019515265974189486
201 0.7835890718562875 0.5572867485048788 0.008420658682634731 0.021718602455146365
201 0.38360778443113774 0.4449165879760781 0.010853293413173653 0.021718602455146365
150 0.27601047904191617 0.3914069877242682 0.010853293413173653 0.022348127163991188
225 0.32073353293413176 0.4697828139754485 0.01160179640718563 0.022348127163991188
225 0.3688248502994012 0.5470569719861504 0.009730538922155689 0.034623858986465215
225 0.6982597305389222 0.47875354107648727 0.008794910179640719 0.02077431539187913
161 0.705931886227545 0.5793201133144475 0.009543413173652695 0.019200503619767075
201 0.5366766467065869 0.539817437834435 0.01122754491017964 0.02077431539187913
150 0.3393525449101797 0.6735914384639597 0.009543413173652695 0.019515265974189486
161 0.8108158682634731 0.42823418319169027 0.008982035928143714 0.01794145420207743
7 0.6861901197604791 0.6603714195782184 0.008982035928143714 0.019515265974189486
111 0.7227732035928144 0.6572237960339943 0.010291916167664672 0.01825621655649984
212 0.7041541916167665 0.5409191060749134 0.005239520958083833 0.018570978910922253
201 0.18693862275449102 0.45310040919106076 0.008233532934131737 0.019200503619767075
201 0.4156062874251497 0.5686181932640856 0.009356287425149701 0.021718602455146365
45 0.7647829341317366 0.5977337110481586 0.013847305389221558 0.018885741265344664
33 0.20181511976047906 0.6381806735914385 0.008794910179640719 0.02045955303745672
33 0.7384917664670659 0.45624803273528486 0.008420658682634731 0.021089077746301543
161 0.735684880239521 0.5996222851746931 0.010291916167664672 0.019515265974189486
119 0.6298652694610779 0.620239219389361 0.012350299401197605 0.018570978910922253
150 0.31783308383233533 0.673748819641171 0.009543413173652695 0.015423355366698142
33 0.3059505988023952 0.550519357884797 0.010853293413173653 0.02077431539187913
119 0.8677020958083833 0.5072395341517154 0.012350299401197605 0.018570978910922253
23 0.5793413173652695 0.6211835064526282 0.010479041916167666 0.01794145420207743
14 0.7690868263473054 0.5155807365439093 0.01160179640718563 0.019515265974189486
186 0.6757110778443114 0.6191375511488826 0.010853293413173653 0.013849543594586088