17 0.8295586527293844 0.3816624365482233 0.03193960511033682 0.041243654822335024
21 0.633855981416957 0.45812182741116747 0.038908246225319396 0.04187817258883248
8 0.7232868757259001 0.266497461928934 0.04355400696864112 0.04441624365482233
23 0.6965737514518002 0.16846446700507614 0.033101045296167246 0.05393401015228426
1 0.10452961672473868 0.2798223350253807 0.030197444831591175 0.04060913705583756
1 0.3943089430894309 0.28553299492385786 0.029036004645760744 0.052030456852791875
17 0.5580720092915215 0.40450507614213194 0.04645760743321719 0.05266497461928934
8 0.1521486643437863 0.386738578680203 0.03948896631823461 0.04885786802030456
22 0.7293844367015099 0.32550761421319796 0.020905923344947737 0.04568527918781726
1 0.11701509872241579 0.39054568527918776 0.03077816492450639 0.046319796954314714
1 0.5011614401858304 0.4635152284263959 0.03252032520325203 0.041243654822335024
10 0.22473867595818817 0.25158629441624364 0.036004645760743324 0.04505076142131979
5 0.17276422764227642 0.20653553299492383 0.04006968641114982 0.04758883248730964
14 0.11062717770034843 0.3343908629441624 0.03426248548199768 0.04314720812182741
12 0.08391405342624855 0.2852157360406091 0.029616724738675958 0.05393401015228426
6 0.7735191637630662 0.3937182741116751 0.04065040650406504 0.046319796954314714
5 0.7145760743321719 0.5076142131979695 0.052845528455284556 0.04568527918781726
0 0.45818815331010454 0.3439086294416243 0.036004645760743324 0.048223350253807105
21 0.4544134727061556 0.2861675126903553 0.04006968641114982 0.06091370558375634
22 0.7590011614401858 0.4438451776649746 0.022067363530778164 0.041243654822335024
10 0.7183507549361208 0.39562182741116747 0.026713124274099883 0.05774111675126903
5 0.4259581881533101 0.35120558375634514 0.033101045296167246 0.05139593908629441
20 0.37543554006968644 0.4152918781725888 0.047038327526132406 0.041243654822335024
21 0.1518583042973287 0.14942893401015228 0.023809523809523808 0.05012690355329949
20 0.18205574912891986 0.5580583756345178 0.036585365853658534 0.038705583756345176
17 0.693089430894309 0.3978426395939086 0.03426248548199768 0.06472081218274112
16 0.140534262485482 0.5720177664974618 0.03948896631823461 0.059010152284263956
3 0.3051684088269454 0.4765228426395939 0.0272938443670151 0.03934010152284264
1 0.08507549361207897 0.2214467005076142 0.04936120789779326 0.04695431472081218
5 0.8507549361207898 0.486992385786802 0.029036004645760744 0.04885786802030456
0 0.4247967479674797 0.2836294416243655 0.0272938443670151 0.048223350253807105
11 0.21689895470383275 0.31757614213197966 0.038908246225319396 0.05012690355329949
21 0.6570847851335656 0.39974619289340096 0.03426248548199768 0.052030456852791875
1 0.40156794425087106 0.2338197969543147 0.03193960511033682 0.042512690355329945
10 0.48519163763066203 0.3340736040609137 0.036585365853658534 0.046319796954314714
18 0.5418118466898955 0.32265228426395937 0.03368176538908246 0.04885786802030456
1 0.06387921022067364 0.16560913705583755 0.03252032520325203 0.049492385786802026
13 0.38124274099883854 0.3546954314720812 0.04819976771196283 0.050761421319796954
10 0.22822299651567945 0.37595177664974616 0.03252032520325203 0.04758883248730964
5 0.7041231126596981 0.44828680203045684 0.02032520325203252 0.03743654822335025
14 0.13530778164924506 0.33153553299492383 0.025551684088269452 0.059010152284263956
17 0.1794425087108014 0.14720812182741116 0.03832752613240418 0.049492385786802026
5 0.16347270615563297 0.08153553299492385 0.02613240418118467 0.05393401015228426
7 0.3356562137049942 0.4758883248730964 0.036004645760743324 0.04060913705583756
3 0.6495354239256679 0.5171319796954315 0.05168408826945412 0.04695431472081218
8 0.662020905923345 0.33375634517766495 0.04065040650406504 0.04060913705583756
5 0.1721835075493612 0.32265228426395937 0.047038327526132406 0.04885786802030456
22 0.35452961672473865 0.4168781725888325 0.02148664343786295 0.03934010152284264
5 0.2229965156794425 0.5485406091370558 0.03716608594657375 0.03489847715736041
12 0.08914053426248549 0.15736040609137056 0.02613240418118467 0.03934010152284264
21 0.8278164924506388 0.2687182741116751 0.03774680603948897 0.05393401015228426
5 0.7590011614401858 0.26903553299492383 0.04413472706155633 0.050761421319796954
20 0.625725900116144 0.4064086294416243 0.036585365853658534 0.059010152284263956
13 0.1640534262485482 0.45241116751269034 0.04006968641114982 0.048223350253807105
22 0.19192799070847852 0.09200507614213198 0.04006968641114982 0.07106598984771573
7 0.502903600464576 0.28109137055837563 0.06155632984901278 0.04568527918781726
13 0.735191637630662 0.44670050761421315 0.041811846689895474 0.049492385786802026
9 0.19367015098722415 0.4996827411167512 0.04006968641114982 0.05266497461928934
16 0.8504645760743321 0.43337563451776645 0.03542392566782811 0.04187817258883248
14 0.7918118466898955 0.3861040609137055 0.036585365853658534 0.05012690355329949
0 0.883855981416957 0.42385786802030456 0.029036004645760744 0.04187817258883248
13 0.3693379790940767 0.23413705583756345 0.03252032520325203 0.04060913705583756
1 0.4294425087108014 0.4631979695431472 0.044715447154471545 0.04187817258883248
22 0.7395470383275261 0.39435279187817257 0.02148664343786295 0.046319796954314714
8 0.8199767711962834 0.4892131979695431 0.03368176538908246 0.049492385786802026
20 0.20267131242741 0.4498730964467005 0.03484320557491289 0.04187817258883248
3 0.8185249709639953 0.43623096446700504 0.036585365853658534 0.041243654822335024
7 0.34727061556329847 0.19130710659898476 0.04065040650406504 0.04885786802030456
8 0.13995354239256677 0.2709390862944162 0.04645760743321719 0.04060913705583756
13 0.13124274099883856 0.21605329949238578 0.04645760743321719 0.041243654822335024
21 0.6907665505226481 0.2807741116751269 0.033101045296167246 0.04885786802030456
2 0.19396051103368175 0.3775380710659898 0.03368176538908246 0.04441624365482233
21 0.7009291521486644 0.32868020304568524 0.041811846689895474 0.04695431472081218
6 0.37717770034843207 0.2858502538071066 0.03193960511033682 0.05520304568527919
13 0.49419279907084784 0.4098984771573604 0.04529616724738676 0.04441624365482233
23 0.16347270615563297 0.49460659898477155 0.033101045296167246 0.046319796954314714
10 0.46660859465737514 0.4590736040609137 0.03426248548199768 0.03489847715736041
11 0.48693379790940766 0.22176395939086294 0.03542392566782811 0.039974619289340096
8 0.8800813008130082 0.48762690355329946 0.03542392566782811 0.05266497461928934
19 0.12166085946573751 0.15006345177664973 0.03774680603948897 0.06281725888324872
13 0.6922183507549361 0.11040609137055837 0.041811846689895474 0.04568527918781726
7 0.2961672473867596 0.18527918781725886 0.04878048780487805 0.052030456852791875
22 0.662020905923345 0.22842639593908629 0.04413472706155633 0.05456852791878172
5 0.7366434378629501 0.157994923857868 0.036585365853658534 0.050761421319796954
23 0.7613240418118467 0.3220177664974619 0.051103368176538905 0.06027918781725888