5 0.12890874282067644 0.6013647369579572 0.019144862795149965 0.018930222320052828
3 0.19931929376728355 0.7320052828527405 0.017868538608806637 0.018710103455866166
1 0.7470750904062965 0.5584415584415584 0.02169751116783663 0.020691173233546113
22 0.13826845352052755 0.45245432533568125 0.011912359072537758 0.021351529826106098
13 0.8077004892576047 0.287805414924059 0.022122952563284407 0.02223200528285274
21 0.9168262071899596 0.3258859784283513 0.01871942139970219 0.027074620294959276
22 0.6146564560731759 0.1941448382126348 0.00872154860667943 0.0224521241470394
22 0.5007445224420336 0.31532027294739157 0.008934269304403318 0.024873431653092668
1 0.28153584343756644 0.6040061633281972 0.018506700701978303 0.0224521241470394
6 0.16570942352690915 0.5744001760950913 0.018293980004254414 0.02047105436935945
12 0.12125079770261646 0.636583755227823 0.017868538608806637 0.02289236187541272
13 0.2624973409912784 0.22243011226062073 0.019570304190597743 0.024873431653092668
1 0.4413954477770687 0.25016508914814 0.015315890236119973 0.026634382566585953
3 0.7322910019144863 0.3181818181818182 0.01595405232929164 0.021351529826106098
17 0.3763029142735588 0.22132951793968741 0.017017655817911082 0.024873431653092668
1 0.1535843437566475 0.45454545454545453 0.017868538608806637 0.024653312788906007
23 0.25154222505849816 0.7637023992956196 0.015103169538396084 0.021351529826106098
5 0.8961922995107423 0.3863086066475897 0.017017655817911082 0.021131410961919436
17 0.2152733460965752 0.3060752806515518 0.021272069772388852 0.02267224301122606
23 0.12741969793660923 0.39214175654853617 0.022548393958732184 0.02267224301122606
11 0.13826845352052755 0.19293418445960817 0.02297383535417996 0.020030816640986132
6 0.11401829398000425 0.4531146819282412 0.019570304190597743 0.02267224301122606
16 0.8013188683258881 0.562293638564825 0.018293980004254414 0.021791767554479417
10 0.7789831950648798 0.2583094871230464 0.014890448840672197 0.023992956196346026
19 0.49925547755796634 0.3701298701298701 0.014039566049776643 0.02047105436935945
17 0.12401616677302701 0.2771296500110059 0.016592214422463305 0.020250935505172794
8 0.33163156775154223 0.22375082544574068 0.024675600935971067 0.02223200528285274
11 0.7237821740055307 0.5926700418225842 0.028291852797277174 0.02883557120845256
17 0.7635609444798979 0.31917235307065817 0.018081259306530525 0.021131410961919436
2 0.5315890236119974 0.33843275368699094 0.01574133163156775 0.03103675985031917
1 0.5158476919804297 0.22276029055690072 0.01574133163156775 0.01672903367818622
22 0.2618591788981068 0.6689412282632621 0.008083386513507764 0.021131410961919436
1 0.5288236545415869 0.2566585956416465 0.01744309721335886 0.026854501430772615
23 0.15730695596681557 0.6945850759410082 0.016804935120187194 0.018269865727492843
23 0.8599234205488193 0.29275808936825887 0.011274196979366092 0.020691173233546113
10 0.10997660072325037 0.24928461369139335 0.01148691767708998 0.023992956196346026
1 0.12188895979578812 0.3609949372661237 0.016592214422463305 0.019370460048426148
20 0.17070835992342054 0.8427250715386309 0.020633907679217186 0.02443319392471935
6 0.07891937885556265 0.24862425709883335 0.019144862795149965 0.02267224301122606
6 0.18751329504360773 0.7885758309487123 0.019357583492873854 0.02047105436935945
3 0.18113167411189107 0.19458507594100813 0.016379493724739416 0.018930222320052828
13 0.6266751754945756 0.25610829848117983 0.020421186981493297 0.021791767554479417
5 0.8335460540310572 0.38333700198106974 0.014677728142948309 0.02223200528285274
1 0.3743884279940438 0.28230244331939247 0.021272069772388852 0.023112480739599383
11 0.393107849393746 0.22187981510015406 0.020846628376941075 0.019370460048426148
20 0.2102744097000638 0.48503191723530703 0.02148479047011274 0.02267224301122606
1 0.3248245054243778 0.19249394673123485 0.014890448840672197 0.029275808936825885
22 0.1886832588810891 0.3932423508694695 0.0076579451180599865 0.021351529826106098
21 0.2398425866836843 0.6363636363636364 0.014677728142948309 0.021131410961919436
21 0.48436502871729414 0.37057010785824346 0.01574133163156775 0.02047105436935945
21 0.16592214422463306 0.8135593220338982 0.016592214422463305 0.018930222320052828
11 0.26143373750265897 0.4881135813339203 0.024675600935971067 0.02267224301122606
17 0.40140395660497763 0.2531366938146599 0.017868538608806637 0.023772837332159364
5 0.14571367794086365 0.572639225181598 0.01871942139970219 0.01959057891261281
13 0.20006381620931715 0.6671802773497688 0.02148479047011274 0.021131410961919436
22 0.22686662412252712 0.7317851639885538 0.00999787279302276 0.021791767554479417
22 0.2936609232078281 0.1933744221879815 0.00872154860667943 0.02047105436935945
5 0.6002978089768134 0.37123046445080343 0.013614124654328865 0.02267224301122606
8 0.6573069559668155 0.37321153422848335 0.026802807913209954 0.026634382566585953
13 0.24994681982556902 0.36528725511776355 0.017868538608806637 0.02267224301122606
8 0.30865773239736227 0.19183359013867488 0.019144862795149965 0.0275148580233326
7 0.8464156562433525 0.2892361875412723 0.013188683258881088 0.02817521461589258
5 0.5156349712827057 0.34239489324235084 0.01999574558604552 0.021791767554479417
10 0.6238034460753031 0.42824125027514853 0.012550521165709422 0.02531366938146599
21 0.4676664539459689 0.18930222320052828 0.016379493724739416 0.021131410961919436
5 0.17932354818123802 0.5435835351089588 0.016592214422463305 0.018710103455866166
23 0.15081897468623695 0.5413823464670922 0.01574133163156775 0.01959057891261281
22 0.3916188045096788 0.28439357252916575 0.011061476281642203 0.018489984591679505
17 0.23505637098489682 0.7003081664098613 0.01446500744522442 0.0275148580233326
5 0.12678153584343757 0.4522342064714946 0.016166773027015528 0.01915034118423949
3 0.2952563284407573 0.7012987012987013 0.018293980004254414 0.01981069777679947
5 0.14550095724313974 0.4838212634822804 0.017868538608806637 0.021131410961919436
7 0.6496490108487556 0.45949812898965436 0.022548393958732184 0.02575390710983931
11 0.7247394171452882 0.5574510235527185 0.02339927674962774 0.020911292097732775
5 0.22367581365666878 0.6358133392031696 0.018506700701978303 0.020030816640986132
1 0.8284407572856839 0.6321813779440898 0.018081259306530525 0.021571648690292756
17 0.22569666028504573 0.4865727492846137 0.017868538608806637 0.02575390710983931
20 0.5038289725590299 0.18820162887959496 0.021910231865560518 0.020691173233546113
22 0.24313975749840458 0.3078362315650451 0.009359710699851096 0.020911292097732775
21 0.2723888534354392 0.5195905789126127 0.01723037651563497 0.021351529826106098
23 0.48691767708998085 0.2831829187761391 0.017868538608806637 0.021791767554479417
5 0.16953839608593915 0.7901166629980189 0.016166773027015528 0.021791767554479417
14 0.20240374388427992 0.7898965441338323 0.01595405232929164 0.021791767554479417
21 0.822271857051691 0.23156504512436715 0.0129759625611572 0.020691173233546113
23 0.8646032758987449 0.324455205811138 0.014677728142948309 0.023332599603786044
22 0.8088704530950861 0.5960818842174774 0.02318655605190385 0.029495927801012546
19 0.7300574345883855 0.4700638344706141 0.02552648372686662 0.023992956196346026
21 0.4879812805786003 0.22209993396434075 0.014890448840672197 0.018930222320052828
16 0.26845352052754734 0.4570768214836011 0.026802807913209954 0.021351529826106098
5 0.8976813443948095 0.5085846357032797 0.026802807913209954 0.024873431653092668
15 0.9174643692831312 0.38663878494386966 0.023824718145075516 0.0275148580233326
1 0.1057221867687726 0.22000880475456747 0.016592214422463305 0.024873431653092668
21 0.5130823229100191 0.31532027294739157 0.013188683258881088 0.023112480739599383
1 0.6317804722399489 0.3707902267224301 0.01574133163156775 0.026194144838212634
7 0.11423101467772814 0.33226942548976446 0.02339927674962774 0.020911292097732775
13 0.2542012337800468 0.4268104776579353 0.01871942139970219 0.025974025974025972
13 0.1787917464369283 0.22287034998899405 0.02148479047011274 0.023552718467972703
6 0.7781323122739842 0.4718247853841074 0.016166773027015528 0.02267224301122606
3 0.22697298447138906 0.22441118203830068 0.01871942139970219 0.021791767554479417
0 0.23877898319506485 0.5769315430332379 0.016804935120187194 0.019370460048426148
22 0.12125079770261646 0.1922738278670482 0.008934269304403318 0.02047105436935945
23 0.16804935120187192 0.45597622716266784 0.01446500744522442 0.02531366938146599
8 0.7681344394809615 0.28692493946731235 0.028504573495001063 0.02047105436935945
17 0.16975111678366303 0.2772397094430993 0.017017655817911082 0.021791767554479417
13 0.24526696447564347 0.4555359894342945 0.022122952563284407 0.020911292097732775
19 0.20527547330355242 0.698217037200088 0.020421186981493297 0.020250935505172794
17 0.8630078706658157 0.3541712524763372 0.016592214422463305 0.0224521241470394
1 0.19761752818549244 0.22320052828527404 0.016166773027015528 0.024213075060532687
6 0.5460540310572218 0.25401716927140655 0.018293980004254414 0.02817521461589258
8 0.8152520740268028 0.38113581333920316 0.020633907679217186 0.020030816640986132
7 0.20378642841948522 0.760840854061193 0.02552648372686662 0.018710103455866166
5 0.20048925760476494 0.8159806295399515 0.01595405232929164 0.020691173233546113
15 0.83205700914699 0.5965221219458507 0.021910231865560518 0.026414263702399295
23 0.26558179110827485 0.8182918776139114 0.013826845352052754 0.020911292097732775
23 0.8083386513507764 0.2591899625797931 0.016592214422463305 0.02267224301122606
13 0.8730057434588385 0.20405018710103454 0.02169751116783663 0.019370460048426148
10 0.16730482875983832 0.19469513537310146 0.012550521165709422 0.018710103455866166
17 0.18272707934482024 0.574620294959278 0.014890448840672197 0.020030816640986132
21 0.5479685173367368 0.3399735857362976 0.017017655817911082 0.02795509575170592
13 0.4493724739417145 0.18996257979308825 0.024037438842799404 0.020691173233546113
3 0.19283131248670496 0.6373541712524763 0.018506700701978303 0.01959057891261281
10 0.2829185279727717 0.3635263042042703 0.014039566049776643 0.02531366938146599
1 0.7241012550521165 0.5015408320493066 0.026802807913209954 0.024873431653092668
14 0.8589661774090619 0.5671362535769315 0.017017655817911082 0.02267224301122606
1 0.17751542225058498 0.42207792207792205 0.016379493724739416 0.026194144838212634
22 0.8450329717081472 0.5660356592559982 0.009146990002127207 0.023552718467972703
13 0.23505637098489682 0.6674003962139555 0.017017655817911082 0.023332599603786044
15 0.7706870878536481 0.3804754567466432 0.020421186981493297 0.021791767554479417
20 0.8295043607743033 0.47644728153202726 0.02148479047011274 0.02047105436935945
21 0.45086151882578174 0.3726612370680167 0.020633907679217186 0.0224521241470394
9 0.1648585407360136 0.5417125247633722 0.016592214422463305 0.03653973145498569
3 0.16049776643267388 0.8787145058331498 0.016379493724739416 0.029495927801012546
13 0.5445649861731546 0.22176975566806073 0.01871942139970219 0.02047105436935945
10 0.1595405232929164 0.4865727492846137 0.013614124654328865 0.024873431653092668
23 0.8803446075303126 0.35571208452564385 0.018506700701978303 0.023772837332159364
21 0.24345883854499042 0.7907770195905789 0.01723037651563497 0.020911292097732775
5 0.7885556264624548 0.4450803433854281 0.016166773027015528 0.020691173233546113
16 0.8834290576473091 0.45531587057010786 0.017017655817911082 0.023112480739599383
10 0.43863007870665816 0.2223200528285274 0.010636034886194426 0.02509355051727933
23 0.8844926611359285 0.29495927801012545 0.01446500744522442 0.02201188641866608
22 0.1742182514358647 0.2512656834690733 0.009785152095298871 0.020030816640986132
17 0.47925973197192084 0.25368699097512654 0.019570304190597743 0.023552718467972703
10 0.46245479685173363 0.28406339423288574 0.012337800467985533 0.023552718467972703
20 0.1725164858540736 0.48591239269205366 0.020846628376941075 0.023552718467972703
1 0.8240799829823441 0.2597402597402597 0.017868538608806637 0.0224521241470394
5 0.1807062327164433 0.6677305745102355 0.018081259306530525 0.01915034118423949
22 0.34737289938310995 0.22298040942108738 0.010210593490746649 0.021571648690292756
3 0.5617953626887896 0.187211093990755 0.022122952563284407 0.027074620294959276
3 0.17900446713465218 0.39269205370900284 0.01595405232929164 0.01981069777679947
1 0.21793235481812379 0.6662998018930222 0.019357583492873854 0.021131410961919436
10 0.13635396724101254 0.36264582874752366 0.01148691767708998 0.021791767554479417
21 0.7336736864496916 0.2860444640105657 0.01744309721335886 0.021791767554479417
1 0.2542012337800468 0.3349108518600044 0.015315890236119973 0.024873431653092668
11 0.0908317379281004 0.2772397094430993 0.019144862795149965 0.020911292097732775
23 0.2778132312273984 0.7015188201628879 0.016592214422463305 0.020250935505172794
22 0.16496490108487555 0.2234206471494607 0.007870665815783875 0.02509355051727933
3 0.2326100829610721 0.30827646929341845 0.01595405232929164 0.020030816640986132
11 0.4590512656881514 0.2534668721109399 0.026802807913209954 0.023992956196346026
10 0.7714316102956817 0.35174994497028395 0.012550521165709422 0.01981069777679947
19 0.732929164007658 0.25511776359233984 0.022761114656456072 0.021571648690292756
20 0.27547330355243566 0.4258199427690953 0.026377366517762176 0.023992956196346026
1 0.6267815358434375 0.45685670261941447 0.024462880238247182 0.021791767554479417
5 0.25696660285045736 0.5160686770856262 0.01574133163156775 0.021791767554479417
8 0.46947457987662194 0.22209993396434075 0.020421186981493297 0.01981069777679947
21 0.5286109338438629 0.2836231565045124 0.018293980004254414 0.020030816640986132
22 0.20548819400127633 0.36330618534008363 0.01148691767708998 0.023992956196346026
8 0.5500957243139757 0.36968963240149677 0.02297383535417996 0.02047105436935945
22 0.17825994469261858 0.3040942108738719 0.010210593490746649 0.02223200528285274
1 0.12486704956392257 0.5396213955535989 0.01446500744522442 0.01915034118423949
1 0.9003403531163582 0.41855602025093547 0.021910231865560518 0.02223200528285274
16 0.7481386938949159 0.3509795289456306 0.019570304190597743 0.021351529826106098
20 0.2465432886619868 0.25159586176535326 0.02297383535417996 0.020250935505172794
13 0.14688364177834504 0.5092449922958397 0.021059349074664963 0.01915034118423949
19 0.2390980642416507 0.7314549856922737 0.017017655817911082 0.021571648690292756
1 0.17740906190172304 0.6348228043143297 0.01574133163156775 0.02289236187541272
17 0.10870027653690703 0.4204270305965221 0.014890448840672197 0.024213075060532687
21 0.4739417145288236 0.2836231565045124 0.01574133163156775 0.021791767554479417
20 0.8238672622846203 0.4149240589918556 0.019144862795149965 0.021131410961919436
20 0.8038715166985747 0.44453004622496145 0.021272069772388852 0.023992956196346026
21 0.271006168900234 0.3950033017829628 0.013188683258881088 0.023552718467972703
23 0.2297383535417996 0.2526964560862866 0.01744309721335886 0.020691173233546113
22 0.28770474367155924 0.7310147479639004 0.021910231865560518 0.03213735417125248
23 0.894809614975537 0.29495927801012545 0.014252286747500531 0.021571648690292756
19 0.22154860667942988 0.5461149020471054 0.016379493724739416 0.021131410961919436
10 0.26930440331844285 0.7326656394453004 0.010210593490746649 0.023112480739599383
23 0.4227823867262284 0.3110279550957517 0.016804935120187194 0.029495927801012546
22 0.587747287811104 0.22110939907550076 0.010210593490746649 0.020030816640986132
1 0.13635396724101254 0.3036539731454986 0.01744309721335886 0.024873431653092668
1 0.8491810253137629 0.32137354171252475 0.015315890236119973 0.025533788245652653
22 0.16453945968942776 0.636253576931543 0.007445224420336099 0.023112480739599383
3 0.8463092958944904 0.633281972265023 0.018081259306530525 0.020250935505172794
5 0.19549032120825355 0.19601584855822143 0.016592214422463305 0.01915034118423949
5 0.23516273133375876 0.8173013427250715 0.014677728142948309 0.021571648690292756
5 0.10636034886194426 0.27690953114681927 0.01276324186343331 0.01981069777679947
13 0.511380557328228 0.25368699097512654 0.02169751116783663 0.02443319392471935
19 0.6169963837481387 0.37167070217917675 0.01978302488832163 0.021791767554479417
16 0.19017230376515634 0.8432753686990975 0.020846628376941075 0.03081664098613251
19 0.18113167411189107 0.4548756328417345 0.018506700701978303 0.023112480739599383
19 0.07700489257604765 0.21934844816200746 0.021272069772388852 0.02443319392471935
17 0.41608168474792595 0.2831829187761391 0.01574133163156775 0.021791767554479417
21 0.8786428419485215 0.32533568126788465 0.019357583492873854 0.01981069777679947
17 0.49925547755796634 0.28340303764032576 0.017868538608806637 0.023112480739599383
13 0.16273133375877472 0.33072859344045785 0.01999574558604552 0.02047105436935945
9 0.20070197830248881 0.5128769535549196 0.018506700701978303 0.031697116442879154
1 0.1429483088704531 0.3919216376843495 0.017868538608806637 0.023112480739599383
10 0.7776005105296745 0.6322914373761831 0.0129759625611572 0.01915034118423949
10 0.09529887258030206 0.41987673343605547 0.015315890236119973 0.023992956196346026
5 0.7560093597106998 0.5016508914814 0.018293980004254414 0.024213075060532687
21 0.8306743246117847 0.4479418886198547 0.016166773027015528 0.01981069777679947
11 0.12550521165709422 0.25038520801232667 0.022122952563284407 0.020911292097732775
1 0.5720059561795362 0.42306845696676204 0.015315890236119973 0.024213075060532687
14 0.33822590938098274 0.19183359013867488 0.011912359072537758 0.024873431653092668
3 0.8176983620506275 0.5630640545894783 0.019570304190597743 0.01981069777679947
14 0.5309508615188258 0.31333920316971164 0.014039566049776643 0.02531366938146599
10 0.7840884918102531 0.5942108738718908 0.01871942139970219 0.02443319392471935
21 0.2648372686662412 0.7006383447061413 0.01446500744522442 0.018930222320052828
3 0.2035737077217613 0.6031256878714506 0.016592214422463305 0.020250935505172794
10 0.2534567113380132 0.5473255558001321 0.010848755583918315 0.01959057891261281
1 0.22080408423739628 0.3350209112920977 0.01871942139970219 0.020691173233546113
21 0.921612422888747 0.20867268324895444 0.015103169538396084 0.0224521241470394
13 0.6302914273558817 0.22220999339643407 0.017868538608806637 0.021351529826106098
1 0.23292916400765792 0.363086066475897 0.019570304190597743 0.02267224301122606
3 0.21038077004892575 0.19491525423728812 0.01574133163156775 0.017829627999119524
20 0.17485641352903636 0.511996478098173 0.020421186981493297 0.020250935505172794
21 0.13997021910231866 0.4218578032137354 0.015315890236119973 0.02575390710983931
21 0.16422037864284195 0.30431432973805855 0.017017655817911082 0.021791767554479417
21 0.8483301425228674 0.35373101474796387 0.016592214422463305 0.02201188641866608
21 0.8186556051903849 0.35141976667400393 0.015103169538396084 0.021791767554479417
1 0.11040204211869814 0.3031036759850319 0.014039566049776643 0.02201188641866608
1 0.6379493724739417 0.42714065595421524 0.016592214422463305 0.029275808936825885
5 0.22697298447138906 0.45531587057010786 0.021272069772388852 0.021351529826106098
14 0.19102318655605188 0.4242791107197887 0.01574133163156775 0.02795509575170592
5 0.8330142522867474 0.6626678406339422 0.01446500744522442 0.02223200528285274
5 0.10806211444373537 0.19073299581774156 0.017868538608806637 0.01915034118423949
20 0.36992129334184215 0.25115562403697994 0.01871942139970219 0.026414263702399295
22 0.7981280578600297 0.3814659916354831 0.009359710699851096 0.019370460048426148
21 0.21303977877047436 0.7318952234206471 0.01723037651563497 0.018930222320052828
5 0.5432886619868112 0.3151001540832049 0.014039566049776643 0.026194144838212634
1 0.2799404382046373 0.33590138674884434 0.013188683258881088 0.021131410961919436
20 0.5856200808338651 0.4221879815100154 0.016166773027015528 0.02201188641866608
10 0.21633694958519462 0.5172793308386529 0.009359710699851096 0.029495927801012546
1 0.25483939587321847 0.7311248073959938 0.016166773027015528 0.021791767554479417
22 0.8857689853222718 0.26161127008584634 0.008508827908955541 0.01915034118423949
3 0.14954265049989363 0.3036539731454986 0.01574133163156775 0.021351529826106098
21 0.5135077643054669 0.3714505833149901 0.016166773027015528 0.021351529826106098
5 0.7261221016804935 0.4393572529165749 0.01893214209742608 0.01981069777679947
14 0.7486704956392256 0.28703499889940565 0.014252286747500531 0.02201188641866608
21 0.4086364603275898 0.2219898745322474 0.016166773027015528 0.021791767554479417
5 0.15198893852371834 0.635263042042703 0.015528610933843862 0.021131410961919436
19 0.23569453307806848 0.3914813999559762 0.01744309721335886 0.02047105436935945
23 0.3668368432248458 0.1944750165089148 0.016379493724739416 0.020911292097732775
21 0.7822803658796 0.534998899405679 0.016804935120187194 0.01915034118423949
7 0.7183577962135715 0.6278890600924499 0.022548393958732184 0.0275148580233326
23 0.12380344607530312 0.4218578032137354 0.01871942139970219 0.02575390710983931
12 0.10614762816422037 0.5376403257759189 0.01871942139970219 0.030156284393572527
20 0.8274835141459264 0.28791547435615233 0.02169751116783663 0.02289236187541272
16 0.1706019995745586 0.6023552718467973 0.01871942139970219 0.021351529826106098
9 0.49712827058072745 0.34316530926700417 0.02297383535417996 0.029055690072639223
6 0.20155286109338438 0.575941008144398 0.021910231865560518 0.023112480739599383
23 0.1312486704956392 0.22110939907550076 0.018293980004254414 0.02443319392471935
7 0.7970644543714103 0.474686330618534 0.02297383535417996 0.021351529826106098
21 0.22452669644756434 0.7607307946290996 0.015528610933843862 0.018489984591679505
13 0.5657306955966815 0.34019370460048426 0.021059349074664963 0.026634382566585953
6 0.49415018081259304 0.2537970504072199 0.019570304190597743 0.025974025974025972
11 0.8096149755371197 0.6319612590799031 0.023824718145075516 0.019370460048426148
21 0.8503509891512444 0.23244552058111378 0.01723037651563497 0.020691173233546113
7 0.7259093809827696 0.5319172353070658 0.02914273558817273 0.018710103455866166
11 0.814720272282493 0.5058331499009465 0.021272069772388852 0.02289236187541272
13 0.8318442884492661 0.3200528285274048 0.022335673261008295 0.0224521241470394
21 0.25845564773452456 0.2810917895663658 0.01446500744522442 0.017609509134932862
14 0.19378855562646244 0.33447061413163104 0.013188683258881088 0.023112480739599383
11 0.21835779621357157 0.8173013427250715 0.01978302488832163 0.020691173233546113
22 0.2811104020421187 0.6380145278450363 0.007870665815783875 0.02443319392471935
3 0.5481812380344607 0.3963240149680827 0.022548393958732184 0.026194144838212634
10 0.09210806211444374 0.22022892361875412 0.01148691767708998 0.02443319392471935
22 0.17762178259944691 0.8130090248734316 0.008508827908955541 0.01959057891261281
21 0.8335460540310572 0.5061633281972264 0.018081259306530525 0.020030816640986132
22 0.14316102956817697 0.6011446180937706 0.0076579451180599865 0.01981069777679947
11 0.8802382471814507 0.4194364957076821 0.01446500744522442 0.03147699757869249
3 0.10614762816422037 0.36220559101915034 0.019144862795149965 0.02267224301122606
16 0.6090193575834928 0.25412722870349985 0.02169751116783663 0.02223200528285274
1 0.14879812805786002 0.6656394453004623 0.015528610933843862 0.018930222320052828
21 0.8563071686875132 0.5957517059211974 0.020633907679217186 0.030156284393572527
1 0.18059987236758135 0.3327096632181378 0.014890448840672197 0.021791767554479417
16 0.221335885981706 0.5773717807616112 0.018506700701978303 0.018930222320052828
11 0.8932142097426079 0.20581113801452783 0.020421186981493297 0.023332599603786044
23 0.18730057434588385 0.8142196786264583 0.012550521165709422 0.015848558221439577
21 0.15549883003616252 0.2762491745542593 0.013188683258881088 0.018489984591679505
21 0.8603488619442671 0.2598503191723531 0.017655817911082748 0.021351529826106098
5 0.8369495851946394 0.6934844816200748 0.02573920442459051 0.02443319392471935
22 0.18847053818336523 0.512987012987013 0.00723250372261221 0.01915034118423949
1 0.29355456285896614 0.6678406339423288 0.013614124654328865 0.0224521241470394
5 0.8760901935758348 0.6339423288575831 0.01978302488832163 0.020691173233546113
16 0.4620293554562859 0.311138014527845 0.01574133163156775 0.02267224301122606
17 0.9219315039353329 0.2966101694915254 0.019570304190597743 0.021351529826106098
17 0.48340778557753666 0.1894122826326216 0.01723037651563497 0.02223200528285274
3 0.2503722612210168 0.6685009905348888 0.016166773027015528 0.01981069777679947
11 0.7688789619229951 0.4432093330398415 0.022761114656456072 0.02047105436935945
11 0.742182514358647 0.4078802553378824 0.023824718145075516 0.021131410961919436
11 0.9118272707934482 0.23673783843275367 0.024037438842799404 0.01915034118423949
8 0.18964050202084662 0.25104556460488664 0.021910231865560518 0.021351529826106098
10 0.11423101467772814 0.6032357473035439 0.012337800467985533 0.018710103455866166
8 0.44150180812593065 0.310147479639005 0.020633907679217186 0.026414263702399295
13 0.8009997872793022 0.35130970724191063 0.021910231865560518 0.023332599603786044
13 0.150712614337375 0.8427250715386309 0.019357583492873854 0.02575390710983931
9 0.5141459263986385 0.2836231565045124 0.014890448840672197 0.0336781862205591
1 0.09551159327802594 0.24818401937046003 0.01574133163156775 0.020911292097732775
22 0.19676664539459687 0.27756988773937924 0.0076579451180599865 0.021131410961919436
11 0.8995958306743246 0.47930882676645387 0.024250159540523293 0.021791767554479417
22 0.7961072112316528 0.413383226942549 0.008296107211231652 0.02201188641866608
20 0.2737715379706445 0.3089368258859784 0.019570304190597743 0.021351529826106098
10 0.8323760901935758 0.3534008364516839 0.01446500744522442 0.023552718467972703
1 0.5423314188470538 0.1901826986572749 0.019357583492873854 0.027734976887519257
13 0.9022548393958731 0.45608628659476114 0.022335673261008295 0.021571648690292756
22 0.5296745373324824 0.22176975566806073 0.013614124654328865 0.02223200528285274
10 0.4060838119549032 0.31532027294739157 0.016166773027015528 0.028395333480079242
14 0.15868964050202083 0.24994497028395332 0.017868538608806637 0.02267224301122606
14 0.13305679642629228 0.6661897424609289 0.016804935120187194 0.01959057891261281
13 0.7762178259944692 0.5026414263702399 0.02339927674962774 0.021351529826106098
7 0.23144011912359072 0.5167290336781862 0.02339927674962774 0.01915034118423949
1 0.1944267177196341 0.5438036539731455 0.014039566049776643 0.018710103455866166
10 0.3871516698574771 0.25192604006163327 0.01574133163156775 0.024873431653092668
1 0.5700914699000212 0.3964340744001761 0.023824718145075516 0.0224521241470394
7 0.223250372261221 0.6037860444640105 0.026590087215486065 0.01981069777679947
20 0.8958732184641565 0.3252256218357913 0.018081259306530525 0.020911292097732775
6 0.6013614124654328 0.22243011226062073 0.01446500744522442 0.023552718467972703
17 0.2716443309934056 0.28186220559101915 0.013614124654328865 0.021791767554479417
5 0.8316315677515421 0.5646048866387849 0.016379493724739416 0.02201188641866608
19 0.3852371835779621 0.3116883116883117 0.018293980004254414 0.02817521461589258
23 0.2504786215698787 0.700528285274048 0.014677728142948309 0.01959057891261281
5 0.39853222718570513 0.1911732335461149 0.016379493724739416 0.02267224301122606
4 0.22080408423739628 0.42493946731234866 0.018293980004254414 0.029275808936825885
1 0.23484365028717294 0.42493946731234866 0.020846628376941075 0.028395333480079242
5 0.2503722612210168 0.8191723530706582 0.01574133163156775 0.021351529826106098
0 0.43267389917038923 0.28406339423288574 0.014890448840672197 0.020030816640986132
1 0.7922782386726228 0.2593000220118864 0.021059349074664963 0.023772837332159364
7 0.8534354392682407 0.20261941448382126 0.021272069772388852 0.0173893902707462
5 0.2373962986598596 0.5451243671582654 0.01871942139970219 0.020911292097732775
14 0.20463731121038076 0.3345806735637244 0.013614124654328865 0.01981069777679947
7 0.7751542225058498 0.6606867708562624 0.022122952563284407 0.017829627999119524
17 0.8497128270580727 0.663218137794409 0.02020846628376941 0.02289236187541272
3 0.7985534992554775 0.5358793748624257 0.01999574558604552 0.0173893902707462
5 0.19144862795149967 0.3628659476117103 0.018293980004254414 0.023992956196346026
9 0.8163156775154222 0.6614571868809157 0.018081259306530525 0.035219018269865725
17 0.847266539034248 0.4508034338542813 0.018293980004254414 0.023772837332159364
1 0.35237183577962133 0.1937046004842615 0.013401403956604977 0.021571648690292756
17 0.2249521378430121 0.1937046004842615 0.016379493724739416 0.018489984591679505
21 0.45139332057009146 0.22254017169271406 0.01574133163156775 0.01981069777679947
13 0.7988725803020633 0.6617873651771956 0.021059349074664963 0.017829627999119524
3 0.4258668368432248 0.22298040942108738 0.018293980004254414 0.021571648690292756
11 0.8429057647309083 0.25952014087607306 0.01978302488832163 0.020691173233546113
21 0.7896192299510741 0.28736517719568566 0.016592214422463305 0.01959057891261281
22 0.2667517549457562 0.33513097072419107 0.009785152095298871 0.021791767554479417
11 0.833865135077643 0.5384107418005722 0.026377366517762176 0.0224521241470394
13 0.16209317166560305 0.39170151882016285 0.022122952563284407 0.021791767554479417
13 0.15868964050202083 0.42174774378164204 0.022122952563284407 0.027734976887519257
5 0.753775792384599 0.3794849218578032 0.019357583492873854 0.019370460048426148
5 0.18017443097213356 0.8776139115122166 0.026802807913209954 0.0224521241470394
8 0.9161880450967879 0.35758309487123047 0.01744309721335886 0.02443319392471935
21 0.14954265049989363 0.361435174994497 0.016592214422463305 0.020250935505172794
17 0.269091682620719 0.6364736957957297 0.016592214422463305 0.023992956196346026
11 0.7637736651776217 0.411402157164869 0.02318655605190385 0.020691173233546113
10 0.09253350350989151 0.33337001981069775 0.021272069772388852 0.020030816640986132
9 0.8961922995107423 0.262161567246313 0.017017655817911082 0.034338542813119086
1 0.763241863433312 0.6324014968082764 0.016166773027015528 0.01672903367818622
1 0.2181450755158477 0.7891261281091789 0.016379493724739416 0.021131410961919436
16 0.1925122314401191 0.48547215496368035 0.02169751116783663 0.023552718467972703
3 0.8671559242714315 0.4517939687431213 0.020633907679217186 0.02443319392471935
23 0.2074026802807913 0.5438036539731455 0.016166773027015528 0.018710103455866166
10 0.8597106998510955 0.6337222099933963 0.013401403956604977 0.02201188641866608
22 0.875877472878111 0.5993836671802774 0.019357583492873854 0.02817521461589258
17 0.23803446075303125 0.7619414483821263 0.013614124654328865 0.020030816640986132
16 0.25707296319931927 0.5774818401937045 0.019357583492873854 0.018710103455866166
8 0.4207615400978515 0.25016508914814 0.029355456285896617 0.026634382566585953
22 0.7417570729631993 0.5007704160246533 0.011061476281642203 0.023332599603786044
7 0.21250797702616464 0.2508254457407 0.023824718145075516 0.02443319392471935
23 0.1881514571367794 0.6027955095751706 0.01893214209742608 0.021351529826106098
19 0.8359923420548819 0.23244552058111378 0.016166773027015528 0.018930222320052828
10 0.22122952563284407 0.6997578692493946 0.013614124654328865 0.023332599603786044
17 0.8723675813656668 0.47787805414924056 0.012337800467985533 0.021131410961919436
4 0.875877472878111 0.26051067576491305 0.0129759625611572 0.02047105436935945
23 0.7483514145926399 0.5321373541712524 0.01871942139970219 0.01915034118423949
3 0.7320782812167623 0.34976887519260397 0.019357583492873854 0.020250935505172794
1 0.7487768559880876 0.47127448822364076 0.018293980004254414 0.02289236187541272
5 0.2039991491172091 0.422738278670482 0.016166773027015528 0.023992956196346026
20 0.8755583918315252 0.23376623376623376 0.021272069772388852 0.024213075060532687
21 0.43075941289087427 0.19359454105216817 0.01744309721335886 0.01915034118423949
11 0.8768347160178684 0.38619854721549635 0.02169751116783663 0.01959057891261281
16 0.2444160816847479 0.22364076601364735 0.017868538608806637 0.02201188641866608
7 0.608593916188045 0.423398635263042 0.020421186981493297 0.02267224301122606
3 0.2760051052967454 0.5772617213295179 0.018081259306530525 0.018710103455866166
10 0.9097000638162093 0.20834250495267442 0.0129759625611572 0.02223200528285274
20 0.12401616677302701 0.5745102355271846 0.024250159540523293 0.024213075060532687
8 0.2770687087853648 0.6683909311027955 0.021910231865560518 0.020911292097732775
10 0.12188895979578812 0.30387409200968524 0.01148691767708998 0.023552718467972703
5 0.9117209104445863 0.2652432313449262 0.014039566049776643 0.021571648690292756
23 0.8067432461178472 0.41371340523882894 0.014252286747500531 0.02223200528285274
14 0.4705381833652414 0.37034998899405674 0.017868538608806637 0.02443319392471935
5 0.8152520740268028 0.536979969183359 0.016804935120187194 0.020911292097732775
11 0.7336736864496916 0.3804754567466432 0.022548393958732184 0.018710103455866166
19 0.31131674111891083 0.6704820603125687 0.021910231865560518 0.02201188641866608
13 0.5854073601361413 0.3710103455866168 0.01871942139970219 0.02223200528285274
10 0.542012337800468 0.2860444640105657 0.009359710699851096 0.024873431653092668
13 0.5286109338438629 0.18743121285494166 0.01871942139970219 0.02531366938146599
21 0.14699000212720698 0.8786044464010565 0.019570304190597743 0.027074620294959276
22 0.5898744947883429 0.18930222320052828 0.008083386513507764 0.018930222320052828
8 0.20421186981493297 0.3934624697336562 0.024250159540523293 0.023552718467972703
20 0.2095298872580302 0.2770195905789126 0.022122952563284407 0.021351529826106098
5 0.5681769836205063 0.3694695135373101 0.01744309721335886 0.021791767554479417
10 0.13763029142735586 0.5402817521461589 0.011061476281642203 0.01959057891261281
20 0.16336949585194638 0.6665199207572089 0.019570304190597743 0.020691173233546113
23 0.2561157200595618 0.3084965881576051 0.018293980004254414 0.02223200528285274
8 0.7965326526271006 0.3190622936385648 0.021059349074664963 0.021791767554479417
15 0.18347160178685384 0.7604006163328196 0.019357583492873854 0.02047105436935945
16 0.4482025101042331 0.28252256218357913 0.019570304190597743 0.02047105436935945
23 0.09487343118485428 0.30431432973805855 0.017017655817911082 0.02267224301122606
1 0.5564773452456924 0.423728813559322 0.01744309721335886 0.01981069777679947
20 0.14018293980004254 0.27756988773937924 0.019144862795149965 0.019370460048426148
21 0.24845777494150179 0.3923618754127228 0.01574133163156775 0.021351529826106098
5 0.7827058072750478 0.41118203830068234 0.018506700701978303 0.02201188641866608
3 0.7840884918102531 0.5618534008364516 0.016592214422463305 0.02267224301122606
23 0.7801531589023611 0.31983270966321814 0.015103169538396084 0.020250935505172794
5 0.19634120399914912 0.4561963460268545 0.020421186981493297 0.02223200528285274
1 0.35651988938523715 0.2523662777900066 0.011912359072537758 0.030156284393572527
22 0.48287598383322694 0.3415144177856042 0.009785152095298871 0.023112480739599383
11 0.8626887896192299 0.4197666740039621 0.019357583492873854 0.026854501430772615
11 0.851095511593278 0.7216596962359674 0.023824718145075516 0.03191723530706581
1 0.5791320995532865 0.18875192604006163 0.0129759625611572 0.02047105436935945
5 0.2929164007657945 0.6394453004622496 0.016592214422463305 0.023772837332159364
5 0.906296532652627 0.2962799911952454 0.013401403956604977 0.019370460048426148
22 0.25994469261859177 0.3940127668941228 0.00723250372261221 0.023772837332159364
13 0.8525845564773452 0.3838872991415364 0.020846628376941075 0.021131410961919436
23 0.18783237609019357 0.3049746863306185 0.016592214422463305 0.023992956196346026
6 0.7468623697085726 0.4407880255337882 0.01999574558604552 0.02267224301122606
22 0.8614124654328865 0.4772176975566806 0.009572431397574983 0.019370460048426148
5 0.1503935332907892 0.9045784723750825 0.021272069772388852 0.02883557120845256
16 0.07817485641352903 0.1915034118423949 0.018506700701978303 0.023772837332159364
17 0.21080621144437353 0.22243011226062073 0.019570304190597743 0.023552718467972703
22 0.7267602637736651 0.40710983931322914 0.011274196979366092 0.020911292097732775
16 0.2669644756434801 0.2517059211974466 0.021272069772388852 0.020911292097732775
22 0.7663263135503084 0.25610829848117983 0.009146990002127207 0.02047105436935945
1 0.8956604977664326 0.35582214395773715 0.018506700701978303 0.02223200528285274
20 0.09455435013826845 0.19007263922518158 0.01723037651563497 0.020911292097732775
14 0.7641991065730696 0.4718247853841074 0.01595405232929164 0.02443319392471935
10 0.22654754307594127 0.28230244331939247 0.010210593490746649 0.023552718467972703
21 0.20080833865135075 0.3091569447501651 0.016166773027015528 0.020911292097732775
7 0.269091682620719 0.5471054369359454 0.02169751116783663 0.018269865727492843
8 0.5583918315252073 0.2836231565045124 0.024250159540523293 0.020911292097732775
21 0.24207615400978513 0.487012987012987 0.01999574558604552 0.023992956196346026
8 0.14784088491810252 0.2191283292978208 0.024675600935971067 0.0275148580233326
20 0.25983833226972985 0.6027955095751706 0.026164645820038288 0.02047105436935945
3 0.1732610082961072 0.6944750165089147 0.016804935120187194 0.020250935505172794
19 0.3823654541586896 0.1933744221879815 0.02020846628376941 0.02047105436935945
13 0.7677089980855136 0.5602025093550517 0.02297383535417996 0.02509355051727933
7 0.24186343331206125 0.2803213735417125 0.020421186981493297 0.02047105436935945
5 0.7523931078493937 0.25621835791327313 0.017868538608806637 0.01981069777679947
3 0.870134014039566 0.509355051727933 0.018081259306530525 0.020691173233546113
13 0.26207189959583066 0.7924279110719789 0.019570304190597743 0.02201188641866608
16 0.8485428632205914 0.4773277569887739 0.016592214422463305 0.023112480739599383
22 0.8451393320570091 0.41624477217697553 0.01446500744522442 0.027734976887519257
20 0.2665390342480323 0.36594761171032353 0.020421186981493297 0.02575390710983931
20 0.15347798340778557 0.6010345586616773 0.017655817911082748 0.023112480739599383
6 0.8540736013614124 0.5069337442218798 0.019570304190597743 0.023332599603786044
5 0.18964050202084662 0.6970063834470613 0.017655817911082748 0.01959057891261281
20 0.7638800255264837 0.5334580673563725 0.01999574558604552 0.020911292097732775
5 0.8136566687938735 0.3193924719348448 0.015315890236119973 0.021571648690292756
21 0.4024675600935971 0.2831829187761391 0.013188683258881088 0.01915034118423949
1 0.14337375026590085 0.2490644948272067 0.020421186981493297 0.023552718467972703
23 0.21740055307381406 0.3635263042042703 0.01574133163156775 0.023552718467972703
1 0.2210168049351202 0.39170151882016285 0.013614124654328865 0.023552718467972703
22 0.23080195703041906 0.7897864847017388 0.009785152095298871 0.0224521241470394
9 0.6015741331631568 0.19095311468192824 0.016592214422463305 0.03059652212194585
3 0.7250584981918741 0.6559542152762491 0.023611997447351627 0.021571648690292756
10 0.20921080621144436 0.6370239929561963 0.013826845352052754 0.02289236187541272
14 0.5400978515209529 0.4232885758309487 0.01871942139970219 0.021571648690292756
1 0.7947245266964476 0.5029716046665199 0.018293980004254414 0.024653312788906007
23 0.9226760263773665 0.4174554259300022 0.016804935120187194 0.026194144838212634
6 0.2383535417996171 0.3339203169711644 0.016379493724739416 0.02201188641866608
14 0.21059349074664963 0.4548756328417345 0.014039566049776643 0.023992956196346026
19 0.24260795575409486 0.19403477878054148 0.02318655605190385 0.01915034118423949
23 0.25505211657094234 0.637244111820383 0.016166773027015528 0.020250935505172794
13 0.36226334822378214 0.2219898745322474 0.019570304190597743 0.021791767554479417
1 0.6160391406083812 0.22375082544574068 0.014890448840672197 0.02267224301122606
14 0.5974260795575409 0.45531587057010786 0.026164645820038288 0.03279771076381246
1 0.8937460114869177 0.2338762931983271 0.016379493724739416 0.023552718467972703
23 0.18538608806636886 0.2772397094430993 0.017655817911082748 0.020911292097732775
11 0.17028291852797275 0.3619854721549637 0.026590087215486065 0.02223200528285274
1 0.48776855988087636 0.310147479639005 0.009359710699851096 0.023772837332159364
17 0.5180812593065305 0.18489984591679506 0.024037438842799404 0.029495927801012546
22 0.11827270793448202 0.22132951793968741 0.009359710699851096 0.023112480739599383
21 0.7473941714528823 0.31785163988553816 0.018081259306530525 0.018930222320052828
23 0.5022335673261008 0.224191063174114 0.013614124654328865 0.021351529826106098
23 0.4767070835992342 0.31124807395993837 0.015315890236119973 0.021131410961919436
23 0.8322697298447138 0.723200528285274 0.015103169538396084 0.02883557120845256
20 0.41342267602637733 0.1905128769535549 0.021059349074664963 0.02223200528285274
17 0.8562008083386513 0.5403918115782522 0.019144862795149965 0.02289236187541272
7 0.13997021910231866 0.33325996037860445 0.02893001489044884 0.018930222320052828
10 0.13731121038077004 0.6354831609068897 0.015528610933843862 0.021131410961919436
22 0.1610295681769836 0.5112260620735197 0.0076579451180599865 0.01694915254237288
5 0.871835779621357 0.29352850539291214 0.014252286747500531 0.02223200528285274
23 0.2825994469261859 0.1922738278670482 0.015528610933843862 0.021791767554479417
17 0.7915337162305892 0.6306405458947831 0.016166773027015528 0.020691173233546113