1 0.33975 0.29878048780487804 0.0335 0.042682926829268296
17 0.70125 0.4706554878048781 0.029500000000000002 0.04801829268292683
5 0.45525 0.3597560975609756 0.0225 0.044207317073170736
7 0.2975 0.24504573170731708 0.037 0.041920731707317076
1 0.28775 0.8357469512195123 0.021500000000000002 0.043445121951219516
5 0.546 0.8273628048780488 0.026000000000000002 0.043445121951219516
1 0.34775 0.5377286585365854 0.0245 0.041920731707317076
13 0.46025 0.4733231707317073 0.029500000000000002 0.041158536585365856
21 0.4195 0.7709603658536586 0.029 0.04649390243902439
14 0.18725 0.18902439024390244 0.0265 0.038109756097560975
22 0.48225 0.8891006097560976 0.0105 0.043445121951219516
1 0.76925 0.6966463414634146 0.029500000000000002 0.042682926829268296
7 0.31475000000000003 0.834984756097561 0.029500000000000002 0.041920731707317076
3 0.28350000000000003 0.18292682926829268 0.026000000000000002 0.04573170731707317
6 0.38625 0.4169207317073171 0.0275 0.042682926829268296
5 0.5145 0.4710365853658537 0.021 0.038109756097560975
22 0.4655 0.5899390243902439 0.009000000000000001 0.041158536585365856
13 0.329 0.24466463414634146 0.033 0.04573170731707317
13 0.7505000000000001 0.8170731707317074 0.029 0.04725609756097561
11 0.3255 0.7115091463414634 0.032 0.04496951219512195
21 0.46 0.8258384146341464 0.024 0.043445121951219516
3 0.677 0.234375 0.025 0.043445121951219516
3 0.6685 0.4112042682926829 0.024 0.040396341463414635
5 0.20475000000000002 0.31097560975609756 0.0235 0.042682926829268296
6 0.768 0.23704268292682928 0.038 0.05030487804878049
1 0.305 0.6539634146341463 0.021 0.041158536585365856
8 0.22075 0.12652439024390244 0.0425 0.04725609756097561
16 0.489 0.47256097560975613 0.032 0.044207317073170736
10 0.5720000000000001 0.29763719512195125 0.018000000000000002 0.04496951219512195
8 0.615 0.4138719512195122 0.037 0.04573170731707317
5 0.56025 0.5903201219512195 0.021500000000000002 0.041920731707317076
7 0.3265 0.36089939024390244 0.039 0.038871951219512195
1 0.61425 0.8273628048780488 0.0235 0.05259146341463415
16 0.7215 0.17721036585365854 0.029 0.05106707317073171
10 0.49125 0.4169207317073171 0.021500000000000002 0.044207317073170736
17 0.7475 0.24085365853658539 0.025 0.057926829268292686
22 0.50475 0.11547256097560976 0.0105 0.040396341463414635
3 0.55075 0.2938262195121951 0.0235 0.04801829268292683
3 0.39675 0.5903201219512195 0.0205 0.041920731707317076
21 0.685 0.5297256097560976 0.025 0.044207317073170736
1 0.3675 0.24047256097560976 0.022 0.05106707317073171
5 0.41325 0.5929878048780488 0.021500000000000002 0.042682926829268296
6 0.3385 0.5945121951219512 0.021 0.044207317073170736
1 0.37375 0.708079268292683 0.0245 0.041158536585365856
11 0.37575000000000003 0.833079268292683 0.0285 0.044207317073170736
8 0.58675 0.23513719512195122 0.0365 0.043445121951219516
8 0.62925 0.35251524390243905 0.0325 0.04649390243902439
23 0.38525 0.6482469512195123 0.021500000000000002 0.040396341463414635
16 0.36275 0.4165396341463415 0.0235 0.04496951219512195
5 0.557 0.23666158536585366 0.028 0.043445121951219516
1 0.503 0.5339176829268293 0.024 0.04649390243902439
3 0.645 0.1753048780487805 0.021 0.056402439024390245
17 0.506 0.35708841463414637 0.028 0.040396341463414635
17 0.72175 0.701219512195122 0.021500000000000002 0.04878048780487805
1 0.372 0.28125 0.017 0.027439024390243903
8 0.42975 0.1794969512195122 0.0365 0.04649390243902439
1 0.561 0.6463414634146342 0.027 0.044207317073170736
7 0.4475 0.29878048780487804 0.042 0.044207317073170736
11 0.2685 0.24809451219512196 0.029 0.041920731707317076
13 0.685 0.8235518292682927 0.026000000000000002 0.04496951219512195
3 0.23475000000000001 0.18788109756097562 0.0275 0.041920731707317076
1 0.55025 0.41234756097560976 0.0245 0.04573170731707317
5 0.23900000000000002 0.8338414634146342 0.027 0.04725609756097561
1 0.48725 0.11356707317073171 0.0225 0.042682926829268296
10 0.358 0.5952743902439025 0.017 0.04573170731707317
9 0.4645 0.1794969512195122 0.032 0.07545731707317073
13 0.71525 0.5262957317073171 0.0245 0.057164634146341466
11 0.41275 0.8296493902439025 0.0325 0.04649390243902439
21 0.4985 0.6471036585365854 0.026000000000000002 0.039634146341463415
1 0.35425 0.6528201219512195 0.025500000000000002 0.043445121951219516
21 0.3 0.5392530487804879 0.022 0.041920731707317076
21 0.272 0.4805640243902439 0.026000000000000002 0.040396341463414635
8 0.2715 0.5990853658536586 0.033 0.042682926829268296
3 0.71525 0.5880335365853658 0.0285 0.057164634146341466
5 0.3255 0.12423780487804878 0.026000000000000002 0.04725609756097561
3 0.6215 0.5285823170731707 0.02 0.040396341463414635
23 0.61525 0.17759146341463417 0.0155 0.04573170731707317
10 0.438 0.828125 0.02 0.040396341463414635
1 0.40125 0.18140243902439024 0.029500000000000002 0.04878048780487805
11 0.484 0.23742378048780488 0.036000000000000004 0.04496951219512195
23 0.584 0.591844512195122 0.028 0.040396341463414635
6 0.39675 0.11356707317073171 0.021500000000000002 0.042682926829268296
13 0.485 0.3014481707317073 0.032 0.04496951219512195
16 0.431 0.23742378048780488 0.029 0.04496951219512195
17 0.46775 0.7663871951219512 0.0275 0.041920731707317076
21 0.6005 0.35327743902439024 0.024 0.043445121951219516
5 0.3555 0.18178353658536586 0.026000000000000002 0.04496951219512195
14 0.58425 0.11204268292682927 0.029500000000000002 0.04878048780487805
8 0.39575 0.24085365853658539 0.0385 0.05030487804878049
16 0.38075000000000003 0.4763719512195122 0.0275 0.041158536585365856
13 0.296 0.47827743902439024 0.029 0.04496951219512195
5 0.539 0.17721036585365854 0.025 0.04801829268292683
1 0.43025 0.4173018292682927 0.025500000000000002 0.038871951219512195
22 0.3695 0.6516768292682927 0.012 0.044207317073170736
5 0.61975 0.4721798780487805 0.0245 0.038871951219512195
22 0.32075 0.41958841463414637 0.0115 0.043445121951219516
21 0.41775 0.11737804878048781 0.0225 0.044207317073170736
10 0.46325 0.7076981707317074 0.0185 0.04954268292682927
21 0.463 0.649390243902439 0.024 0.03658536585365854
3 0.7305 0.23513719512195122 0.026000000000000002 0.057164634146341466
13 0.47950000000000004 0.5323932926829269 0.029 0.04649390243902439
23 0.6705 0.7023628048780488 0.023 0.041920731707317076
20 0.525 0.7641006097560976 0.031 0.04649390243902439
20 0.47875 0.35670731707317077 0.0315 0.041158536585365856
13 0.31275000000000003 0.5964176829268293 0.0305 0.041920731707317076
22 0.519 0.5907012195121951 0.013000000000000001 0.04573170731707317
8 0.515 0.8269817073170732 0.034 0.04573170731707317
3 0.7030000000000001 0.29268292682926833 0.026000000000000002 0.04725609756097561
11 0.60275 0.7019817073170732 0.0325 0.04878048780487805
1 0.551 0.7633384146341464 0.027 0.041920731707317076
7 0.52 0.4142530487804878 0.036000000000000004 0.038871951219512195
1 0.37775000000000003 0.59375 0.0245 0.042682926829268296
3 0.34975 0.24237804878048783 0.0225 0.04573170731707317
5 0.7000000000000001 0.234375 0.024 0.04649390243902439
19 0.35875 0.2816310975609756 0.0175 0.023628048780487805
17 0.4 0.5354420731707318 0.028 0.04649390243902439
21 0.72475 0.8178353658536586 0.0245 0.04725609756097561
13 0.6715 0.2942073170731707 0.033 0.044207317073170736
22 0.63025 0.1798780487804878 0.0105 0.04725609756097561
5 0.48425 0.8250762195121951 0.0265 0.038871951219512195
14 0.70225 0.35327743902439024 0.0245 0.041920731707317076
13 0.32325 0.538109756097561 0.0265 0.044207317073170736
8 0.40850000000000003 0.475609756097561 0.032 0.041158536585365856
10 0.3785 0.8963414634146342 0.023 0.044207317073170736
5 0.43575 0.4737042682926829 0.021500000000000002 0.040396341463414635
22 0.59775 0.17835365853658539 0.0135 0.04725609756097561
21 0.53825 0.6490091463414634 0.0235 0.04801829268292683
7 0.76675 0.5807926829268293 0.0315 0.056402439024390245
21 0.5690000000000001 0.4733231707317073 0.024 0.038109756097560975
21 0.644 0.7023628048780488 0.02 0.038871951219512195
21 0.21075 0.19054878048780488 0.0275 0.041158536585365856
7 0.5985 0.29458841463414637 0.036000000000000004 0.041920731707317076
1 0.33525 0.7728658536585367 0.0305 0.041158536585365856
3 0.55675 0.7008384146341463 0.0275 0.04649390243902439
1 0.41325 0.36013719512195125 0.0275 0.04954268292682927
11 0.43425 0.6490091463414634 0.0325 0.040396341463414635
14 0.26625 0.8353658536585367 0.025500000000000002 0.04878048780487805
5 0.64075 0.5297256097560976 0.0245 0.042682926829268296
3 0.3025 0.12233231707317073 0.027 0.040396341463414635
5 0.302 0.711890243902439 0.023 0.041158536585365856
3 0.745 0.5285823170731707 0.03 0.04954268292682927
0 0.68875 0.1798780487804878 0.0335 0.057926829268292686
8 0.42825 0.5354420731707318 0.0325 0.04801829268292683
10 0.561 0.1798780487804878 0.02 0.053353658536585365
22 0.53 0.4717987804878049 0.012 0.042682926829268296
3 0.5962500000000001 0.8246951219512195 0.0285 0.053353658536585365
13 0.7925 0.5796493902439025 0.023 0.054115853658536585
17 0.5942500000000001 0.46989329268292684 0.0285 0.041920731707317076
13 0.38875 0.770579268292683 0.0305 0.04573170731707317
21 0.48225 0.7054115853658537 0.025500000000000002 0.04496951219512195
0 0.18725 0.25381097560975613 0.025500000000000002 0.04573170731707317
1 0.57825 0.7019817073170732 0.0245 0.04573170731707317
5 0.66025 0.35670731707317077 0.0305 0.041158536585365856
16 0.6905 0.4112042682926829 0.026000000000000002 0.043445121951219516
20 0.32075 0.4786585365853659 0.0235 0.041158536585365856
6 0.46475 0.11471036585365854 0.0265 0.040396341463414635
5 0.724 0.29458841463414637 0.025 0.04496951219512195
9 0.5255 0.11280487804878049 0.036000000000000004 0.0975609756097561
17 0.6617500000000001 0.8224085365853658 0.0245 0.044207317073170736
7 0.63725 0.2964939024390244 0.0415 0.039634146341463415
22 0.28325 0.5365853658536586 0.0205 0.05030487804878049
5 0.47225 0.4173018292682927 0.0195 0.040396341463414635
13 0.36175 0.36013719512195125 0.0325 0.04496951219512195
8 0.33025 0.18407012195121952 0.0325 0.04649390243902439
22 0.48 0.6478658536585367 0.012 0.04573170731707317
21 0.25125000000000003 0.12614329268292684 0.0285 0.040396341463414635
10 0.40925 0.41996951219512196 0.0205 0.044207317073170736
19 0.53725 0.5891768292682927 0.0275 0.042682926829268296
17 0.52275 0.8852896341463415 0.0305 0.040396341463414635
23 0.6915 0.5880335365853658 0.021 0.055640243902439025
13 0.5710000000000001 0.828125 0.026000000000000002 0.05106707317073171
13 0.4185 0.8944359756097561 0.025 0.054115853658536585
6 0.444 0.8879573170731707 0.028 0.04878048780487805
6 0.25 0.3094512195121951 0.028 0.042682926829268296
22 0.5660000000000001 0.41463414634146345 0.008 0.039634146341463415
20 0.743 0.6970274390243902 0.029 0.043445121951219516
1 0.608 0.5907012195121951 0.025 0.041158536585365856
21 0.62825 0.7621951219512195 0.021500000000000002 0.044207317073170736
5 0.27425 0.3067835365853659 0.021500000000000002 0.04496951219512195
19 0.6385000000000001 0.8243140243902439 0.033 0.04801829268292683
6 0.3905 0.3589939024390244 0.027 0.04725609756097561
3 0.44925 0.4180640243902439 0.0245 0.04649390243902439
10 0.6095 0.7595274390243902 0.016 0.04801829268292683
22 0.6775 0.591844512195122 0.012 0.05259146341463415
22 0.338 0.47751524390243905 0.009000000000000001 0.038871951219512195
15 0.3545 0.4767530487804878 0.025 0.041920731707317076
5 0.50525 0.7027439024390244 0.0225 0.044207317073170736
14 0.26175 0.7732469512195123 0.021500000000000002 0.04649390243902439
7 0.291 0.3616615853658537 0.034 0.03582317073170732
10 0.51925 0.6459603658536586 0.0175 0.038871951219512195
21 0.6155 0.23704268292682928 0.033 0.044207317073170736
10 0.6635 0.5301067073170732 0.016 0.043445121951219516
17 0.55775 0.11089939024390244 0.0315 0.05259146341463415
7 0.58775 0.645579268292683 0.0375 0.044207317073170736
9 0.58575 0.7694359756097561 0.0305 0.06935975609756098
5 0.6765 0.4729420731707317 0.022 0.04496951219512195
6 0.30925 0.7732469512195123 0.0275 0.04496951219512195
21 0.655 0.2339939024390244 0.024 0.041158536585365856
3 0.427 0.7008384146341463 0.021 0.04496951219512195
3 0.52275 0.5308689024390244 0.0245 0.04496951219512195
5 0.3525 0.711890243902439 0.022 0.044207317073170736
22 0.56775 0.7629573170731707 0.0105 0.04725609756097561
16 0.28 0.7164634146341463 0.024 0.038109756097560975
0 0.57625 0.3548018292682927 0.021500000000000002 0.043445121951219516
1 0.6205 0.8883384146341464 0.026000000000000002 0.043445121951219516
21 0.7295 0.35213414634146345 0.028 0.04878048780487805
17 0.28300000000000003 0.7717225609756098 0.025 0.041920731707317076
5 0.502 0.7663871951219512 0.023 0.04801829268292683
1 0.73575 0.5823170731707318 0.0315 0.044207317073170736
23 0.44175000000000003 0.11737804878048781 0.0235 0.04573170731707317
13 0.531 0.7027439024390244 0.032 0.04573170731707317
21 0.28825 0.41920731707317077 0.0275 0.044207317073170736
1 0.468 0.8910060975609756 0.024 0.05182926829268293
23 0.48225 0.5891768292682927 0.021500000000000002 0.038109756097560975
23 0.631 0.5887957317073171 0.028 0.04649390243902439
21 0.28350000000000003 0.6535823170731707 0.021 0.040396341463414635
23 0.4575 0.23932926829268295 0.026000000000000002 0.041158536585365856
10 0.6235 0.7023628048780488 0.019 0.04496951219512195
13 0.6545 0.7641006097560976 0.031 0.04649390243902439
19 0.32525 0.9032012195121951 0.0315 0.05182926829268293
21 0.45525 0.536204268292683 0.0245 0.041920731707317076
13 0.75825 0.3559451219512195 0.0305 0.06554878048780488
23 0.5305 0.3548018292682927 0.027 0.04496951219512195
21 0.50975 0.2381859756097561 0.0245 0.04649390243902439
16 0.64425 0.4112042682926829 0.025500000000000002 0.04496951219512195
23 0.2415 0.897484756097561 0.02 0.05259146341463415
23 0.4445 0.7679115853658537 0.027 0.040396341463414635
13 0.29775 0.3067835365853659 0.029500000000000002 0.04649390243902439
22 0.3835 0.27972560975609756 0.011 0.022865853658536585
22 0.29225 0.600609756097561 0.0105 0.042682926829268296
10 0.433 0.5926067073170732 0.018000000000000002 0.041920731707317076
11 0.398 0.7042682926829269 0.032 0.041158536585365856
3 0.51875 0.17606707317073172 0.0275 0.05182926829268293
21 0.49525 0.1756859756097561 0.029500000000000002 0.043445121951219516
10 0.58575 0.5323932926829269 0.0185 0.04496951219512195
20 0.33675 0.42035060975609756 0.025500000000000002 0.04496951219512195
23 0.28175 0.09527439024390244 0.0225 0.03201219512195122
21 0.58025 0.17835365853658539 0.021500000000000002 0.05030487804878049
6 0.35175 0.12233231707317073 0.0285 0.040396341463414635
22 0.70675 0.8163109756097561 0.021500000000000002 0.054878048780487805
6 0.5670000000000001 0.529344512195122 0.026000000000000002 0.04649390243902439
11 0.33075 0.6535823170731707 0.0315 0.040396341463414635
16 0.26175 0.1836890243902439 0.0315 0.041158536585365856
14 0.53225 0.23742378048780488 0.0305 0.04496951219512195
1 0.4495 0.5914634146341463 0.022 0.044207317073170736
1 0.6055 0.5308689024390244 0.025 0.04649390243902439
3 0.433 0.35708841463414637 0.024 0.043445121951219516
5 0.445 0.7065548780487805 0.023 0.04573170731707317
22 0.63825 0.2378048780487805 0.0155 0.042682926829268296
8 0.374 0.5354420731707318 0.036000000000000004 0.04496951219512195
9 0.64725 0.46951219512195125 0.029500000000000002 0.08231707317073171
11 0.54775 0.4717987804878049 0.0285 0.04573170731707317
13 0.26375 0.4211128048780488 0.0235 0.05106707317073171
21 0.353 0.772484756097561 0.023 0.037347560975609755
13 0.2125 0.8334603658536586 0.028 0.04954268292682927
1 0.306 0.18445121951219512 0.023 0.044207317073170736
11 0.6545 0.5907012195121951 0.029 0.05030487804878049
13 0.621 0.645579268292683 0.031 0.04725609756097561
16 0.40650000000000003 0.6482469512195123 0.025 0.04496951219512195
10 0.20750000000000002 0.2534298780487805 0.02 0.04649390243902439
5 0.5305 0.29763719512195125 0.024 0.043445121951219516
22 0.6625 0.17606707317073172 0.018000000000000002 0.06554878048780488
5 0.552 0.35518292682926833 0.024 0.038109756097560975
5 0.34725 0.8342225609756098 0.029500000000000002 0.043445121951219516
10 0.307 0.42378048780487804 0.018000000000000002 0.04573170731707317
3 0.51025 0.29878048780487804 0.0245 0.04725609756097561
3 0.263 0.6592987804878049 0.026000000000000002 0.044207317073170736
16 0.6990000000000001 0.7004573170731707 0.027 0.041158536585365856
22 0.48625 0.7671493902439025 0.0135 0.04496951219512195
19 0.58325 0.41158536585365857 0.0285 0.041158536585365856
17 0.2595 0.5415396341463414 0.032 0.04649390243902439
7 0.23475000000000001 0.24847560975609756 0.0365 0.0350609756097561
23 0.26275 0.899390243902439 0.021500000000000002 0.05030487804878049
22 0.39675 0.8948170731707318 0.0135 0.054878048780487805
5 0.5435 0.5323932926829269 0.024 0.04649390243902439
3 0.50175 0.5903201219512195 0.025500000000000002 0.04649390243902439