22 0.6518518518518518 0.6224223061283765 0.03111111111111111 0.039500435666569855
6 0.46444444444444444 0.6733952948010457 0.09777777777777777 0.0397908800464711
12 0.7040740740740741 0.17252396166134185 0.0911111111111111 0.03601510310775487
1 0.3348148148148148 0.4304385710136509 0.09333333333333332 0.039500435666569855
14 0.4762962962962963 0.5277374382805693 0.08888888888888888 0.03601510310775487
5 0.32 0.1757188498402556 0.07555555555555556 0.03659599186755736
1 0.48592592592592593 0.33110659308742374 0.0637037037037037 0.03311065930874238
21 0.6625925925925925 0.8724949172233517 0.0674074074074074 0.04182399070577984
13 0.5518518518518518 0.17484751670055185 0.08888888888888888 0.03369154806854487
17 0.7348148148148148 0.38440313679930294 0.07703703703703703 0.0409526575660761
20 0.7129629629629629 0.7274179494626779 0.08222222222222222 0.03630554748765612
22 0.7755555555555556 0.7265466163229741 0.048888888888888885 0.038048213767063604
10 0.5437037037037037 0.8187627069416207 0.05481481481481481 0.04124310194597734
6 0.4318518518518518 0.7720011617775197 0.1037037037037037 0.04008132442637235
1 0.4755555555555555 0.8199244844612257 0.09925925925925926 0.04008132442637235
5 0.8148148148148148 0.28173104850421143 0.08 0.03543421434795237
3 0.6207407407407407 0.3282021492884113 0.09333333333333332 0.03427243682834737
22 0.6981481481481481 0.11661341853035144 0.04666666666666666 0.04211443508568109
11 0.46296296296296297 0.38454835898925355 0.08296296296296296 0.03427243682834737
5 0.8066666666666666 0.8722044728434505 0.09925925925925926 0.04008132442637235
1 0.5007407407407407 0.11864652918966018 0.08444444444444445 0.03688643624745861
11 0.3851851851851852 0.8187627069416207 0.0962962962962963 0.03659599186755736
23 0.8022222222222222 0.329073482428115 0.09333333333333332 0.03485332558814987
13 0.5844444444444444 0.6227127505082777 0.12148148148148148 0.038919546906767355
22 0.5548148148148148 0.22712750508277665 0.03259259259259259 0.039500435666569855
1 0.6448148148148147 0.11632297415045019 0.07333333333333333 0.038048213767063604
1 0.831111111111111 0.7294510601219867 0.08296296296296296 0.04269532384548359
20 0.5903703703703703 0.3829509148997967 0.06518518518518518 0.038048213767063604
4 0.5651851851851851 0.11806564042985768 0.09185185185185185 0.038048213767063604
21 0.6929629629629629 0.8245715945396457 0.07777777777777778 0.03659599186755736
17 0.7129629629629629 0.6831251815277375 0.0911111111111111 0.04937554458321231
8 0.7911111111111111 0.7826023816439152 0.11851851851851851 0.04153354632587859
1 0.7711111111111111 0.5210572175428405 0.10518518518518517 0.04124310194597734
5 0.6266666666666666 0.2779552715654952 0.0874074074074074 0.03369154806854487
7 0.8177777777777777 0.6272146383967471 0.12148148148148148 0.0409526575660761
3 0.6014814814814815 0.7763578274760383 0.09925925925925926 0.03717688062735986
22 0.6825925925925925 0.276503049665989 0.04518518518518518 0.03775776938716236
23 0.7274074074074074 0.8742375835027593 0.08 0.03485332558814987
1 0.7748148148148147 0.17136218414173685 0.08888888888888888 0.04066221318617485
14 0.30666666666666664 0.8650885855358699 0.07555555555555556 0.04153354632587859
21 0.6922222222222222 0.7805692709846065 0.07925925925925925 0.03282021492884113
10 0.6066666666666667 0.8685739180946849 0.07111111111111111 0.04850421144350857
7 0.5148148148148148 0.9542550101655533 0.1037037037037037 0.03688643624745861
8 0.3555555555555555 0.2756317165262852 0.1259259259259259 0.04182399070577984
16 0.614074074074074 0.8231193726401395 0.08296296296296296 0.046471100784199824
7 0.5725925925925925 0.5233807725820505 0.12148148148148148 0.03543421434795237
19 0.42666666666666664 0.4292767934940459 0.10518518518518517 0.039500435666569855
1 0.65 0.6754284054603543 0.06 0.03688643624745861
14 0.5711111111111111 0.7256752831832705 0.08 0.04211443508568109
1 0.3762962962962963 0.6671507406331687 0.07407407407407407 0.04356665698518734
5 0.3214814814814815 0.33488237002614 0.0874074074074074 0.04066221318617485
22 0.35407407407407404 0.7220447284345048 0.0874074074074074 0.04530932326459483
22 0.6074074074074074 0.6802207377287249 0.037037037037037035 0.038919546906767355
10 0.45259259259259255 0.9469939006680221 0.07407407407407407 0.0397908800464711
11 0.5392592592592592 0.2802788266047052 0.10222222222222221 0.03485332558814987
3 0.8088888888888889 0.6816729596282312 0.1037037037037037 0.039500435666569855
5 0.49037037037037035 0.6257624164972407 0.09333333333333332 0.0403717688062736
6 0.3948148148148148 0.6251815277374383 0.11259259259259259 0.04269532384548359
8 0.4207407407407407 0.3331397037467325 0.07851851851851852 0.03020621550972989
23 0.737037037037037 0.2808597153645077 0.07259259259259258 0.03717688062735986
19 0.4955555555555555 0.2256752831832704 0.09777777777777777 0.03775776938716236
20 0.3785185185185185 0.9490270113273308 0.08 0.0403717688062736
16 0.3807407407407407 0.8647981411559686 0.0874074074074074 0.04443799012489109
5 0.3296296296296296 0.7714202730177171 0.08 0.038919546906767355
1 0.5148148148148148 0.43421434795236713 0.08592592592592592 0.038919546906767355
22 0.3688888888888889 0.1751379610804531 0.04 0.038919546906767355
11 0.4192592592592592 0.11893697356956143 0.09925925925925926 0.03398199244844612
1 0.6266666666666666 0.17484751670055185 0.07259259259259258 0.03601510310775487
1 0.6411111111111111 0.7282892826023817 0.07777777777777778 0.04269532384548359
22 0.7651851851851852 0.4753122277083938 0.05185185185185185 0.0397908800464711
13 0.7962962962962963 0.38324135927969794 0.07555555555555556 0.0409526575660761
6 0.721111111111111 0.6251815277374383 0.09259259259259259 0.04153354632587859
9 0.45925925925925926 0.8662503630554749 0.09037037037037036 0.06476909671797851
13 0.7799999999999999 0.8266047051989545 0.09333333333333332 0.039500435666569855
23 0.4407407407407407 0.7239326169038629 0.07111111111111111 0.03514376996805112
7 0.7137037037037036 0.329073482428115 0.10148148148148148 0.03485332558814987
1 0.5118518518518518 0.7233517281440605 0.07111111111111111 0.03630554748765612
5 0.7837037037037037 0.22422306128376415 0.09481481481481481 0.039500435666569855
14 0.7003703703703703 0.2256752831832704 0.09555555555555555 0.03659599186755736
14 0.34074074074074073 0.2291606157420854 0.0637037037037037 0.04124310194597734
22 0.31555555555555553 0.8194888178913738 0.05481481481481481 0.04792332268370607
1 0.377037037037037 0.3801916932907348 0.08296296296296296 0.042985768225384836
1 0.40814814814814815 0.22770839384257915 0.09185185185185185 0.04066221318617485
22 0.8407407407407407 0.5190241068835318 0.04 0.04879465582340982
1 0.5444444444444444 0.6771710717397619 0.08296296296296296 0.039209991286668605
5 0.4585185185185185 0.27882660470519893 0.08296296296296296 0.03659599186755736
21 0.5385185185185185 0.8690095846645367 0.08 0.038338658146964855
5 0.4281481481481481 0.4715364507696776 0.09925925925925926 0.04269532384548359
1 0.337037037037037 0.11748475167005519 0.09185185185185185 0.04153354632587859
7 0.45037037037037037 0.17020040662213187 0.12296296296296295 0.03252977054893988
17 0.5496296296296296 0.3293639268080163 0.07851851851851852 0.03427243682834737
23 0.3948148148148148 0.5715945396456579 0.11555555555555555 0.03717688062735986
1 0.5133333333333333 0.7746151611966309 0.09481481481481481 0.038338658146964855
8 0.6811111111111111 0.5198954400232355 0.12518518518518518 0.03775776938716236
23 0.517037037037037 0.4735695614289864 0.10518518518518517 0.0409526575660761
13 0.6103703703703703 0.956288120824862 0.10814814814814815 0.03630554748765612
21 0.522962962962963 0.38498402555910544 0.07555555555555556 0.0397908800464711
5 0.3985185185185185 0.5271565495207667 0.0962962962962963 0.03717688062735986
14 0.6155555555555555 0.22712750508277665 0.08888888888888888 0.03601510310775487