5 0.09694209499024073 0.15754310344827585 0.044242029928432014 0.03146551724137931
23 0.578562134027326 0.6987068965517241 0.025048796356538713 0.030172413793103446
10 0.07905009759271309 0.21400862068965518 0.02081977878985036 0.04267241379310345
23 0.11353285621340274 0.1019396551724138 0.02602472348731295 0.03405172413793103
6 0.6408588158750814 0.7008620689655173 0.030579050097592715 0.03706896551724138
16 0.6325634352635003 0.4859913793103448 0.028952504879635656 0.032327586206896554
20 0.7052700065061809 0.8241379310344827 0.024723487312947302 0.0353448275862069
14 0.9216005204944698 0.17370689655172414 0.022121014964216007 0.04051724137931034
22 0.5474951203643462 0.3762931034482759 0.014313597918022123 0.041379310344827586
23 0.7299934938191283 0.7709051724137931 0.02147039687703318 0.046120689655172416
5 0.06994144437215355 0.10366379310344827 0.02147039687703318 0.026293103448275863
12 0.5265126870527002 0.42844827586206896 0.03220559531554978 0.03706896551724138
0 0.6242680546519194 0.5898706896551724 0.02277163305139883 0.036637931034482756
3 0.5048796356538712 0.6450431034482759 0.023422251138581655 0.05301724137931035
7 0.7301561483409239 0.8241379310344827 0.02439817826935589 0.04224137931034483
23 0.6681847755367599 0.43275862068965515 0.024723487312947302 0.03879310344827586
19 0.5126870527000651 0.5911637931034482 0.0383864671437866 0.043534482758620686
5 0.6436239427456084 0.5392241379310345 0.023096942094990244 0.03189655172413793
3 0.9367273910214705 0.23254310344827586 0.03220559531554978 0.04008620689655172
22 0.586857514638907 0.48254310344827583 0.013012361743656475 0.047844827586206895
5 0.6317501626545219 0.8157327586206896 0.024723487312947302 0.0375
13 0.646063760572544 0.37004310344827585 0.02602472348731295 0.034913793103448276
13 0.6475276512687053 0.6426724137931035 0.03350683148991542 0.04827586206896552
21 0.537085230969421 0.7609913793103448 0.022121014964216007 0.03318965517241379
16 0.6171112556929083 0.6407327586206897 0.023422251138581655 0.04008620689655172
20 0.5665256994144438 0.3752155172413793 0.02830188679245283 0.036637931034482756
22 0.575797007156799 0.5385775862068966 0.013012361743656475 0.03577586206896552
13 0.5917371502927782 0.6435344827586207 0.03188028627195836 0.04741379310344827
17 0.08880936890045543 0.09935344827586207 0.023422251138581655 0.03146551724137931
10 0.622804163955758 0.4353448275862069 0.023096942094990244 0.04655172413793103
21 0.7088484059856864 0.7698275862068965 0.01951854261548471 0.03362068965517241
21 0.0847430058555628 0.2691810344827586 0.017241379310344827 0.029741379310344828
21 0.522121014964216 0.47758620689655173 0.026675341574495772 0.04310344827586207
21 0.6429733246584256 0.4334051724137931 0.02569941444372154 0.0375
1 0.5427781392322707 0.43189655172413793 0.03610930383864672 0.045689655172413794
6 0.61174365647365 0.37801724137931036 0.02830188679245283 0.03362068965517241
20 0.606213402732596 0.8125 0.03350683148991542 0.0353448275862069
5 0.5118737800910865 0.8064655172413793 0.02635003253090436 0.03706896551724138
16 0.10247234873129474 0.21530172413793103 0.02797657774886142 0.0375
14 0.5775862068965517 0.7536637931034482 0.02960312296681848 0.04181034482758621
3 0.6055627846454131 0.4857758620689655 0.02830188679245283 0.03706896551724138
23 0.5463565387117763 0.484051724137931 0.019843851659076123 0.0353448275862069
21 0.6008458035133377 0.6991379310344827 0.022121014964216007 0.030172413793103446
14 0.6872153545868576 0.7665948275862069 0.027000650618087183 0.0375
21 0.5562784645413142 0.7 0.023422251138581655 0.025
10 0.5380611581001952 0.5372844827586207 0.02147039687703318 0.04181034482758621
8 0.5728692257644763 0.43297413793103445 0.035133376707872484 0.03836206896551724
13 0.8682498373454782 0.1125 0.03188028627195836 0.045689655172413794
22 0.6185751463890696 0.7004310344827586 0.012036434612882238 0.034482758620689655
19 0.9385165907612232 0.11400862068965517 0.039687703318152245 0.052155172413793104
14 0.04879635653871178 0.10538793103448275 0.027325959661678598 0.036637931034482756
16 0.743981782693559 0.7176724137931034 0.025374105400130124 0.04310344827586207
16 0.02569941444372154 0.10818965517241379 0.01951854261548471 0.0396551724137931
5 0.587996096291477 0.3769396551724138 0.02049446974625895 0.03577586206896552
20 0.6171112556929083 0.5385775862068966 0.029928432010409893 0.03405172413793103
5 0.652081977878985 0.590301724137931 0.028952504879635656 0.03318965517241379
2 0.600683148991542 0.434051724137931 0.02569941444372154 0.04482758620689655
13 0.684775536759922 0.7049568965517241 0.03318152244632401 0.03836206896551724
10 0.5377358490566038 0.5950431034482758 0.02147039687703318 0.047844827586206895
7 0.5614834092387769 0.6456896551724138 0.029277813923227067 0.04482758620689655
21 0.6720884840598569 0.8247844827586207 0.014964216005204947 0.032327586206896554
21 0.8620689655172414 0.17650862068965517 0.029928432010409893 0.04181034482758621
5 0.5279765777488614 0.37219827586206894 0.02602472348731295 0.0375
13 0.11027976577748862 0.27025862068965517 0.03708523096942095 0.04482758620689655
22 0.685914118412492 0.8196120689655172 0.015289525048796358 0.04008620689655172
16 0.05579050097592714 0.21120689655172414 0.02960312296681848 0.03879310344827586
11 0.06083279115159402 0.16012931034482758 0.03253090435914119 0.032327586206896554
3 0.6572869225764477 0.8157327586206896 0.02635003253090436 0.036637931034482756
1 0.6605400130123618 0.7657327586206897 0.030904359141184126 0.039224137931034485
22 0.0356213402732596 0.20926724137931035 0.01398828887443071 0.034913793103448276
21 0.6597267404033833 0.7049568965517241 0.01951854261548471 0.030603448275862068
8 0.6317501626545219 0.7612068965517241 0.0383864671437866 0.04051724137931034
11 0.715191932335719 0.711853448275862 0.03155497722836695 0.039224137931034485
5 0.5585556278464542 0.5323275862068966 0.02147039687703318 0.03275862068965517
14 0.6613532856213403 0.4849137931034483 0.03188028627195836 0.0353448275862069
11 0.5115484710474951 0.7644396551724137 0.0328562134027326 0.034913793103448276
3 0.5720559531554977 0.8150862068965518 0.028952504879635656 0.0396551724137931
3 0.5159401431359792 0.5372844827586207 0.02797657774886142 0.04008620689655172
8 0.03334417696811972 0.15969827586206897 0.030253741054001304 0.028879310344827585
11 0.5356213402732596 0.8172413793103448 0.03480806766428107 0.05862068965517241
8 0.0601821730644112 0.26163793103448274 0.030579050097592715 0.03620689655172414
23 0.5946649316851009 0.5383620689655172 0.023422251138581655 0.03189655172413793
10 0.5364346128822381 0.7049568965517241 0.02081977878985036 0.039224137931034485
21 0.5678269355888094 0.47672413793103446 0.023747560182173066 0.04224137931034483
21 0.6013337670787249 0.5898706896551724 0.022446324007807418 0.03318965517241379
13 0.9024072869225765 0.22586206896551725 0.035783994795055306 0.04224137931034483
17 0.5614834092387769 0.5952586206896552 0.027325959661678598 0.041379310344827586
1 0.6027976577748861 0.755603448275862 0.03383214053350683 0.04224137931034483
1 0.5325309043591412 0.6439655172413793 0.029277813923227067 0.04655172413793103
23 0.5842550422901757 0.5883620689655172 0.029277813923227067 0.041379310344827586
11 0.5089459986987639 0.7030172413793103 0.040663630448926485 0.0353448275862069
14 0.5577423552374756 0.7594827586206896 0.02569941444372154 0.03706896551724138