5 0.7557755775577558 0.22750096562379296 0.022277227722772276 0.02008497489378138
1 0.6821369636963697 0.4704519119351101 0.02103960396039604 0.02085747392815759
21 0.5946782178217822 0.6614522981846273 0.019389438943894388 0.0220162224797219
22 0.43584983498349833 0.2607184241019699 0.01278877887788779 0.021629972962533797
6 0.39954620462046203 0.39127076091154883 0.02433993399339934 0.02085747392815759
23 0.3772689768976898 0.39204325994592504 0.021864686468646866 0.02085747392815759
16 0.629950495049505 0.388180764774044 0.024752475247524754 0.022402471996910003
23 0.49793729372937295 0.261297798377752 0.017326732673267328 0.0220162224797219
1 0.4923679867986799 0.23426033217458478 0.021864686468646866 0.022788721514098106
17 0.531559405940594 0.44341444573194283 0.021864686468646866 0.023174971031286212
23 0.5187706270627063 0.39204325994592504 0.02268976897689769 0.01853997682502897
23 0.639026402640264 0.49613750482811897 0.018976897689768978 0.018153727307840865
7 0.34344059405940597 0.21263035921205098 0.040016501650165015 0.022788721514098106
10 0.6681105610561057 0.2325222093472383 0.01773927392739274 0.022402471996910003
21 0.1813118811881188 0.21842410196987253 0.02599009900990099 0.025106218617226728
22 0.430486798679868 0.23426033217458478 0.008663366336633664 0.01892622634221707
13 0.42636138613861385 0.4445731942835071 0.030115511551155116 0.02549246813441483
21 0.15367161716171618 0.21958285052143683 0.03259075907590759 0.025878717651602934
20 0.2400990099009901 0.2974121282348397 0.020627062706270627 0.021629972962533797
21 0.7786716171617162 0.38798764001545 0.021864686468646866 0.022788721514098106
1 0.6417079207920792 0.33796832753959055 0.018564356435643563 0.019312475859405175
22 0.613036303630363 0.31324835843955195 0.012376237623762377 0.02008497489378138
16 0.31415016501650167 0.4202394747006566 0.025165016501650164 0.023174971031286212
5 0.789397689768977 0.6560448049439939 0.020214521452145216 0.020471224410969487
23 0.3091996699669967 0.4459250675936655 0.03424092409240924 0.0220162224797219
1 0.5668316831683169 0.2605252993433758 0.020627062706270627 0.0220162224797219
16 0.5297029702970297 0.5548474314407107 0.024752475247524754 0.0220162224797219
6 0.41625412541254125 0.3153727307840865 0.02392739273927393 0.018153727307840865
21 0.3554042904290429 0.39127076091154883 0.02103960396039604 0.02085747392815759
0 0.43234323432343236 0.5803398995751256 0.02145214521452145 0.021243723445345693
21 0.25866336633663367 0.4061413673232908 0.019801980198019802 0.0220162224797219
1 0.7223597359735974 0.4165701042873696 0.019801980198019802 0.022788721514098106
23 0.3393151815181518 0.24044032444959443 0.016914191419141914 0.0220162224797219
1 0.7370049504950495 0.3870220162224797 0.02103960396039604 0.02008497489378138
17 0.4020214521452145 0.4443800695249131 0.02433993399339934 0.025878717651602934
8 0.37850660066006603 0.4461181923522596 0.02929042904290429 0.023174971031286212
1 0.6346947194719472 0.20432599459250675 0.02764026402640264 0.02858246427191966
0 0.6887376237623762 0.2605252993433758 0.02268976897689769 0.0220162224797219
17 0.6532590759075908 0.3874082657396678 0.025165016501650164 0.021629972962533797
21 0.4189356435643564 0.2605252993433758 0.02103960396039604 0.019698725376593278
5 0.664397689768977 0.5805330243337196 0.018564356435643563 0.02394747006566242
5 0.5670379537953796 0.2033603707995365 0.021864686468646866 0.021243723445345693
1 0.768976897689769 0.2825415218230977 0.018151815181518153 0.020471224410969487
22 0.3372524752475248 0.39262263422170723 0.011963696369636964 0.0220162224797219
22 0.43935643564356436 0.39339513325608344 0.013201320132013201 0.0220162224797219
1 0.32735148514851486 0.4772112784859019 0.026815181518151817 0.023561220548474315
21 0.7906353135313532 0.20007724990343762 0.02433993399339934 0.02085747392815759
23 0.36014851485148514 0.36655079181151023 0.01485148514851485 0.019312475859405175
13 0.3512788778877888 0.29200463499420626 0.02433993399339934 0.02085747392815759
20 0.4533828382838284 0.3146002317497103 0.019801980198019802 0.0220162224797219
14 0.4570957095709571 0.39127076091154883 0.02145214521452145 0.019312475859405175
17 0.42924917491749176 0.28872151409810737 0.023514851485148515 0.020471224410969487
12 0.46844059405940597 0.5254924681344149 0.018564356435643563 0.0220162224797219
5 0.21163366336633663 0.2682502896871379 0.0297029702970297 0.030513711857860178
13 0.8030115511551155 0.3854770181537273 0.02268976897689769 0.022402471996910003
20 0.7004950495049505 0.3609501738122827 0.027227722772277228 0.0220162224797219
22 0.4474009900990099 0.5799536500579374 0.011138613861386138 0.019698725376593278
1 0.18832508250825084 0.3018539976825029 0.028465346534653466 0.025106218617226728
23 0.7751650165016502 0.6286210892236385 0.023102310231023104 0.02433371958285052
7 0.3224009900990099 0.2921977597528003 0.03589108910891089 0.01892622634221707
21 0.8104372937293729 0.3588258014677482 0.020214521452145216 0.02085747392815759
8 0.6868811881188119 0.5795674005407493 0.02392739273927393 0.025106218617226728
13 0.47957920792079206 0.3651989185013519 0.028465346534653466 0.0220162224797219
5 0.5492986798679867 0.34047894940131324 0.019389438943894388 0.020471224410969487
11 0.5033003300330033 0.5536886828891464 0.028052805280528052 0.020471224410969487
10 0.3009488448844885 0.24121282348397063 0.014438943894389438 0.025878717651602934
5 0.5736386138613861 0.4438006952491309 0.019389438943894388 0.021629972962533797
22 0.4890676567656766 0.47373503283120894 0.013613861386138614 0.018153727307840865
22 0.5829207920792079 0.49980687524140593 0.012376237623762377 0.02085747392815759
22 0.5579620462046204 0.23232908458864426 0.013613861386138614 0.01892622634221707
1 0.647483498349835 0.31247585940517575 0.01773927392739274 0.02394747006566242
21 0.4212046204620462 0.3904982618771726 0.02145214521452145 0.021629972962533797
14 0.28114686468646866 0.29683275395905756 0.019389438943894388 0.0220162224797219
12 0.7256600660066007 0.6537273078408652 0.018151815181518153 0.020471224410969487
7 0.7454620462046204 0.6056392429509463 0.03135313531353135 0.02394747006566242
8 0.3551980198019802 0.3429895712630359 0.027227722772277228 0.02394747006566242
23 0.7400990099009901 0.19949787562765547 0.020627062706270627 0.025106218617226728
8 0.7126650165016502 0.38798764001545 0.02929042904290429 0.022788721514098106
20 0.553424092409241 0.31672460409424485 0.020214521452145216 0.023174971031286212
13 0.37231848184818483 0.264774044032445 0.02433993399339934 0.01892622634221707
8 0.6974009900990099 0.3118964851293936 0.026815181518151817 0.021243723445345693
14 0.4471947194719472 0.20915411355735805 0.017326732673267328 0.022788721514098106
13 0.7242161716171617 0.2854383932020085 0.02764026402640264 0.01853997682502897
13 0.5680693069306931 0.6595210505986867 0.02392739273927393 0.020471224410969487
3 0.45792079207920794 0.4727694090382387 0.020627062706270627 0.02008497489378138
21 0.5055693069306931 0.4183082271147161 0.023514851485148515 0.021629972962533797
22 0.30383663366336633 0.32309772112784857 0.023514851485148515 0.02974121282348397
23 0.4544141914191419 0.33970645036693703 0.020214521452145216 0.018153727307840865
21 0.709983498349835 0.5805330243337196 0.024752475247524754 0.02085747392815759
17 0.6800742574257426 0.3630745461568173 0.02103960396039604 0.022402471996910003
14 0.32425742574257427 0.36886828891463885 0.02557755775577558 0.02549246813441483
13 0.4527640264026403 0.23599845500193126 0.026815181518151817 0.022402471996910003
7 0.4057343234323432 0.5519505600617999 0.03424092409240924 0.021629972962533797
11 0.7318481848184819 0.22923908845113944 0.02557755775577558 0.019698725376593278
7 0.7487623762376238 0.6550791811510236 0.0297029702970297 0.017767477790652762
23 0.634075907590759 0.41560448049439935 0.018151815181518153 0.02008497489378138
7 0.6126237623762376 0.5527230590961761 0.033003300330033 0.019312475859405175
19 0.6646039603960396 0.3389339513325608 0.024752475247524754 0.01892622634221707
17 0.7075082508250825 0.2572421784472769 0.023102310231023104 0.02008497489378138
21 0.2563943894389439 0.2153341058323677 0.03094059405940594 0.030513711857860178
13 0.8158003300330033 0.197759752800309 0.02929042904290429 0.023174971031286212
22 0.6563531353135313 0.20278099652375434 0.012376237623762377 0.022402471996910003
3 0.5649752475247525 0.49980687524140593 0.020214521452145216 0.02085747392815759
19 0.6297442244224423 0.3120896098879876 0.02103960396039604 0.022402471996910003
16 0.15449669966996699 0.27983777520278097 0.03424092409240924 0.031286210892236384
5 0.33003300330033003 0.3449208188489764 0.024752475247524754 0.023174971031286212
5 0.3921204620462046 0.5811123986095017 0.03259075907590759 0.026651216685979143
13 0.6254125412541254 0.3626882966396292 0.028052805280528052 0.02008497489378138
22 0.54496699669967 0.49884125144843566 0.015676567656765675 0.0220162224797219
14 0.727516501650165 0.2572421784472769 0.02268976897689769 0.02008497489378138
3 0.8250825082508251 0.3850907686365392 0.02557755775577558 0.02394747006566242
5 0.5676567656765676 0.6064117419853225 0.018151815181518153 0.02008497489378138
23 0.6229372937293729 0.33623020471224413 0.018151815181518153 0.019698725376593278
21 0.5146452145214522 0.31479335650830437 0.020214521452145216 0.02085747392815759
1 0.6041666666666666 0.33796832753959055 0.021864686468646866 0.019312475859405175
1 0.44925742574257427 0.5254924681344149 0.020627062706270627 0.020471224410969487
16 0.7231848184818482 0.3609501738122827 0.026402640264026403 0.022788721514098106
11 0.6256188118811882 0.2325222093472383 0.028465346534653466 0.02394747006566242
1 0.4944306930693069 0.34125144843568944 0.020214521452145216 0.020471224410969487
3 0.49958745874587457 0.2033603707995365 0.024752475247524754 0.021243723445345693
13 0.779496699669967 0.25550405561993045 0.02929042904290429 0.022788721514098106
23 0.1932755775577558 0.3252220934723832 0.019389438943894388 0.01853997682502897
5 0.48122937293729373 0.26245654692931636 0.02103960396039604 0.022788721514098106
5 0.4735973597359736 0.31595210505986865 0.018976897689768978 0.023174971031286212
13 0.6072607260726073 0.3899188876013905 0.02392739273927393 0.0220162224797219
12 0.37025577557755773 0.21301660872923908 0.021864686468646866 0.023561220548474315
6 0.47586633663366334 0.3418308227114716 0.019389438943894388 0.02085747392815759
5 0.45647689768976896 0.3650057937427578 0.020214521452145216 0.016994978756276556
6 0.23267326732673269 0.4015063731170336 0.01485148514851485 0.028196214754731556
22 0.7852722772277227 0.2821552723059096 0.011963696369636964 0.020471224410969487
21 0.3025990099009901 0.2661259173426033 0.02268976897689769 0.01853997682502897
13 0.5684818481848185 0.41888760139049824 0.028052805280528052 0.020471224410969487
17 0.4238861386138614 0.500193124758594 0.02433993399339934 0.023174971031286212
20 0.6140676567656765 0.6348010814986481 0.03424092409240924 0.025878717651602934
1 0.6037541254125413 0.28794901506373116 0.02268976897689769 0.01892622634221707
9 0.6926567656765676 0.20027037466203168 0.0297029702970297 0.047508690614136734
1 0.6664603960396039 0.5517574353032059 0.02433993399339934 0.021243723445345693
14 0.6417079207920792 0.5816917728852838 0.02268976897689769 0.022402471996910003
19 0.7580445544554456 0.3874082657396678 0.02433993399339934 0.022402471996910003
12 0.3155940594059406 0.21108536114329857 0.02145214521452145 0.02433371958285052
5 0.6883250825082509 0.41637697952877556 0.020214521452145216 0.023174971031286212
13 0.42615511551155116 0.5256855928930089 0.027227722772277228 0.02085747392815759
13 0.6528465346534653 0.5243337195828505 0.023514851485148515 0.023561220548474315
5 0.5385726072607261 0.3897257628427964 0.018564356435643563 0.019312475859405175
21 0.5398102310231023 0.23117033603707995 0.016914191419141914 0.018153727307840865
8 0.5635313531353136 0.5256855928930089 0.028877887788778877 0.023174971031286212
3 0.7202970297029703 0.4683275395905755 0.02392739273927393 0.021243723445345693
14 0.7031765676567657 0.4167632290459637 0.020214521452145216 0.021629972962533797
0 0.6961633663366337 0.6073773657782928 0.02599009900990099 0.021243723445345693
21 0.4296617161716172 0.34125144843568944 0.023514851485148515 0.019698725376593278
23 0.4921617161716172 0.3161452298184627 0.018976897689768978 0.0220162224797219
11 0.1635726072607261 0.30764774044032445 0.02764026402640264 0.02433371958285052
1 0.37087458745874585 0.3138277327153341 0.018151815181518153 0.020471224410969487
13 0.40284653465346537 0.34279644650444185 0.026815181518151817 0.0220162224797219
5 0.5142326732673267 0.5838161452298185 0.019389438943894388 0.0220162224797219
13 0.5367161716171617 0.2607184241019699 0.026402640264026403 0.023174971031286212
11 0.6291254125412541 0.2865971417535728 0.028052805280528052 0.021629972962533797
14 0.39686468646864687 0.4727694090382387 0.023102310231023104 0.021629972962533797
13 0.641914191419142 0.552529934337582 0.024752475247524754 0.020471224410969487
22 0.29764851485148514 0.294901506373117 0.011138613861386138 0.023561220548474315
3 0.5777640264026402 0.2321359598300502 0.02268976897689769 0.016222479721900347
3 0.6681105610561057 0.41695635380455776 0.02103960396039604 0.0220162224797219
0 0.6122112211221122 0.20200849748937813 0.020627062706270627 0.02394747006566242
17 0.5441419141914191 0.41714947856315177 0.019801980198019802 0.023174971031286212
3 0.5571369636963697 0.36404016994978755 0.02599009900990099 0.019698725376593278
3 0.6029290429042904 0.2607184241019699 0.02103960396039604 0.019312475859405175
21 0.4040841584158416 0.3675164156044805 0.02433993399339934 0.018153727307840865
13 0.3512788778877888 0.31653147933565084 0.019389438943894388 0.025106218617226728
13 0.4861798679867987 0.44399382000772497 0.02764026402640264 0.019698725376593278
13 0.5101072607260726 0.28872151409810737 0.018564356435643563 0.01892622634221707
5 0.39397689768976896 0.2894940131324836 0.02557755775577558 0.028196214754731556
21 0.5117574257425742 0.44244882193897256 0.02268976897689769 0.020471224410969487
10 0.2596947194719472 0.35206643491695633 0.028465346534653466 0.023561220548474315
16 0.599009900990099 0.4194669756662804 0.03052805280528053 0.023174971031286212
11 0.23102310231023102 0.35168018539976825 0.03382838283828383 0.022788721514098106
5 0.36984323432343236 0.24005407493240632 0.015264026402640265 0.023561220548474315
14 0.3927392739273927 0.31498648126689843 0.020627062706270627 0.022788721514098106
5 0.6726485148514851 0.2037466203167246 0.020214521452145216 0.025878717651602934
3 0.4042904290429043 0.4982618771726535 0.023102310231023104 0.02008497489378138
14 0.408003300330033 0.28968713789107764 0.020627062706270627 0.02085747392815759
14 0.3603547854785479 0.47605252993433755 0.02929042904290429 0.022788721514098106
1 0.6478960396039604 0.2329084588644264 0.02764026402640264 0.02008497489378138
17 0.258457095709571 0.32367709540363077 0.020214521452145216 0.023174971031286212
17 0.6697607260726073 0.44322132097334876 0.02433993399339934 0.02433371958285052
13 0.5317656765676567 0.36481266898416376 0.026402640264026403 0.0220162224797219
16 0.5618811881188119 0.2891077636152955 0.026402640264026403 0.019698725376593278
14 0.23617986798679869 0.268636539204326 0.030115511551155116 0.028196214754731556
9 0.5177392739273927 0.6114329857087678 0.033003300330033 0.046349942062572425
13 0.6932755775577558 0.49729625337968325 0.02433993399339934 0.021243723445345693
1 0.6893564356435644 0.3375820780224025 0.023102310231023104 0.021629972962533797
1 0.485973597359736 0.5278099652375434 0.02145214521452145 0.023561220548474315
1 0.7192656765676567 0.2025878717651603 0.026815181518151817 0.025106218617226728
7 0.7491749174917491 0.4152182309772113 0.03712871287128713 0.02085747392815759
13 0.7766089108910891 0.6058323677095404 0.02929042904290429 0.023561220548474315
3 0.27825907590759075 0.21263035921205098 0.03176567656765677 0.028968713789107762
21 0.5979785478547854 0.2325222093472383 0.02268976897689769 0.01853997682502897
23 0.516914191419142 0.2317497103128621 0.023102310231023104 0.022402471996910003
8 0.48948019801980197 0.5813055233680958 0.028465346534653466 0.017767477790652762
21 0.5414603960396039 0.6599073001158748 0.023514851485148515 0.025878717651602934
1 0.7735148514851485 0.3601776747779065 0.023102310231023104 0.020471224410969487
7 0.48184818481848185 0.2885283893395133 0.038778877887788776 0.02008497489378138
22 0.5658003300330033 0.34028582464271917 0.014438943894389438 0.02008497489378138
6 0.7642326732673267 0.20065662417921978 0.02599009900990099 0.025106218617226728
1 0.5146452145214522 0.25917342603321747 0.020214521452145216 0.022402471996910003
14 0.5517739273927392 0.5552336809578988 0.02268976897689769 0.021243723445345693
6 0.21122112211221122 0.32560834298957125 0.019801980198019802 0.02085747392815759
6 0.20606435643564355 0.3794901506373117 0.026815181518151817 0.023561220548474315
23 0.6753300330033003 0.3903051371185786 0.020627062706270627 0.022788721514098106
22 0.7066831683168316 0.33603707995365006 0.011551155115511552 0.021629972962533797
16 0.7522689768976898 0.2566628041714948 0.02929042904290429 0.021243723445345693
23 0.6367574257425742 0.6058323677095404 0.019389438943894388 0.019698725376593278
5 0.46534653465346537 0.5822711471610661 0.02145214521452145 0.01892622634221707
13 0.5352722772277227 0.5832367709540363 0.02599009900990099 0.019312475859405175
1 0.3170379537953795 0.23908845113943608 0.021864686468646866 0.023174971031286212
10 0.21802805280528054 0.30030899961375046 0.02433993399339934 0.023561220548474315
12 0.772483498349835 0.6537273078408652 0.01773927392739274 0.018153727307840865
22 0.616542904290429 0.47257628427964465 0.013613861386138614 0.0220162224797219
23 0.5278465346534653 0.41734260332174583 0.019389438943894388 0.01892622634221707
3 0.7508250825082509 0.283700270374662 0.02557755775577558 0.020471224410969487
2 0.7518564356435644 0.3611432985708768 0.026815181518151817 0.023174971031286212
6 0.7246287128712872 0.6274623406720742 0.02268976897689769 0.020471224410969487
5 0.47545379537953797 0.23271533410583237 0.01608910891089109 0.019698725376593278
22 0.4350247524752475 0.3153727307840865 0.011963696369636964 0.019698725376593278
14 0.3193069306930693 0.39358825801467745 0.02145214521452145 0.02394747006566242
11 0.5604372937293729 0.39165701042873696 0.02929042904290429 0.02394747006566242
21 0.6208745874587459 0.5809192738509077 0.024752475247524754 0.022402471996910003
16 0.45235148514851486 0.41734260332174583 0.02599009900990099 0.022788721514098106
14 0.633457095709571 0.44341444573194283 0.019389438943894388 0.022402471996910003
23 0.6747112211221122 0.6067979915025106 0.015264026402640265 0.022402471996910003
11 0.2306105610561056 0.2157203553495558 0.033003300330033 0.028968713789107762
17 0.5354785478547854 0.31672460409424485 0.02145214521452145 0.023174971031286212
22 0.5781765676567657 0.5803398995751256 0.014438943894389438 0.019698725376593278
5 0.4738036303630363 0.20645036693704133 0.023514851485148515 0.02433371958285052
3 0.2908415841584158 0.4109694862881421 0.014026402640264026 0.02858246427191966
13 0.12314356435643564 0.22228659714175356 0.036716171617161716 0.025106218617226728
17 0.6996699669966997 0.4681344148319814 0.02557755775577558 0.026264967168791037
22 0.35457920792079206 0.4206257242178447 0.010313531353135313 0.022402471996910003
13 0.8327145214521452 0.3586326767091541 0.02268976897689769 0.021243723445345693
5 0.5726072607260726 0.3146002317497103 0.019801980198019802 0.021243723445345693
8 0.47854785478547857 0.41772885283893396 0.027227722772277228 0.023561220548474315
23 0.5492986798679867 0.2041328698339127 0.02103960396039604 0.021243723445345693
22 0.5851897689768977 0.2593665507918115 0.01278877887788779 0.0220162224797219
5 0.6223184818481848 0.26033217458478175 0.02103960396039604 0.01853997682502897
22 0.37314356435643564 0.5270374662031673 0.011138613861386138 0.022788721514098106
6 0.4381188118811881 0.47431440710699113 0.022277227722772276 0.021629972962533797
1 0.34364686468646866 0.4466975666280417 0.027227722772277228 0.020471224410969487
21 0.6879125412541254 0.23117033603707995 0.021864686468646866 0.021243723445345693
5 0.24236798679867988 0.37717265353418306 0.03094059405940594 0.025106218617226728
5 0.28754125412541254 0.23908845113943608 0.018151815181518153 0.021629972962533797
3 0.2669141914191419 0.2414059482425647 0.03052805280528053 0.02085747392815759
6 0.6466584158415841 0.2599459250675937 0.025165016501650164 0.021629972962533797
10 0.7735148514851485 0.22692159134801082 0.018976897689768978 0.025878717651602934
6 0.4511138613861386 0.28794901506373116 0.023514851485148515 0.01892622634221707
21 0.20544554455445546 0.3526458091927385 0.020627062706270627 0.02008497489378138
22 0.5903465346534653 0.5536886828891464 0.011551155115511552 0.019698725376593278
21 0.5981848184818482 0.3636539204325995 0.024752475247524754 0.015063731170336037
9 0.27722772277227725 0.26670529161838546 0.023102310231023104 0.030513711857860178
22 0.6916254125412541 0.39127076091154883 0.01278877887788779 0.02008497489378138
5 0.6175742574257426 0.6069911162611047 0.027227722772277228 0.0220162224797219
22 0.5845709570957096 0.2862108922363847 0.022277227722772276 0.026264967168791037
5 0.39294554455445546 0.20954036307454615 0.026815181518151817 0.023561220548474315
21 0.6949257425742574 0.28563151796060254 0.030115511551155116 0.018153727307840865
23 0.7124587458745875 0.2309772112784859 0.020627062706270627 0.021629972962533797
22 0.5785891089108911 0.36635766705291617 0.01773927392739274 0.021243723445345693
22 0.6493399339933994 0.4157976052529934 0.011551155115511552 0.019698725376593278
21 0.5342409240924092 0.47180378524526845 0.022277227722772276 0.019698725376593278
5 0.4502887788778878 0.4436075704905369 0.016914191419141914 0.022788721514098106
10 0.5602310231023102 0.6338354577056778 0.02145214521452145 0.023174971031286212
22 0.3547854785478548 0.23966782541521822 0.018976897689768978 0.02433371958285052
16 0.5222772277227723 0.20509849362688296 0.02392739273927393 0.023174971031286212
5 0.4042904290429043 0.41714947856315177 0.020627062706270627 0.023174971031286212
17 0.539397689768977 0.63441483198146 0.02599009900990099 0.023561220548474315
21 0.636963696369637 0.6299729625337969 0.02145214521452145 0.035534955581305525
23 0.5907590759075908 0.20278099652375434 0.019801980198019802 0.02394747006566242
6 0.43543729372937295 0.5513711857860177 0.026815181518151817 0.022788721514098106
22 0.320957095709571 0.2655465430668212 0.01485148514851485 0.020471224410969487
5 0.3424092409240924 0.3677095403630745 0.019801980198019802 0.01853997682502897
22 0.7920792079207921 0.3601776747779065 0.013201320132013201 0.020471224410969487
1 0.4148102310231023 0.47296253379683273 0.01608910891089109 0.021243723445345693
21 0.7504125412541254 0.5797605252993434 0.02145214521452145 0.02085747392815759
5 0.5381600660066007 0.5278099652375434 0.023514851485148515 0.02433371958285052
1 0.3285891089108911 0.3194283507145616 0.02929042904290429 0.024719969100038625
3 0.5377475247524752 0.2902665121668598 0.026815181518151817 0.0220162224797219
6 0.38015676567656764 0.3675164156044805 0.020214521452145216 0.019698725376593278
23 0.655940594059406 0.634028582464272 0.022277227722772276 0.025106218617226728
11 0.5981848184818482 0.5797605252993434 0.02557755775577558 0.021629972962533797
13 0.5899339933993399 0.6067979915025106 0.028052805280528052 0.023174971031286212
5 0.39603960396039606 0.2614909231363461 0.019801980198019802 0.02008497489378138
1 0.4783415841584158 0.5542680571649286 0.025165016501650164 0.021629972962533797
22 0.7312293729372937 0.5805330243337196 0.015264026402640265 0.022402471996910003
8 0.37933168316831684 0.41850135187331017 0.02764026402640264 0.023561220548474315
6 0.45936468646864687 0.26110467361915796 0.030115511551155116 0.02085747392815759
17 0.6188118811881188 0.660486674391657 0.027227722772277228 0.022402471996910003
13 0.5103135313531353 0.4716106604866744 0.028877887788778877 0.021629972962533797
13 0.28816006600660066 0.3489764387794515 0.030115511551155116 0.026651216685979143
5 0.47545379537953797 0.4727694090382387 0.02103960396039604 0.021629972962533797
7 0.6252062706270627 0.526264967168791 0.03259075907590759 0.021243723445345693
16 0.7262788778877888 0.31073773657782927 0.02433993399339934 0.01892622634221707
22 0.5094884488448845 0.34047894940131324 0.011551155115511552 0.020471224410969487
6 0.5532178217821783 0.4447663190421012 0.020627062706270627 0.021243723445345693
22 0.7027640264026402 0.4420625724217845 0.014438943894389438 0.019698725376593278
13 0.4311056105610561 0.36635766705291617 0.02557755775577558 0.01892622634221707
0 0.5942656765676567 0.4430281962147547 0.02268976897689769 0.022402471996910003
5 0.5742574257425742 0.5546543066821167 0.023102310231023104 0.022402471996910003
16 0.3789191419141914 0.4992275009656238 0.02268976897689769 0.0220162224797219
23 0.7580445544554456 0.4671687910390112 0.02268976897689769 0.022788721514098106
21 0.6555280528052805 0.36326767091541134 0.02557755775577558 0.01892622634221707
8 0.2229785478547855 0.24237157203553494 0.03094059405940594 0.021243723445345693
1 0.5270214521452146 0.5 0.020214521452145216 0.021243723445345693
14 0.7194719471947195 0.6058323677095404 0.020627062706270627 0.020471224410969487
8 0.5113448844884488 0.5268443414445731 0.030115511551155116 0.023174971031286212
5 0.6181930693069307 0.4447663190421012 0.01608910891089109 0.020471224410969487
10 0.5464108910891089 0.6112398609501738 0.02929042904290429 0.022788721514098106
5 0.3826320132013201 0.3418308227114716 0.018564356435643563 0.02008497489378138
3 0.4102722772277228 0.2093472383159521 0.021864686468646866 0.027809965237543453
23 0.34014026402640263 0.26516029354963305 0.01608910891089109 0.01738122827346466
3 0.655940594059406 0.4976825028968714 0.023102310231023104 0.01892622634221707
1 0.4127475247524752 0.23522595596755505 0.02268976897689769 0.02085747392815759
22 0.5835396039603961 0.3922363847045191 0.01608910891089109 0.021243723445345693
16 0.48184818481848185 0.3914638856701429 0.02557755775577558 0.022788721514098106
3 0.5829207920792079 0.47180378524526845 0.023102310231023104 0.0220162224797219
13 0.6547029702970297 0.46948628814213983 0.023102310231023104 0.022788721514098106
1 0.26093234323432346 0.2970258787176516 0.020214521452145216 0.023174971031286212
1 0.6652227722772277 0.26091154886056395 0.020214521452145216 0.022788721514098106
7 0.7343234323432344 0.33565083043646193 0.036303630363036306 0.01853997682502897
5 0.297029702970297 0.21069911162611046 0.02392739273927393 0.025106218617226728
1 0.5061881188118812 0.3653920432599459 0.024752475247524754 0.021629972962533797
13 0.5014438943894389 0.49980687524140593 0.026815181518151817 0.02085747392815759
10 0.5839521452145214 0.34047894940131324 0.02103960396039604 0.0220162224797219
13 0.5585808580858086 0.47180378524526845 0.027227722772277228 0.01892622634221707
16 0.1941006600660066 0.24584781769022787 0.026815181518151817 0.025106218617226728
8 0.4476072607260726 0.5 0.0297029702970297 0.020471224410969487
20 0.3721122112211221 0.5534955581305523 0.033003300330033 0.02858246427191966
1 0.6349009900990099 0.4714175357280803 0.018976897689768978 0.021243723445345693
22 0.3533415841584158 0.26438779451525685 0.01278877887788779 0.01738122827346466
5 0.4275990099009901 0.20645036693704133 0.023514851485148515 0.02433371958285052
11 0.5952970297029703 0.31440710699111624 0.026402640264026403 0.02008497489378138
7 0.3958333333333333 0.5254924681344149 0.03176567656765677 0.020471224410969487
21 0.47504125412541254 0.500193124758594 0.025165016501650164 0.02085747392815759
5 0.4577145214521452 0.5534955581305523 0.019389438943894388 0.02008497489378138
14 0.6610973597359736 0.28640401699497875 0.03094059405940594 0.02433371958285052
23 0.6883250825082509 0.4422556971803785 0.015264026402640265 0.016222479721900347
0 0.42553630363036304 0.41811510235612204 0.02433993399339934 0.022788721514098106
1 0.5608498349834984 0.5824642719196601 0.02268976897689769 0.02008497489378138
23 0.1705858085808581 0.35573580533024335 0.016914191419141914 0.02085747392815759
19 0.5270214521452146 0.3406720741599073 0.02268976897689769 0.02008497489378138
23 0.1870874587458746 0.2746234067207416 0.03259075907590759 0.026264967168791037
5 0.621493399339934 0.4974893781382773 0.01773927392739274 0.01853997682502897
17 0.2037953795379538 0.2149478563151796 0.020627062706270627 0.02742371572035535
1 0.6023102310231023 0.4714175357280803 0.019801980198019802 0.02433371958285052
3 0.18564356435643564 0.3530320587099266 0.018151815181518153 0.02085747392815759
16 0.7421617161716172 0.6282348397064503 0.026402640264026403 0.025878717651602934
13 0.3910891089108911 0.23522595596755505 0.024752475247524754 0.02085747392815759
13 0.591996699669967 0.5270374662031673 0.0297029702970297 0.022788721514098106
3 0.33663366336633666 0.4198532251834685 0.018151815181518153 0.022402471996910003
9 0.16274752475247525 0.24700656624179218 0.02929042904290429 0.028968713789107762
17 0.18254950495049505 0.3831595210505987 0.026815181518151817 0.03398995751255311
1 0.7382425742574258 0.4679412900733874 0.021864686468646866 0.0220162224797219
21 0.6524339933993399 0.4420625724217845 0.018564356435643563 0.019698725376593278
13 0.781559405940594 0.41405948242564694 0.02764026402640264 0.023174971031286212
13 0.7677392739273927 0.3335264580919274 0.03052805280528053 0.020471224410969487