21 0.776602176541717 0.42378472222222224 0.047762998790810154 0.026041666666666668
8 0.4984885126964933 0.8145833333333333 0.05743651753325272 0.02847222222222222
21 0.48881499395405076 0.8512152777777778 0.0501813784764208 0.028125
23 0.6571946795646916 0.7782986111111111 0.04715840386940749 0.025347222222222222
23 0.3004836759371221 0.5973958333333333 0.04353083434099153 0.025347222222222222
5 0.8818016928657799 0.36597222222222225 0.05259975816203143 0.03680555555555556
10 0.43258766626360334 0.5925347222222223 0.03446191051995163 0.025347222222222222
11 0.3975211608222491 0.5333333333333333 0.05380894800483676 0.025694444444444447
5 0.7941354292623941 0.3003472222222222 0.06106408706166868 0.029166666666666667
5 0.6886336154776299 0.5223958333333334 0.05078597339782345 0.028819444444444446
8 0.5377871825876662 0.4338541666666667 0.06348246674727932 0.030208333333333334
13 0.465235792019347 0.7536458333333333 0.05259975816203143 0.027430555555555555
5 0.5377871825876662 0.37222222222222223 0.051390568319226115 0.025694444444444447
23 0.849758162031439 0.17118055555555556 0.044135429262394194 0.02777777777777778
13 0.27357920193470375 0.7168402777777778 0.055018137847642076 0.025347222222222222
10 0.555925030229746 0.7527777777777778 0.03808948004836759 0.02777777777777778
13 0.3470374848851269 0.5340277777777778 0.05199516324062878 0.024305555555555556
21 0.5281136638452236 0.5611111111111111 0.051390568319226115 0.027083333333333334
1 0.5764812575574365 0.6199652777777778 0.04171704957678355 0.028125
5 0.14510278113663844 0.7845486111111112 0.053204353083434096 0.04826388888888889
21 0.7345828295042321 0.3657986111111111 0.053204353083434096 0.028125
5 0.8183192261185006 0.45416666666666666 0.04897218863361547 0.02638888888888889
13 0.30713422007255137 0.6539930555555555 0.04836759371221282 0.022569444444444444
19 0.4470979443772672 0.8152777777777778 0.0501813784764208 0.027083333333333334
10 0.6922611850060459 0.30989583333333337 0.03506650544135429 0.026736111111111113
23 0.6844014510278114 0.3701388888888889 0.05199516324062878 0.027083333333333334
23 0.40447400241837966 0.4065972222222222 0.05078597339782345 0.027083333333333334
22 0.5761789600967352 0.7815972222222223 0.03143893591293833 0.02291666666666667
22 0.8564087061668681 0.45381944444444444 0.024788391777509067 0.030555555555555558
5 0.5359733978234582 0.85 0.047762998790810154 0.03125
1 0.7276299879081015 0.7185763888888889 0.047762998790810154 0.03159722222222222
21 0.23155985489721886 0.4105902777777778 0.054413542926239414 0.025347222222222222
13 0.6995163240628779 0.8081597222222222 0.04836759371221282 0.030208333333333334
6 0.6523579201934704 0.6184027777777779 0.054413542926239414 0.02638888888888889
1 0.467956469165659 0.5013888888888889 0.04232164449818621 0.02777777777777778
17 0.7971584038694075 0.4873263888888889 0.046553808948004836 0.028819444444444446
22 0.6444981862152358 0.7175347222222223 0.025392986698911726 0.026736111111111113
20 0.6704957678355502 0.6506944444444445 0.05562273276904474 0.030555555555555558
5 0.7031438935912938 0.7480902777777778 0.045949214026602174 0.026736111111111113
6 0.6865175332527207 0.6835069444444445 0.044135429262394194 0.023958333333333335
5 0.496372430471584 0.40295138888888893 0.05683192261185006 0.023958333333333335
23 0.2654171704957678 0.8140625 0.045949214026602174 0.02326388888888889
11 0.45979443772672307 0.3449652777777778 0.06348246674727932 0.028125
1 0.4486094316807739 0.4053819444444445 0.044740024183796856 0.02465277777777778
10 0.4752116082224909 0.53125 0.02781136638452237 0.02638888888888889
6 0.37847642079806526 0.6239583333333334 0.04715840386940749 0.02638888888888889
12 0.7905078597339782 0.17430555555555557 0.055018137847642076 0.030555555555555558
5 0.39419588875453443 0.5939236111111111 0.044740024183796856 0.028125
7 0.2902055622732769 0.34913194444444445 0.07134220072551391 0.02465277777777778
11 0.689540507859734 0.17690972222222223 0.05864570737605804 0.02326388888888889
10 0.7551390568319226 0.6137152777777778 0.04353083434099153 0.028819444444444446
14 0.2832527206771463 0.78125 0.0501813784764208 0.030555555555555558
20 0.5117896009673518 0.7543402777777778 0.055018137847642076 0.023958333333333335
5 0.5145102781136638 0.5310763888888889 0.045949214026602174 0.02465277777777778
5 0.6420798065296252 0.6855902777777778 0.053204353083434096 0.025347222222222222
1 0.40538089480048367 0.8133680555555556 0.055018137847642076 0.027430555555555555
13 0.47672309552599756 0.6237847222222223 0.05985489721886336 0.02465277777777778
5 0.7088875453446191 0.3375 0.056227327690447394 0.020833333333333336
20 0.4942563482466747 0.5907986111111111 0.05864570737605804 0.023958333333333335
10 0.2593712212817412 0.5362847222222222 0.03143893591293833 0.026736111111111113
6 0.531136638452237 0.6227430555555555 0.05259975816203143 0.028125
6 0.6408706166868198 0.5222222222222223 0.049576783555018135 0.025694444444444447
3 0.6883313180169286 0.3993055555555556 0.055018137847642076 0.025694444444444447
5 0.5519951632406288 0.8166666666666667 0.044740024183796856 0.027083333333333334
17 0.2750906892382104 0.6871527777777778 0.04836759371221282 0.025
16 0.3884522370012092 0.4369791666666667 0.051390568319226115 0.028819444444444446
16 0.4857920193470375 0.4354166666666667 0.04897218863361547 0.02777777777777778
13 0.5867593712212817 0.8413194444444445 0.05743651753325272 0.029166666666666667
3 0.40386940749697703 0.71875 0.05078597339782345 0.03125
1 0.529322853688029 0.6855902777777778 0.05259975816203143 0.027430555555555555
13 0.3564087061668682 0.34774305555555557 0.05864570737605804 0.02465277777777778
13 0.5982466747279322 0.8085069444444445 0.05380894800483676 0.028819444444444446
5 0.4410519951632406 0.5331597222222222 0.044135429262394194 0.026041666666666668
23 0.8189238210399032 0.3355902777777778 0.051390568319226115 0.026736111111111113
14 0.6983071342200725 0.5850694444444444 0.04232164449818621 0.024305555555555556
17 0.4096130592503023 0.3458333333333333 0.046553808948004836 0.027083333333333334
11 0.7342805320435308 0.8416666666666667 0.05259975816203143 0.025694444444444447
21 0.5111850060459492 0.3435763888888889 0.051390568319226115 0.021180555555555557
22 0.5039298669891172 0.4994791666666667 0.027206771463119707 0.028125
13 0.5776904474002418 0.5578125 0.056227327690447394 0.027430555555555555
23 0.4501209189842805 0.4699652777777778 0.051390568319226115 0.02465277777777778
21 0.42865779927448605 0.6229166666666667 0.05562273276904474 0.025
6 0.3503627569528416 0.8145833333333333 0.051390568319226115 0.02291666666666667
1 0.3032043530834341 0.8125 0.04534461910519951 0.02361111111111111
23 0.6103385731559855 0.7772569444444445 0.047762998790810154 0.026041666666666668
19 0.38754534461910517 0.5631944444444444 0.049576783555018135 0.02361111111111111
21 0.74093107617896 0.8093750000000001 0.035671100362756954 0.029861111111111113
8 0.6487303506650544 0.7486111111111111 0.06287787182587666 0.02777777777777778
16 0.4226118500604595 0.375 0.06045949214026602 0.025
9 0.4401451027811366 0.31302083333333336 0.0652962515114873 0.033680555555555554
21 0.6499395405078597 0.8085069444444445 0.054413542926239414 0.025347222222222222
16 0.5498790810157195 0.5881944444444445 0.05743651753325272 0.025
21 0.4951632406287787 0.3105902777777778 0.054413542926239414 0.03090277777777778
5 0.6508464328899637 0.3104166666666667 0.0501813784764208 0.025694444444444447
5 0.371825876662636 0.5038194444444445 0.044740024183796856 0.025
6 0.21674727932285368 0.44114583333333335 0.04534461910519951 0.025347222222222222
4 0.845223700120919 0.4871527777777778 0.04715840386940749 0.029861111111111113
21 0.7418379685610641 0.7496527777777778 0.03385731559854897 0.03333333333333333
11 0.28174123337363965 0.3784722222222222 0.044740024183796856 0.025
21 0.2971584038694075 0.5345486111111112 0.0501813784764208 0.02326388888888889
5 0.22279322853688027 0.8501736111111111 0.042926239419588876 0.02951388888888889
5 0.402055622732769 0.4703125 0.04836759371221282 0.027430555555555555
3 0.8304111245465537 0.5437500000000001 0.051390568319226115 0.029861111111111113
0 0.6061064087061668 0.5878472222222223 0.056227327690447394 0.029166666666666667
23 0.3301088270858525 0.5029513888888889 0.044740024183796856 0.026041666666666668
5 0.7663240628778718 0.3357638888888889 0.0501813784764208 0.025
22 0.4873035066505441 0.46770833333333334 0.016928657799274487 0.02777777777777778
19 0.4531438935912938 0.6567708333333333 0.04897218863361547 0.02951388888888889
5 0.23548972188633616 0.378125 0.046553808948004836 0.02777777777777778
21 0.3926844014510278 0.31475694444444446 0.0501813784764208 0.027430555555555555
21 0.6166868198307134 0.6524305555555556 0.054413542926239414 0.027083333333333334
21 0.2714631197097944 0.5649305555555556 0.04836759371221282 0.025694444444444447
21 0.6390568319226119 0.37204861111111115 0.05078597339782345 0.025347222222222222
5 0.2412333736396614 0.78125 0.053204353083434096 0.03125
5 0.8298065296251511 0.39114583333333336 0.051390568319226115 0.026736111111111113
0 0.7315598548972189 0.5512152777777778 0.04836759371221282 0.028819444444444446
20 0.4525392986698912 0.6868055555555556 0.05259975816203143 0.025
14 0.2762998790810157 0.4118055555555556 0.04232164449818621 0.025
6 0.29443772672309554 0.6255208333333333 0.05078597339782345 0.026736111111111113
10 0.5547158403869408 0.5255208333333333 0.047762998790810154 0.025347222222222222
14 0.683192261185006 0.5545138888888889 0.05078597339782345 0.025
12 0.6862152357920193 0.7180555555555556 0.05683192261185006 0.02777777777777778
7 0.33796856106408707 0.7805555555555556 0.07013301088270858 0.027083333333333334
11 0.3298065296251511 0.6890625 0.05259975816203143 0.028819444444444446
8 0.08524788391777509 0.7918402777777778 0.09068923821039902 0.044097222222222225
5 0.35610640870616683 0.6569444444444444 0.054413542926239414 0.027083333333333334
21 0.594316807738815 0.7484375 0.04353083434099153 0.028819444444444446
10 0.7379081015719468 0.4310763888888889 0.03808948004836759 0.026736111111111113
1 0.2617896009673519 0.6560763888888889 0.04715840386940749 0.023958333333333335
22 0.720677146311971 0.5211805555555555 0.03143893591293833 0.03125
13 0.6396614268440145 0.4027777777777778 0.0592503022974607 0.02361111111111111
16 0.6345223700120919 0.5555555555555556 0.05743651753325272 0.025694444444444447
14 0.6565900846432889 0.3420138888888889 0.044740024183796856 0.024305555555555556
5 0.32376058041112454 0.4078125 0.046553808948004836 0.026041666666666668
22 0.45918984280532044 0.5923611111111111 0.022370012091898428 0.024305555555555556
1 0.42533252720677145 0.7539930555555556 0.039298669891172915 0.027430555555555555
5 0.5583434099153567 0.7223958333333333 0.04534461910519951 0.026736111111111113
5 0.3893591293833132 0.6895833333333333 0.06287787182587666 0.024305555555555556
14 0.4939540507859734 0.7829861111111112 0.04353083434099153 0.02291666666666667
22 0.7094921402660217 0.6510416666666667 0.024788391777509067 0.03125
8 0.48155985489721886 0.3741319444444445 0.056227327690447394 0.02326388888888889
6 0.3343409915356711 0.4388888888888889 0.04836759371221282 0.027083333333333334
13 0.19105199516324062 0.7828125 0.054413542926239414 0.033680555555555554
22 0.8155985489721886 0.4234375 0.02418379685610641 0.028819444444444446
23 0.7850665054413543 0.3949652777777778 0.04897218863361547 0.02326388888888889
17 0.5075574365175333 0.7213541666666667 0.0501813784764208 0.028819444444444446
23 0.4068923821039903 0.654513888888889 0.05199516324062878 0.029861111111111113
3 0.6378476420798065 0.8409722222222222 0.03990326481257557 0.03263888888888889
23 0.34582829504232165 0.5621527777777778 0.041112454655380895 0.025694444444444447
21 0.7421402660217654 0.17378472222222222 0.042926239419588876 0.028819444444444446
10 0.4939540507859734 0.6861111111111111 0.03022974607013301 0.02777777777777778
12 0.717956469165659 0.2711805555555556 0.06469165659008463 0.021527777777777778
1 0.7348851269649335 0.39913194444444444 0.05259975816203143 0.026736111111111113
22 0.308645707376058 0.565625 0.027206771463119707 0.02638888888888889
7 0.33645707376058037 0.7161458333333334 0.0683192261185006 0.03229166666666667
3 0.5532043530834341 0.6569444444444444 0.05199516324062878 0.03194444444444445
10 0.45072551390568316 0.849826388888889 0.03446191051995163 0.026041666666666668
13 0.5668077388149939 0.3440972222222222 0.055018137847642076 0.027083333333333334
5 0.7348851269649335 0.5817708333333333 0.044135429262394194 0.028819444444444446
21 0.21856106408706166 0.8164930555555556 0.046553808948004836 0.028125
5 0.7829504232164449 0.5477430555555556 0.03990326481257557 0.028125
3 0.3675937122128174 0.8491319444444445 0.058041112454655375 0.026736111111111113
16 0.7037484885126964 0.6159722222222223 0.05562273276904474 0.030555555555555558
5 0.21704957678355502 0.5631944444444444 0.058041112454655375 0.03263888888888889
10 0.3564087061668682 0.46979166666666666 0.03446191051995163 0.029861111111111113
7 0.248186215235792 0.5956597222222223 0.062273276904474 0.026041666666666668
5 0.5018137847642079 0.6520833333333333 0.05199516324062878 0.02291666666666667
7 0.2708585247883918 0.4401041666666667 0.07376058041112454 0.02326388888888889
8 0.5900846432889963 0.685763888888889 0.05078597339782345 0.02361111111111111
3 0.4226118500604595 0.5010416666666667 0.058041112454655375 0.025
5 0.6977025392986699 0.43125 0.04836759371221282 0.024305555555555556
13 0.6021765417170496 0.7178819444444444 0.054413542926239414 0.028125
21 0.46311970979443773 0.7215277777777778 0.05078597339782345 0.02777777777777778
1 0.779322853688029 0.45416666666666666 0.037484885126964934 0.02291666666666667
5 0.3304111245465538 0.3782986111111111 0.04897218863361547 0.026736111111111113
5 0.7055622732769045 0.7762152777777778 0.04715840386940749 0.025347222222222222
1 0.33645707376058037 0.6251736111111111 0.04171704957678355 0.023958333333333335
5 0.2469770253929867 0.6272569444444445 0.04534461910519951 0.030208333333333334
23 0.43772672309552596 0.4387152777777778 0.05562273276904474 0.02951388888888889
5 0.43651753325272064 0.5619791666666667 0.045949214026602174 0.025347222222222222
21 0.7357920193470374 0.30659722222222224 0.054413542926239414 0.027083333333333334
16 0.5396009673518742 0.4980902777777778 0.047762998790810154 0.028819444444444446
3 0.646614268440145 0.4354166666666667 0.06106408706166868 0.02638888888888889
1 0.7285368802902056 0.6847222222222222 0.04715840386940749 0.02777777777777778
20 0.4809552599758162 0.5623263888888889 0.06106408706166868 0.028125
20 0.8270858524788391 0.3625 0.04715840386940749 0.027083333333333334
11 0.34824667472793225 0.5932291666666667 0.05562273276904474 0.021875000000000002
13 0.40447400241837966 0.7835069444444445 0.05683192261185006 0.026736111111111113
22 0.6103385731559855 0.6215277777777778 0.024788391777509067 0.03125
14 0.5356711003627569 0.7829861111111112 0.05078597339782345 0.025694444444444447
9 0.3210399032648126 0.47222222222222227 0.06287787182587666 0.0375
5 0.6590084643288996 0.5864583333333333 0.053204353083434096 0.027083333333333334
11 0.30985489721886333 0.8487847222222222 0.05743651753325272 0.026736111111111113
13 0.5250906892382103 0.46892361111111114 0.0501813784764208 0.027430555555555555
5 0.22490931076178958 0.5371527777777778 0.03869407496977025 0.02777777777777778
1 0.6810761789600968 0.8418402777777778 0.05259975816203143 0.03090277777777778
1 0.26148730350665056 0.8506944444444445 0.042926239419588876 0.027083333333333334
6 0.5504836759371221 0.40295138888888893 0.05743651753325272 0.02326388888888889
17 0.7835550181378476 0.3619791666666667 0.04836759371221282 0.026041666666666668
5 0.4141475211608222 0.8487847222222222 0.05199516324062878 0.026736111111111113
10 0.3721281741233374 0.3762152777777778 0.03808948004836759 0.027430555555555555
5 0.4558645707376058 0.7821180555555556 0.045949214026602174 0.023958333333333335