1 0.44438181134911686 0.6112344582593251 0.026681698609545283 0.051953818827708706
3 0.23280721533258172 0.4649200710479574 0.02818489289740699 0.03996447602131439
14 0.6095452837279218 0.2968472468916519 0.03231867718902668 0.04573712255772647
17 0.3075911311537016 0.36567495559502666 0.027433295753476136 0.04662522202486679
6 0.3177376925967681 0.4127442273534636 0.030439684329199548 0.04396092362344583
1 0.5928222472754603 0.80550621669627 0.03720405862457722 0.056838365896980464
13 0.44419391206313413 0.7102575488454708 0.038331454340473504 0.04662522202486679
1 0.3045847425779782 0.46758436944937837 0.026681698609545283 0.04440497335701599
22 0.5531754979331078 0.35457371225577267 0.021796317173994738 0.047513321492007106
10 0.7328072153325818 0.45981349911190056 0.03757985719654265 0.05994671403197158
6 0.6414881623449831 0.4493783303730018 0.03307027433295753 0.04262877442273535
5 0.41431792559188274 0.7113676731793961 0.02818489289740699 0.04440497335701599
21 0.7538519353626456 0.24622557726465366 0.029312288613303268 0.04396092362344583
21 0.44889139421270197 0.6605239786856129 0.03344607290492296 0.043072824156305506
11 0.22754603532506576 0.41474245115452935 0.0326944757609921 0.04440497335701599
7 0.1730552423900789 0.6012433392539964 0.035700864336715515 0.04085257548845471
1 0.17474633596392333 0.411190053285968 0.03532506576475009 0.04706927175843695
11 0.6623449830890642 0.3952042628774423 0.03945885005636979 0.04884547069271759
6 0.6529500187899285 0.9487122557726466 0.03419767004885381 0.051953818827708706
1 0.4889139421270199 0.7579928952042629 0.027809094325441562 0.05328596802841919
3 0.3047726418639609 0.7730905861456483 0.033821871476888386 0.04706927175843695
14 0.5627583615182262 0.24578152753108348 0.029688087185268695 0.038632326820603906
1 0.338782412626832 0.7129218472468917 0.02818489289740699 0.047513321492007106
9 0.5543028936490041 0.1352131438721137 0.03908305148440436 0.05905861456483126
5 0.7065013152950018 0.2435612788632327 0.027809094325441562 0.04573712255772647
10 0.5221721157459601 0.6509769094138543 0.019165727170236752 0.04440497335701599
1 0.4265313791807591 0.8170515097690941 0.029312288613303268 0.04440497335701599
16 0.6232619316046599 0.13432504440497336 0.03870725291243893 0.047513321492007106
6 0.4949267192784667 0.9051953818827709 0.029312288613303268 0.03952042628774423
13 0.45340097707628707 0.03885435168738899 0.03419767004885381 0.05017761989342807
16 0.4763246899661781 0.8086145648312612 0.035700864336715515 0.041740674955595025
16 0.43291995490417134 0.8576820603907638 0.03231867718902668 0.03507992895204263
16 0.3100338218714769 0.8146092362344582 0.030815482901164974 0.05284191829484902
22 0.6341600901916572 0.2981793960923624 0.0184141300263059 0.043072824156305506
1 0.6645997745208568 0.4482682060390764 0.024426907177752723 0.053730017761989345
22 0.4225854941751221 0.5621669626998224 0.0184141300263059 0.04884547069271759
17 0.5368282600526117 0.8605683836589698 0.03419767004885381 0.059502664298401425
17 0.20668921458098458 0.463809946714032 0.03532506576475009 0.049289520426287745
1 0.442314919203307 0.2513321492007105 0.026305900037579856 0.04262877442273535
21 0.5984592258549417 0.9074156305506217 0.030439684329199548 0.047513321492007106
9 0.6734310409620443 0.24733570159857904 0.03908305148440436 0.050621669626998225
3 0.33258173618940245 0.6640763765541741 0.023299511461856444 0.043072824156305506
14 0.6614054866591507 0.29484902309058614 0.03231867718902668 0.03818827708703375
10 0.7305524239007891 0.24511545293072826 0.021044720030063885 0.046181172291296625
14 0.46279594137542274 0.761101243339254 0.026681698609545283 0.05150976909413855
13 0.7878617061255166 0.602575488454707 0.036452461480646375 0.052397868561278864
22 0.5783540022547914 0.1336589698046181 0.012777151446824501 0.05328596802841919
13 0.6242014280345735 0.8994227353463589 0.029312288613303268 0.04129662522202487
14 0.593010146561443 0.13587921847246892 0.024051108605787297 0.055062166962699825
22 0.6768132281097331 0.44338365896980464 0.021796317173994738 0.044849023090586145
8 0.6362269823374671 0.19427175843694494 0.04735062006764374 0.04573712255772647
1 0.34892897406989853 0.8208259325044406 0.0326944757609921 0.04573712255772647
5 0.3432919954904171 0.7690941385435169 0.0311912814731304 0.050621669626998225
14 0.33709131905298756 0.4698046181172291 0.0368282600526118 0.04884547069271759
8 0.3878241262683202 0.8181616341030196 0.04284103720405862 0.04218472468916519
23 0.48384066140548665 0.8565719360568383 0.02818489289740699 0.041740674955595025
10 0.2566704246523863 0.6680728241563055 0.01728673431040962 0.049289520426287745
10 0.285043216835776 0.5188721136767318 0.022172115745960164 0.04396092362344583
13 0.39665539270950767 0.5643872113676732 0.03344607290492296 0.04440497335701599
3 0.44870349492671924 0.8143872113676732 0.028560691469372415 0.03641207815275311
21 0.46148064637354375 0.8561278863232682 0.025554302893649003 0.04351687388987567
13 0.2782788425403983 0.3678952042628775 0.03870725291243893 0.04218472468916519
13 0.48384066140548665 0.7058170515097691 0.03870725291243893 0.04662522202486679
21 0.6086057872980083 0.7484458259325044 0.03795565576850808 0.04662522202486679
21 0.534761367906802 0.30350799289520425 0.02480270574971815 0.03952042628774423
22 0.5695227358136039 0.6465364120781528 0.022923712889891017 0.050621669626998225
8 0.769259676813228 0.2981793960923624 0.03757985719654265 0.047513321492007106
8 0.652010522360015 0.8059502664298401 0.036076662908680945 0.052397868561278864
16 0.769259676813228 0.44338365896980464 0.030815482901164974 0.03596802841918295
20 0.26907177752724537 0.5617229129662522 0.040586245772266064 0.04085257548845471
14 0.4990605035700864 0.24844582593250444 0.03006388575723412 0.03952042628774423
6 0.5824877865464111 0.6991563055062168 0.029312288613303268 0.04573712255772647
13 0.5668921458098459 0.91651865008881 0.03795565576850808 0.047957371225577264
13 0.5860578729800826 0.40230905861456484 0.040210447200300634 0.05150976909413855
22 0.3032694475760992 0.6123445825932504 0.018789928598271326 0.04973357015985791
5 0.5403983464862834 0.04040852575488455 0.03231867718902668 0.03996447602131439
5 0.5325065764750093 0.8050621669626998 0.03006388575723412 0.046181172291296625
3 0.42333709131905295 0.09103019538188277 0.02818489289740699 0.03907637655417407
3 0.6136790680195415 0.8543516873889876 0.030815482901164974 0.03996447602131439
1 0.6918451709883502 0.4009769094138544 0.03231867718902668 0.047957371225577264
10 0.3632093198045847 0.7126998223801067 0.016910935738444193 0.04884547069271759
1 0.5924464487034949 0.8574600355239788 0.03419767004885381 0.04973357015985791
3 0.36358511837655016 0.8650088809946714 0.0424652386320932 0.02930728241563055
21 0.739195791055994 0.2955150976909414 0.026305900037579856 0.03774422735346359
1 0.6999248402856069 0.4482682060390764 0.030439684329199548 0.04840142095914743
13 0.7271702367531003 0.19227353463587923 0.0368282600526118 0.04351687388987567
8 0.48271326568959033 0.09147424511545293 0.04547162720781661 0.046181172291296625
0 0.4022923712889891 0.7635435168738899 0.03419767004885381 0.04662522202486679
5 0.3641488162344983 0.5148756660746003 0.03006388575723412 0.047513321492007106
21 0.5475385193536264 0.19560390763765542 0.03156708004509583 0.04129662522202487
21 0.5584366779406238 0.747113676731794 0.028560691469372415 0.047513321492007106
17 0.3842540398346486 0.6147868561278863 0.029688087185268695 0.04840142095914743
13 0.34366779406238257 0.3692273534635879 0.03945885005636979 0.04129662522202487
0 0.4192033070274333 0.2004884547069272 0.024426907177752723 0.04396092362344583
12 0.38613303269447574 0.7118117229129662 0.024426907177752723 0.047957371225577264
23 0.19917324314167606 0.4105239786856128 0.02254791431792559 0.05284191829484902
21 0.7487786546411124 0.5255328596802842 0.03344607290492296 0.056394316163410306
23 0.6335963923337091 0.24489342806394318 0.021796317173994738 0.03952042628774423
21 0.6170612551672303 0.3947602131438721 0.025554302893649003 0.05595026642984014
20 0.5777903043968433 0.1949378330373002 0.03494926719278467 0.046181172291296625
23 0.5439684329199549 0.6978241563055062 0.022172115745960164 0.03774422735346359
1 0.7465238632093197 0.3994227353463588 0.02818489289740699 0.05017761989342807
6 0.559000375798572 0.8070603907637656 0.030439684329199548 0.051953818827708706
1 0.6833897031191282 0.9533747779751333 0.030439684329199548 0.059502664298401425
16 0.5174746335963923 0.6982682060390764 0.03757985719654265 0.04129662522202487
13 0.7857948139797069 0.24289520426287745 0.0368282600526118 0.04440497335701599
5 0.3045847425779782 0.5646092362344582 0.03419767004885381 0.04662522202486679
17 0.41882750845546785 0.1396536412078153 0.025178504321683576 0.04840142095914743
10 0.4227733934611048 0.6627442273534636 0.02254791431792559 0.047513321492007106
21 0.590379556557685 0.24578152753108348 0.029312288613303268 0.03596802841918295
1 0.526869597895528 0.9094138543516874 0.03532506576475009 0.04529307282415631
0 0.4049229612927471 0.8594582593250444 0.03870725291243893 0.030639431616341032
20 0.3090943254415633 0.7142539964476021 0.03344607290492296 0.05017761989342807
20 0.23130402104472003 0.6687388987566608 0.03870725291243893 0.047957371225577264
14 0.4830890642615558 0.30150976909413857 0.0311912814731304 0.04351687388987567
11 0.39609169485155954 0.6651865008880995 0.040586245772266064 0.04351687388987567
23 0.33897031191281474 0.5168738898756661 0.023299511461856444 0.04440497335701599
5 0.5125892521608417 0.08747779751332149 0.03457346862081924 0.04085257548845471
3 0.47519729425028184 0.6607460035523979 0.027433295753476136 0.03907637655417407
10 0.6300263059000375 0.08370337477797514 0.019917324314167605 0.049289520426287745
14 0.4695603156708004 0.24955595026642985 0.030439684329199548 0.04440497335701599
21 0.5804208944006013 0.2988454706927176 0.022923712889891017 0.03996447602131439
23 0.7158962795941375 0.5439609236234458 0.02480270574971815 0.0586145648312611
5 0.4872228485531755 0.04063055062166963 0.03494926719278467 0.04662522202486679
22 0.5610672679443818 0.6960479573712256 0.01503194287861706 0.047513321492007106
1 0.6200676437429538 0.8023978685612789 0.02480270574971815 0.04973357015985791
22 0.29218338970311913 0.41474245115452935 0.015407741450582487 0.04440497335701599
5 0.5522360015031943 0.4016429840142096 0.03344607290492296 0.038632326820603906
10 0.28034573468620816 0.46869449378330375 0.01954152574220218 0.04662522202486679
5 0.49981210071401727 0.6529751332149201 0.025554302893649003 0.038632326820603906
5 0.34892897406989853 0.40697158081705154 0.02818489289740699 0.03952042628774423
16 0.6428034573468621 0.8503552397868561 0.03494926719278467 0.04085257548845471
23 0.2733934611048478 0.413854351687389 0.026681698609545283 0.04706927175843695
9 0.490792934986847 0.14520426287744229 0.03908305148440436 0.06039076376554174
22 0.25272453964674935 0.41407637655417406 0.013152950018789928 0.04662522202486679
5 0.28278842540398347 0.6114564831261101 0.02818489289740699 0.052397868561278864
22 0.6138669673055243 0.24533747779751333 0.01615933859451334 0.038632326820603906
1 0.4481397970687711 0.09214031971580817 0.027433295753476136 0.05017761989342807
7 0.686771890266817 0.1924955595026643 0.05373919579105599 0.04218472468916519
1 0.22021796317173994 0.5159857904085258 0.028560691469372415 0.04973357015985791
5 0.3626456219466366 0.5654973357015985 0.03156708004509583 0.04218472468916519
23 0.20236753100338217 0.5994671403197158 0.02066892145809846 0.04440497335701599
8 0.18620819240886885 0.5148756660746003 0.04171364148816234 0.04573712255772647
16 0.31097331830139047 0.5168738898756661 0.03194287861706126 0.04440497335701599
6 0.2570462232243517 0.5150976909413855 0.03006388575723412 0.04973357015985791
16 0.532130777903044 0.24755772646536414 0.036076662908680945 0.04218472468916519
8 0.521608417888012 0.402753108348135 0.030815482901164974 0.03818827708703375
1 0.5189778278842541 0.35346358792184723 0.03307027433295753 0.04529307282415631
11 0.47745208568207437 0.19626998223801068 0.03870725291243893 0.03730017761989343
22 0.6501315295001878 0.24622557726465366 0.013528748590755355 0.04396092362344583
1 0.6918451709883502 0.2964031971580817 0.02480270574971815 0.04218472468916519
22 0.5567455843667793 0.3006216696269982 0.016910935738444193 0.04085257548845471
0 0.5120255543028936 0.8579040852575489 0.02818489289740699 0.050621669626998225
1 0.6016535137166479 0.19360568383658971 0.025554302893649003 0.04440497335701599
22 0.6354753851935362 0.39986678507992895 0.011273957158962795 0.04573712255772647
7 0.21890266816986095 0.5612788632326821 0.0424652386320932 0.03285968028419183
11 0.8224351747463359 0.23823268206039078 0.03419767004885381 0.04396092362344583
22 0.443630214205186 0.20071047957371227 0.019917324314167605 0.04884547069271759
21 0.6527621195039458 0.07904085257548846 0.0368282600526118 0.04706927175843695
11 0.6024051108605787 0.08148312611012434 0.03307027433295753 0.053730017761989345
10 0.7177752724539647 0.3985346358792185 0.02705749718151071 0.04840142095914743
13 0.5403983464862834 0.08547957371225577 0.03757985719654265 0.04573712255772647
5 0.3605787298008267 0.6645204262877442 0.03194287861706126 0.04396092362344583
8 0.5240511086057873 0.7519982238010657 0.04622322435174746 0.04662522202486679
22 0.4703119128147313 0.9069715808170515 0.017662532882375046 0.038632326820603906
23 0.30947012401352875 0.6658525754884548 0.030439684329199548 0.04396092362344583
12 0.5067643742953777 0.8061722912966253 0.02593010146561443 0.04662522202486679
22 0.5809845922585494 0.75 0.018789928598271326 0.04440497335701599
21 0.3583239383690342 0.6132326820603908 0.030439684329199548 0.04440497335701599
1 0.28166102968808715 0.7118117229129662 0.029688087185268695 0.050621669626998225
6 0.37298008267568583 0.7688721136767318 0.026681698609545283 0.05106571936056838
5 0.8211198797444569 0.6065719360568383 0.03231867718902668 0.06216696269982238
1 0.5206689214580984 0.14209591474245115 0.03194287861706126 0.050621669626998225
1 0.18282600526118 0.46647424511545293 0.0311912814731304 0.05106571936056838
13 0.18752348741074784 0.6707371225577264 0.04509582863585118 0.07149200710479574
1 0.43479894776399847 0.7630994671403197 0.029312288613303268 0.047513321492007106
8 0.4558436677940624 0.14964476021314388 0.040586245772266064 0.04706927175843695
12 0.5672679443818113 0.8612344582593251 0.025178504321683576 0.04396092362344583
22 0.6072904922961293 0.7997335701598579 0.014280345734686208 0.05150976909413855
23 0.41469372416384814 0.6141207815275311 0.03494926719278467 0.04440497335701599
0 0.47876738068395336 0.6134547069271759 0.03307027433295753 0.043072824156305506
3 0.17493423524990603 0.5626110124333925 0.035700864336715515 0.04085257548845471
13 0.7859827132656896 0.5381882770870338 0.03870725291243893 0.05595026642984014
21 0.5101465614430665 0.30150976909413857 0.030439684329199548 0.04085257548845471
16 0.5704622322435174 0.07904085257548846 0.0368282600526118 0.046181172291296625
6 0.5169109357384442 0.04262877442273535 0.036452461480646375 0.04262877442273535
1 0.2564825253664036 0.46558614564831263 0.026681698609545283 0.043072824156305506
21 0.28166102968808715 0.6651865008880995 0.02593010146561443 0.04351687388987567
11 0.5154077414505824 0.1991563055062167 0.040962044344231494 0.043072824156305506
6 0.44381811349116873 0.5588365896980462 0.029312288613303268 0.044849023090586145
3 0.48553175497933104 0.35546181172291297 0.033821871476888386 0.04573712255772647
22 0.7130777903043968 0.29862344582593253 0.014656144306651634 0.04396092362344583
21 0.547162720781661 0.6507548845470693 0.03156708004509583 0.04218472468916519
11 0.32938744832769634 0.6127886323268207 0.03344607290492296 0.04440497335701599
6 0.336151822623074 0.5661634103019538 0.0326944757609921 0.04973357015985791