21 0.40516005733397037 0.3096484667165295 0.021978021978021976 0.028421839940164548
10 0.30482560917343526 0.49850411368735975 0.023889154323936932 0.0456245325355273
1 0.5277114190157668 0.4080029917726253 0.031055900621118012 0.04263275991024682
17 0.7539417104634496 0.8171278982797308 0.026755852842809364 0.04263275991024682
7 0.5482560917343525 0.4465220643231114 0.019589106545628284 0.041884816753926704
3 0.5107501194457716 0.4543754674644727 0.03153368370759675 0.048616305160807775
5 0.3533205924510272 0.5489902767389678 0.0272336359292881 0.03889304412864622
21 0.7295747730530339 0.5037397157816006 0.020066889632107024 0.048616305160807775
3 0.5568561872909699 0.40388930441286464 0.0272336359292881 0.04038893044128646
5 0.6096512183468705 0.2049364248317128 0.0210224558050645 0.03889304412864622
21 0.40062111801242234 0.262528047868362 0.018633540372670808 0.028421839940164548
21 0.34830387004300045 0.21391174270755423 0.018155757286192068 0.029917726252804786
1 0.7470138557095078 0.6013462976813762 0.025322503583373148 0.04038893044128646
10 0.8397037744863831 0.7793567688855647 0.02150023889154324 0.050860134629768135
17 0.4763497372193024 0.3612565445026178 0.025800286669851884 0.05385190725504861
5 0.36454849498327757 0.6424831712789828 0.0210224558050645 0.03889304412864622
10 0.7295747730530339 0.7756170531039641 0.019111323459149544 0.05235602094240838
14 0.7233635929288103 0.17801047120418848 0.023889154323936932 0.03590127150336574
1 0.3401815575728619 0.09050112191473447 0.023889154323936932 0.037397157816005985
13 0.4756330625895843 0.17277486910994763 0.026278069756330624 0.03889304412864622
5 0.342809364548495 0.8668661181750187 0.023411371237458192 0.04487658937920718
23 0.6008122312470138 0.4446522064323111 0.018633540372670808 0.04113687359760658
5 0.9271380793119923 0.2819745699326851 0.025322503583373148 0.037397157816005985
13 0.43478260869565216 0.3029169783096485 0.033444816053511704 0.03590127150336574
9 0.8091256569517439 0.45923709798055345 0.029144768275203056 0.07778608825729244
23 0.39990444338270426 0.5497382198952879 0.023889154323936932 0.04487658937920718
1 0.3010033444816053 0.30927449513836947 0.034400382226469184 0.0381451009723261
5 0.8440038222646918 0.5067314884068811 0.02054467271858576 0.05160807778608826
23 0.6387959866220736 0.6821241585639491 0.023889154323936932 0.04487658937920718
22 0.4187768752986144 0.356394913986537 0.015766841853798376 0.06058339566192969
12 0.7341137123745819 0.26925953627524307 0.02436693741041567 0.0344053851907255
13 0.6091734352603918 0.34928945400149586 0.030578117534639272 0.03590127150336574
22 0.7453416149068323 0.09274495138369483 0.016244624940277112 0.03590127150336574
23 0.6199235547061633 0.4454001495886313 0.022455805064500716 0.033657442034405384
13 0.5367892976588629 0.25579655946148094 0.05590062111801242 0.05385190725504861
20 0.6798853320592451 0.49850411368735975 0.034400382226469184 0.04412864622288706
5 0.2699474438604873 0.49663425579655945 0.021978021978021976 0.04786836200448766
21 0.7771141901576684 0.40463724756918473 0.019589106545628284 0.026925953627524306
8 0.4271380793119923 0.40650710545998503 0.03535594839942666 0.04113687359760658
14 0.666268514094601 0.8616305160807778 0.026278069756330624 0.0344053851907255
1 0.580267558528428 0.3975317875841436 0.0272336359292881 0.033657442034405384
21 0.6392737697085523 0.8223635003739715 0.023889154323936932 0.04113687359760658
11 0.42474916387959866 0.26402393418100223 0.032489249880554225 0.03590127150336574
5 0.6421404682274248 0.40201944652206434 0.025800286669851884 0.04263275991024682
23 0.8502150023889153 0.6383694839192221 0.02436693741041567 0.05011219147344802
3 0.2701863354037267 0.7797307404637247 0.03201146679407549 0.039640987284966345
5 0.3463927376970855 0.7759910246821241 0.019111323459149544 0.04412864622288706
1 0.9462494027711419 0.3739715781600598 0.02818920210224558 0.04786836200448766
20 0.3091256569517439 0.6828721017202692 0.032489249880554225 0.041884816753926704
1 0.7150023889154323 0.2217651458489155 0.02818920210224558 0.035153328347045626
6 0.6951743908265647 0.17614061331338818 0.032489249880554225 0.039640987284966345
10 0.3021978021978022 0.4158563949139865 0.023411371237458192 0.056843679880329095
5 0.6089345437171524 0.25355272999252054 0.023411371237458192 0.041884816753926704
20 0.28547539417104634 0.13350785340314136 0.026278069756330624 0.030665669409124907
0 0.8373148590539895 0.18511593118922962 0.018633540372670808 0.04263275991024682
13 0.6330625895843287 0.29842931937172773 0.036311514572384136 0.04338070306656694
9 0.2704252269469661 0.5452505609573672 0.032489249880554225 0.09424083769633508
21 0.9013377926421404 0.4663425579655946 0.015766841853798376 0.0381451009723261
23 0.7811753463927377 0.18100224382946895 0.0210224558050645 0.037397157816005985
23 0.6684185379837554 0.4023934181002244 0.024844720496894408 0.04487658937920718
13 0.36837075967510746 0.35153328347045626 0.036311514572384136 0.046372475691847416
3 0.7857142857142857 0.3679880329094989 0.031055900621118012 0.0493642483171279
5 0.582178690874343 0.34741959611069556 0.02054467271858576 0.04263275991024682
11 0.6698518872431916 0.6424831712789828 0.033444816053511704 0.04786836200448766
21 0.8516483516483516 0.26925953627524307 0.02436693741041567 0.037397157816005985
22 0.7190635451505016 0.3077786088257292 0.017200191113234592 0.039640987284966345
11 0.9283325370281892 0.5579655946148092 0.034400382226469184 0.041884816753926704
21 0.3031533683707597 0.35153328347045626 0.02054467271858576 0.031413612565445025
3 0.26373626373626374 0.8788332086761406 0.024844720496894408 0.04487658937920718
22 0.4653607262302914 0.5 0.013377926421404682 0.04712041884816754
5 0.3277591973244147 0.4943904263275991 0.022933588150979456 0.041884816753926704
5 0.4171046344959388 0.13089005235602094 0.021978021978021976 0.03889304412864622
10 0.7064022933588151 0.4637247569184742 0.02150023889154324 0.05983545250560957
5 0.9335881509794552 0.32236350037397155 0.021978021978021976 0.04038893044128646
20 0.8155757286192068 0.5575916230366492 0.032489249880554225 0.04113687359760658
10 0.9221213569039656 0.6009723261032162 0.017200191113234592 0.048616305160807775
12 0.3158146201624462 0.17352281226626776 0.016244624940277112 0.03590127150336574
13 0.6868131868131868 0.6768885564697082 0.03678929765886287 0.04487658937920718
16 0.2998088867654085 0.7322363500373972 0.0272336359292881 0.0344053851907255
20 0.4252269469660774 0.08676140613313388 0.02771141901576684 0.037397157816005985
5 0.743191591017678 0.18100224382946895 0.023411371237458192 0.037397157816005985
22 0.28858098423315814 0.4962602842183994 0.020066889632107024 0.04412864622288706
1 0.49307214524605825 0.3107703814510097 0.029622551361681796 0.0456245325355273
23 0.3021978021978022 0.25953627524308154 0.02150023889154324 0.04338070306656694
20 0.40635451505016723 0.6836200448765893 0.03201146679407549 0.037397157816005985
5 0.8031533683707597 0.3081525804038893 0.019111323459149544 0.04038893044128646
10 0.36622073578595316 0.2670157068062827 0.018633540372670808 0.050860134629768135
10 0.3870043000477783 0.31264023934181 0.022933588150979456 0.050860134629768135
13 0.46822742474916385 0.40538519072550483 0.028666985188724316 0.041884816753926704
21 0.8361204013377926 0.22737471952131638 0.018155757286192068 0.0344053851907255
1 0.9326325848064978 0.23261032161555723 0.032489249880554225 0.041884816753926704
17 0.6199235547061633 0.4932685115931189 0.03296703296703297 0.05011219147344802
6 0.4096989966555184 0.2169035153328347 0.031055900621118012 0.037397157816005985
21 0.33755375059722886 0.681002243829469 0.022455805064500716 0.035153328347045626
22 0.28858098423315814 0.6828721017202692 0.016244624940277112 0.050860134629768135
22 0.3597706641184902 0.8676140613313388 0.014333492594362158 0.0493642483171279
3 0.9015766841853798 0.28421839940164545 0.02771141901576684 0.04786836200448766
21 0.8604873387482083 0.7759910246821241 0.022933588150979456 0.04412864622288706
23 0.905637840420449 0.819371727748691 0.025322503583373148 0.04113687359760658
10 0.4985666507405638 0.3668661181750187 0.02436693741041567 0.054599850411368736
5 0.5769230769230769 0.443530291697831 0.030100334448160532 0.03590127150336574
17 0.3681318681318681 0.7382198952879581 0.02818920210224558 0.04786836200448766
5 0.27806975633062586 0.08264771877337322 0.018155757286192068 0.035153328347045626
23 0.8284758719541327 0.3649962602842184 0.018155757286192068 0.04038893044128646
22 0.44911610129001434 0.4068810770381451 0.012422360248447204 0.03889304412864622
16 0.6691352126134734 0.3029169783096485 0.03392259913999044 0.046372475691847416
23 0.3884376493072145 0.7322363500373972 0.019111323459149544 0.037397157816005985
1 0.8743430482560917 0.0931189229618549 0.030578117534639272 0.035153328347045626
23 0.8693263258480649 0.5067314884068811 0.02436693741041567 0.0456245325355273
16 0.9214046822742474 0.7748691099476439 0.02818920210224558 0.03590127150336574
3 0.8557095078834209 0.36761406133133884 0.034400382226469184 0.0456245325355273
23 0.7384137601528905 0.5519820493642483 0.023411371237458192 0.050860134629768135
14 0.8248924988055423 0.7262528047868362 0.025322503583373148 0.0344053851907255
3 0.382943143812709 0.09012715033657442 0.02818920210224558 0.033657442034405384
13 0.7123745819397993 0.13649962602842183 0.026755852842809364 0.0381451009723261
22 0.8239369326325847 0.6039640987284967 0.014811275680840898 0.0456245325355273
22 0.7933588150979455 0.22737471952131638 0.018633540372670808 0.04487658937920718
14 0.7780697563306258 0.31114435302916976 0.03296703296703297 0.041884816753926704
10 0.40635451505016723 0.7400897531787584 0.018633540372670808 0.05609573672400897
22 0.7835642618251314 0.2677636499626028 0.019111323459149544 0.046372475691847416
5 0.4488772097467749 0.08788332086761406 0.018633540372670808 0.0456245325355273
1 0.8786430960344004 0.22849663425579655 0.024844720496894408 0.033657442034405384
5 0.4541328236980411 0.4525056095736724 0.022455805064500716 0.04338070306656694
5 0.3838987099856665 0.21839940164547494 0.02054467271858576 0.03889304412864622
21 0.880315336837076 0.8223635003739715 0.025322503583373148 0.04113687359760658
21 0.4271380793119923 0.5957367240089753 0.020066889632107024 0.0381451009723261
5 0.34615384615384615 0.731488406881077 0.0272336359292881 0.03889304412864622
6 0.4976110845676063 0.4068810770381451 0.03201146679407549 0.04038893044128646
17 0.3760152890587673 0.5557217651458489 0.023889154323936932 0.06282722513089005
3 0.5031055900621118 0.5003739715781601 0.024844720496894408 0.04338070306656694
22 0.8838987099856664 0.4674644727000748 0.017200191113234592 0.055347793567688854
6 0.33922599139990445 0.13201196709050111 0.023889154323936932 0.033657442034405384
14 0.8275203057811753 0.31114435302916976 0.029622551361681796 0.04338070306656694
5 0.3686096512183469 0.44876589379207177 0.023411371237458192 0.03889304412864622
13 0.8373148590539895 0.45848915482423336 0.03201146679407549 0.037397157816005985
22 0.36359292881032007 0.7819745699326851 0.015289058767319636 0.04113687359760658
21 0.3946488294314381 0.8216155572176514 0.020066889632107024 0.04412864622288706
14 0.8643096034400382 0.18810770381451009 0.028666985188724316 0.04113687359760658
1 0.7620640229335881 0.35489902767389675 0.030578117534639272 0.04263275991024682
9 0.4230769230769231 0.5082273747195213 0.023411371237458192 0.07105459985041136
13 0.30769230769230765 0.45175766641735227 0.033444816053511704 0.029917726252804786
0 0.8963210702341137 0.09386686611817502 0.012422360248447204 0.039640987284966345
11 0.4483994266602962 0.35714285714285715 0.03296703296703297 0.04113687359760658
13 0.298853320592451 0.0931189229618549 0.02818920210224558 0.0381451009723261
10 0.47778308647873863 0.22475691847419596 0.018155757286192068 0.05160807778608826
16 0.862876254180602 0.6888556469708302 0.034400382226469184 0.04338070306656694
21 0.5652173913043478 0.4895287958115183 0.019111323459149544 0.0381451009723261
8 0.9292881032011466 0.14884068810770382 0.024844720496894408 0.04038893044128646
16 0.4070711896798853 0.8709798055347794 0.029622551361681796 0.054599850411368736
5 0.413999044433827 0.7808526551982049 0.031055900621118012 0.04338070306656694
5 0.500716674629718 0.2677636499626028 0.018155757286192068 0.04038893044128646
22 0.6918299092212136 0.22400897531787584 0.017200191113234592 0.04263275991024682
19 0.6798853320592451 0.5467464472700074 0.029622551361681796 0.046372475691847416
14 0.6889632107023411 0.2610321615557218 0.026755852842809364 0.0344053851907255
8 0.33564261825131386 0.6406133133881825 0.03487816531294792 0.033657442034405384
23 0.9524605828953655 0.41847419596110697 0.01767797419971333 0.04412864622288706
11 0.765886287625418 0.2270007479431563 0.037267080745341616 0.039640987284966345
1 0.2778308647873865 0.16903515332834704 0.026278069756330624 0.037397157816005985
12 0.28690874343048256 0.8287210172026925 0.025322503583373148 0.04786836200448766
5 0.8987099856665074 0.5579655946148092 0.02771141901576684 0.04338070306656694
11 0.668179646440516 0.35714285714285715 0.030100334448160532 0.04263275991024682
1 0.7040133779264214 0.7744951383694839 0.03201146679407549 0.05011219147344802
0 0.32130912565695174 0.08825729244577411 0.018633540372670808 0.04487658937920718
20 0.7644529383659818 0.7281226626776365 0.03535594839942666 0.039640987284966345
5 0.3817486860965122 0.6832460732984293 0.0210224558050645 0.04263275991024682
20 0.6610129001433349 0.44988780852655197 0.0272336359292881 0.03664921465968586
13 0.6655518394648829 0.8175018698578908 0.032489249880554225 0.03889304412864622
20 0.3807931199235547 0.8649962602842184 0.028666985188724316 0.04113687359760658
11 0.7498805542283803 0.6832460732984293 0.040611562350692784 0.04113687359760658
10 0.5322503583373148 0.4532535527299925 0.009555661729574772 0.041884816753926704
21 0.3246536072623029 0.5905011219147345 0.022455805064500716 0.030665669409124907
21 0.8303870043000477 0.6402393418100224 0.015289058767319636 0.03889304412864622
22 0.7486860965121834 0.5041136873597607 0.018155757286192068 0.05385190725504861
21 0.6784519827998089 0.7284966342557966 0.019111323459149544 0.041884816753926704
7 0.5824175824175823 0.2531787584143605 0.02771141901576684 0.04113687359760658
9 0.5585284280936454 0.3010471204188482 0.026755852842809364 0.06357516828721017
5 0.8041089345437171 0.18362004487658937 0.023889154323936932 0.03664921465968586
23 0.9273769708552316 0.7266267763649963 0.0210224558050645 0.048616305160807775
7 0.3019589106545628 0.6372475691847419 0.030578117534639272 0.031413612565445025
1 0.4182990922121357 0.6413612565445026 0.026278069756330624 0.048616305160807775
1 0.6684185379837554 0.22026925953627524 0.024844720496894408 0.035153328347045626
6 0.7623029144768275 0.2655198204936425 0.031055900621118012 0.03889304412864622
21 0.7637362637362637 0.1787584143605086 0.01767797419971333 0.031413612565445025
8 0.9548494983277591 0.2830964846671653 0.03392259913999044 0.04412864622288706
22 0.36478738652651693 0.2206432311144353 0.016722408026755852 0.04487658937920718
21 0.36478738652651693 0.17389678384442783 0.01385570950788342 0.027673896783844427
20 0.3838987099856665 0.7801047120418848 0.029144768275203056 0.037397157816005985
11 0.6337792642140468 0.7299925205684368 0.030100334448160532 0.04487658937920718
1 0.7802197802197802 0.45923709798055345 0.02771141901576684 0.056843679880329095
23 0.938604873387482 0.5175766641735228 0.025322503583373148 0.05385190725504861
1 0.6865742952699474 0.4525056095736724 0.030578117534639272 0.041884816753926704
5 0.5891065456282847 0.5362752430815257 0.023889154323936932 0.04786836200448766
1 0.6593406593406593 0.6821241585639491 0.0210224558050645 0.04038893044128646
1 0.5845676063067368 0.29955123410620793 0.02818920210224558 0.03664921465968586
1 0.3650262780697563 0.5968586387434555 0.033444816053511704 0.04786836200448766
13 0.7427138079311992 0.4042632759910247 0.03487816531294792 0.030665669409124907
1 0.7828475871954133 0.681376215407629 0.0272336359292881 0.04487658937920718
21 0.6975633062589583 0.8227374719521316 0.029622551361681796 0.04038893044128646
20 0.318920210224558 0.8706058339566193 0.026278069756330624 0.03590127150336574
21 0.46273291925465837 0.21428571428571427 0.01767797419971333 0.039640987284966345
5 0.8205924510272335 0.5018698578908003 0.026278069756330624 0.055347793567688854
16 0.9065934065934066 0.5108451757666417 0.03678929765886287 0.04786836200448766
3 0.2709030100334448 0.6458489154824233 0.034400382226469184 0.04113687359760658
22 0.8459149546106067 0.7307404637247569 0.015766841853798376 0.050860134629768135
22 0.7384137601528905 0.7382198952879581 0.014811275680840898 0.061331338818249814
16 0.30387004300047776 0.5478683620044876 0.033444816053511704 0.04412864622288706
22 0.42546583850931674 0.5557217651458489 0.018633540372670808 0.050860134629768135
1 0.6359292881032012 0.8616305160807778 0.0210224558050645 0.029917726252804786
23 0.7568084089823219 0.4551234106207928 0.022933588150979456 0.04412864622288706
19 0.8743430482560917 0.7329842931937173 0.04013377926421405 0.04487658937920718
14 0.8573817486860965 0.137621540762902 0.029144768275203056 0.041884816753926704
12 0.32417582417582413 0.731488406881077 0.02150023889154324 0.041884816753926704
5 0.26325848064978496 0.8275991024682124 0.021978021978021976 0.04412864622288706
12 0.3325370281892021 0.5452505609573672 0.021978021978021976 0.03889304412864622
5 0.7618251313903488 0.5572176514584891 0.02436693741041567 0.04786836200448766
5 0.451505016722408 0.17427075542258788 0.019111323459149544 0.0344053851907255
1 0.6629240324892498 0.2569184741959611 0.023411371237458192 0.039640987284966345
5 0.3977544194935499 0.4023934181002244 0.023411371237458192 0.03889304412864622
21 0.695413282369804 0.35602094240837695 0.02150023889154324 0.041884816753926704
13 0.9369326325848064 0.6417352281226627 0.032489249880554225 0.03590127150336574
14 0.8929765886287625 0.6858638743455497 0.029622551361681796 0.041884816753926704
1 0.4827998088867654 0.5523560209424083 0.02150023889154324 0.05759162303664921
13 0.7754419493549928 0.599850411368736 0.034400382226469184 0.04038893044128646
23 0.856426182513139 0.22774869109947643 0.022455805064500716 0.033657442034405384
17 0.3456760630673674 0.49925205684367985 0.02436693741041567 0.05759162303664921
5 0.6939799331103679 0.5957367240089753 0.018633540372670808 0.0456245325355273
22 0.6070234113712374 0.3029169783096485 0.01767797419971333 0.0493642483171279
22 0.41471571906354515 0.45362752430815256 0.015289058767319636 0.0456245325355273
21 0.7976588628762541 0.731488406881077 0.029144768275203056 0.03590127150336574
5 0.7379359770664118 0.1368735976065819 0.02150023889154324 0.037397157816005985
3 0.7933588150979455 0.7759910246821241 0.0272336359292881 0.0456245325355273
8 0.9032489249880554 0.3212415856394914 0.039655996177735305 0.04113687359760658
23 0.3698041089345437 0.5 0.0210224558050645 0.04263275991024682
5 0.5604395604395604 0.34592370979805537 0.024844720496894408 0.04412864622288706
20 0.593167701863354 0.494016454749439 0.02818920210224558 0.04412864622288706
17 0.8676540850453893 0.32161555721765145 0.026755852842809364 0.05235602094240838
5 0.8177257525083612 0.7685115931189229 0.026278069756330624 0.04712041884816754
10 0.2983755375059723 0.17651458489154823 0.01767797419971333 0.04338070306656694
0 0.7525083612040133 0.6469708302169035 0.019111323459149544 0.050860134629768135
11 0.39751552795031053 0.5968586387434555 0.03535594839942666 0.041884816753926704
8 0.3898709985666507 0.13350785340314136 0.032489249880554225 0.03664921465968586
21 0.8413760152890587 0.5994764397905759 0.0210224558050645 0.04113687359760658
20 0.7871476349737219 0.13612565445026178 0.02436693741041567 0.037397157816005985
20 0.3705207835642618 0.40538519072550483 0.03487816531294792 0.037397157816005985
13 0.8241758241758241 0.2643979057591623 0.024844720496894408 0.0381451009723261
21 0.7150023889154323 0.4050112191473448 0.02150023889154324 0.03216155572176514
23 0.43119923554706163 0.4558713537771129 0.019589106545628284 0.05160807778608826
8 0.9469660774008599 0.599850411368736 0.028666985188724316 0.037397157816005985
1 0.7967032967032966 0.09835452505609574 0.022455805064500716 0.033657442034405384
13 0.4414715719063545 0.13649962602842183 0.030578117534639272 0.0381451009723261
21 0.3401815575728619 0.3545250560957367 0.016244624940277112 0.028421839940164548
13 0.4806497849976111 0.4521316379955123 0.030578117534639272 0.04113687359760658
11 0.36239847109412326 0.30740463724756917 0.030100334448160532 0.032909498878085267
3 0.2709030100334448 0.593866866118175 0.032489249880554225 0.05385190725504861
21 0.9044433827042522 0.7299925205684368 0.016244624940277112 0.050860134629768135
22 0.32274247491638797 0.35976065818997754 0.02054467271858576 0.05235602094240838
22 0.3786430960344004 0.175018698578908 0.012900143334925942 0.04487658937920718
14 0.807931199235547 0.68810770381451 0.029622551361681796 0.041884816753926704
16 0.9192546583850931 0.10022438294689603 0.028666985188724316 0.04786836200448766
8 0.6118012422360248 0.4005235602094241 0.03774486383182035 0.04412864622288706
23 0.37314859053989485 0.8238593866866118 0.0210224558050645 0.0381451009723261
3 0.8017200191113234 0.8227374719521316 0.028666985188724316 0.04338070306656694
6 0.43956043956043955 0.21765145848915482 0.02771141901576684 0.04038893044128646
7 0.6514572384137601 0.4921465968586387 0.030100334448160532 0.04786836200448766
23 0.901098901098901 0.14098728496634255 0.018155757286192068 0.033657442034405384
21 0.8026755852842808 0.2677636499626028 0.019111323459149544 0.03590127150336574
3 0.3270425226946966 0.26215407629020193 0.0272336359292881 0.04263275991024682
1 0.6545628284758719 0.5430067314884068 0.029622551361681796 0.0493642483171279
20 0.524605828953655 0.3593866866118175 0.032489249880554225 0.04412864622288706
17 0.40109890109890106 0.09498878085265519 0.02150023889154324 0.041884816753926704
1 0.9813664596273292 0.28982797307404634 0.023889154323936932 0.048616305160807775
23 0.7744863831820353 0.8201196709050113 0.021978021978021976 0.04263275991024682
6 0.6409460105112279 0.20792819745699326 0.029144768275203056 0.04338070306656694
22 0.6361681796464405 0.4525056095736724 0.019589106545628284 0.055347793567688854
5 0.3456760630673674 0.39977561705310394 0.023411371237458192 0.03664921465968586
14 0.8901098901098901 0.4098728496634256 0.03535594839942666 0.037397157816005985
13 0.8057811753463927 0.643979057591623 0.03296703296703297 0.041884816753926704
3 0.8017200191113234 0.605833956619297 0.025800286669851884 0.05385190725504861
5 0.3029144768275203 0.21652954375467465 0.026755852842809364 0.03664921465968586
13 0.7443860487338748 0.30553477935676887 0.03535594839942666 0.035153328347045626
14 0.27663640707118964 0.29955123410620793 0.032489249880554225 0.033657442034405384
13 0.7245580506450071 0.8649962602842184 0.03201146679407549 0.04712041884816754
3 0.582178690874343 0.20194465220643232 0.03296703296703297 0.04038893044128646
16 0.39632107023411367 0.4988780852655198 0.03201146679407549 0.04338070306656694
17 0.2950310559006211 0.8728496634255797 0.029144768275203056 0.04338070306656694
21 0.8220258002866698 0.8664921465968586 0.018633540372670808 0.04412864622288706
7 0.31509794553272813 0.13014210919970082 0.026278069756330624 0.026925953627524306
22 0.825370281892021 0.4091249065071054 0.012900143334925942 0.04786836200448766
6 0.7625418060200668 0.13089005235602094 0.03153368370759675 0.0344053851907255
23 0.7379359770664118 0.22662677636499626 0.023411371237458192 0.041884816753926704
20 0.725752508361204 0.8163799551234106 0.034400382226469184 0.03664921465968586
16 0.7085523172479694 0.550486163051608 0.034400382226469184 0.04786836200448766
23 0.48088867654085043 0.5007479431563201 0.016722408026755852 0.04712041884816754
6 0.7183468705207835 0.34854151084517576 0.030100334448160532 0.04338070306656694
22 0.9354992833253702 0.42221391174270756 0.015289058767319636 0.048616305160807775
12 0.43119923554706163 0.17464472700074793 0.02150023889154324 0.03664921465968586
7 0.278786430960344 0.4068810770381451 0.030100334448160532 0.0344053851907255
3 0.27902532250358336 0.35415108451757665 0.037267080745341616 0.0456245325355273
20 0.3215480172001911 0.7797307404637247 0.034400382226469184 0.039640987284966345
22 0.41280458671763015 0.17726252804786835 0.013377926421404682 0.04487658937920718
6 0.9194935499283325 0.3638743455497382 0.03774486383182035 0.0381451009723261
3 0.36096512183468704 0.68810770381451 0.02436693741041567 0.046372475691847416
20 0.3411371237458194 0.4521316379955123 0.03153368370759675 0.03664921465968586
21 0.843526039178213 0.556469708302169 0.023411371237458192 0.041884816753926704
13 0.6359292881032012 0.2505609573672401 0.025800286669851884 0.041884816753926704
10 0.8487816531294792 0.8320867614061331 0.029144768275203056 0.06207928197456993
5 0.915910176779742 0.41810022438294686 0.023889154323936932 0.05235602094240838
10 0.6600573339703775 0.7356020942408377 0.019589106545628284 0.053103964098728494
22 0.7004300047778308 0.7318623784592371 0.020066889632107024 0.05609573672400897
22 0.7489249880554228 0.7726252804786836 0.019589106545628284 0.04487658937920718
21 0.6951743908265647 0.8649962602842184 0.022933588150979456 0.039640987284966345
20 0.81438127090301 0.22587883320867613 0.025322503583373148 0.037397157816005985
9 0.9307214524605828 0.862752430815258 0.032489249880554225 0.08900523560209424
10 0.7384137601528905 0.3657442034405385 0.018633540372670808 0.055347793567688854
6 0.8996655518394648 0.8638743455497382 0.03153368370759675 0.055347793567688854
22 0.3411371237458194 0.5979805534779357 0.013377926421404682 0.05160807778608826
13 0.9589106545628284 0.3261032161555722 0.030578117534639272 0.041884816753926704
22 0.7990922121356904 0.505983545250561 0.02150023889154324 0.053103964098728494
17 0.7857142857142857 0.5605833956619297 0.029144768275203056 0.053103964098728494
23 0.9202102245580506 0.4644727000747943 0.022933588150979456 0.04038893044128646
5 0.8265647396082179 0.8156320119670905 0.024844720496894408 0.0456245325355273
5 0.7071189679885331 0.5022438294689604 0.02771141901576684 0.054599850411368736
5 0.36144290492116576 0.13201196709050111 0.016722408026755852 0.035153328347045626
5 0.3315814620162446 0.17539267015706805 0.014333492594362158 0.033657442034405384
13 0.8879598662207357 0.7707554225878833 0.03201146679407549 0.04113687359760658
5 0.670807453416149 0.5957367240089753 0.02771141901576684 0.048616305160807775
1 0.9402771141901576 0.47045624532535524 0.025800286669851884 0.046372475691847416
5 0.8745819397993311 0.8653702318623785 0.022455805064500716 0.041884816753926704
21 0.8475871954132823 0.31264023934181 0.019111323459149544 0.03889304412864622
11 0.4679885332059245 0.3040388930441286 0.030100334448160532 0.03664921465968586
21 0.8879598662207357 0.18511593118922962 0.019589106545628284 0.03216155572176514
21 0.39632107023411367 0.356394913986537 0.0272336359292881 0.039640987284966345
17 0.7725752508361203 0.5130890052356021 0.030578117534639272 0.05833956619296933
20 0.2747252747252747 0.21727748691099477 0.026755852842809364 0.035153328347045626
5 0.8889154323936932 0.36537023186237844 0.025322503583373148 0.03664921465968586
13 0.7214524605828954 0.5957367240089753 0.03153368370759675 0.039640987284966345
13 0.6696129956999521 0.7759910246821241 0.03678929765886287 0.0381451009723261
5 0.3275203057811753 0.21615557217651457 0.022455805064500716 0.03889304412864622
23 0.7706641184902054 0.7737471952131638 0.024844720496894408 0.0456245325355273
1 0.44481605351170567 0.5007479431563201 0.025800286669851884 0.048616305160807775
23 0.8750597228858098 0.27225130890052357 0.02150023889154324 0.04338070306656694
3 0.8029144768275203 0.41473448017950637 0.03201146679407549 0.0456245325355273
17 0.4182990922121357 0.8231114435302916 0.029144768275203056 0.04412864622288706
17 0.3607262302914477 0.08900523560209424 0.018155757286192068 0.03590127150336574
23 0.3246536072623029 0.40538519072550483 0.019589106545628284 0.03889304412864622
17 0.294314381270903 0.781226626776365 0.02771141901576684 0.048616305160807775
5 0.336359292881032 0.8223635003739715 0.022933588150979456 0.04113687359760658
7 0.45867176301958906 0.26215407629020193 0.03153368370759675 0.030665669409124907
23 0.434065934065934 0.8728496634255797 0.026278069756330624 0.04487658937920718
21 0.3549928332537028 0.825355272999252 0.020066889632107024 0.039640987284966345
22 0.7140468227424749 0.2666417352281227 0.015766841853798376 0.04412864622288706
23 0.3953655040611562 0.17464472700074793 0.02054467271858576 0.035153328347045626
5 0.3497372193024367 0.2569184741959611 0.0210224558050645 0.0381451009723261
5 0.7264691829909221 0.0912490650710546 0.019589106545628284 0.032909498878085267
1 0.6387959866220736 0.35302916978309645 0.03153368370759675 0.04786836200448766
21 0.8748208313425704 0.13836948391922213 0.014333492594362158 0.032909498878085267
21 0.26755852842809363 0.681376215407629 0.021978021978021976 0.04786836200448766
17 0.49880554228380314 0.22288706058339566 0.023889154323936932 0.05235602094240838
16 0.7331581462016244 0.45474943904263276 0.02436693741041567 0.04338070306656694
11 0.7725752508361203 0.09386686611817502 0.030578117534639272 0.030665669409124907
1 0.27591973244147155 0.2569184741959611 0.03201146679407549 0.04712041884816754
8 0.5207835642618251 0.3077786088257292 0.028666985188724316 0.0381451009723261
2 0.7527472527472527 0.8620044876589379 0.02818920210224558 0.05609573672400897
23 0.6925465838509316 0.4050112191473448 0.0272336359292881 0.0381451009723261
8 0.6220735785953176 0.5463724756918474 0.028666985188724316 0.0456245325355273
20 0.7075967510750119 0.08825729244577411 0.024844720496894408 0.0493642483171279
11 0.8526039178213091 0.41473448017950637 0.0272336359292881 0.04263275991024682
3 0.870043000477783 0.5609573672400897 0.032489249880554225 0.0493642483171279
21 0.8088867654085045 0.3612565445026178 0.018155757286192068 0.037397157816005985
8 0.3332537028189202 0.30740463724756917 0.03201146679407549 0.032909498878085267
19 0.3129479216435738 0.8261032161555721 0.029622551361681796 0.04113687359760658
14 0.8320592451027233 0.6828721017202692 0.0272336359292881 0.041884816753926704
3 0.3929765886287625 0.45474943904263276 0.03392259913999044 0.04338070306656694
23 0.6987577639751552 0.3017950635751683 0.02054467271858576 0.04263275991024682
5 0.7785475394171046 0.8635003739715782 0.02054467271858576 0.05011219147344802
7 0.2981366459627329 0.5912490650710546 0.030578117534639272 0.035153328347045626
10 0.9063545150501672 0.6473448017950636 0.021978021978021976 0.0456245325355273
21 0.9190157668418537 0.6821241585639491 0.02054467271858576 0.037397157816005985
22 0.3471094123268036 0.175018698578908 0.01767797419971333 0.04786836200448766
10 0.4832775919732441 0.2673896783844428 0.016722408026755852 0.05011219147344802
21 0.774964166268514 0.6421091997008227 0.019111323459149544 0.035153328347045626
23 0.8215480172001911 0.1824981301421092 0.016722408026755852 0.03590127150336574
16 0.27687529861442906 0.45287958115183247 0.02818920210224558 0.0381451009723261
5 0.7214524605828954 0.7296185489902767 0.0210224558050645 0.04263275991024682
22 0.5062111801242236 0.5542258788332086 0.025322503583373148 0.05983545250560957
5 0.8614429049211657 0.46222887060583395 0.021978021978021976 0.04338070306656694
6 0.9034878165312947 0.2318623784592371 0.026755852842809364 0.04038893044128646
5 0.717391304347826 0.6798803290949887 0.02436693741041567 0.050860134629768135
23 0.842809364548495 0.868735976065819 0.022933588150979456 0.048616305160807775
9 0.2687529861442905 0.7322363500373972 0.03201146679407549 0.068810770381451
13 0.3891543239369326 0.6383694839192221 0.03201146679407549 0.03664921465968586