0 0.19387755102040818 0.4222727272727273 0.0282574568288854 0.026363636363636363
23 0.7664835164835165 0.47909090909090907 0.019623233908948195 0.03090909090909091
13 0.4391679748822606 0.31681818181818183 0.03218210361067504 0.03
22 0.707221350078493 0.20363636363636364 0.0141287284144427 0.02727272727272727
21 0.7696232339089483 0.37636363636363634 0.014913657770800628 0.02
16 0.47017268445839877 0.365 0.03453689167974883 0.03
22 0.8579277864992151 0.7495454545454545 0.029827315541601257 0.03
11 0.7708006279434851 0.3181818181818182 0.029827315541601257 0.03090909090909091
3 0.6275510204081634 0.8645454545454545 0.033751962323390894 0.034545454545454546
21 0.8449764521193093 0.42272727272727273 0.01805337519623234 0.023636363636363636
1 0.9046310832025118 0.6368181818181818 0.02904238618524333 0.03363636363636364
8 0.42543171114599687 0.8045454545454546 0.03296703296703297 0.03090909090909091
23 0.8406593406593407 0.2631818181818182 0.01883830455259027 0.035454545454545454
17 0.17268445839874413 0.31681818181818183 0.023547880690737835 0.03363636363636364
5 0.4156200941915228 0.8622727272727273 0.02119309262166405 0.031818181818181815
2 0.6616954474097332 0.36818181818181817 0.023547880690737835 0.03272727272727273
1 0.7221350078492936 0.5922727272727273 0.029827315541601257 0.03727272727272727
5 0.739403453689168 0.7509090909090909 0.015698587127158558 0.034545454545454546
3 0.739010989010989 0.5363636363636364 0.027472527472527476 0.03636363636363636
22 0.7519623233908949 0.6963636363636364 0.012558869701726845 0.04181818181818182
11 0.4733124018838305 0.8545454545454545 0.03296703296703297 0.025454545454545455
5 0.718210361067504 0.26136363636363635 0.01883830455259027 0.03363636363636364
21 0.2778649921507065 0.36818181818181817 0.0141287284144427 0.01818181818181818
12 0.6181318681318682 0.4240909090909091 0.02904238618524333 0.031818181818181815
21 0.9642857142857143 0.21818181818181817 0.022762951334379906 0.03090909090909091
12 0.6346153846153847 0.3145454545454546 0.01805337519623234 0.02909090909090909
16 0.7590266875981162 0.26045454545454544 0.03453689167974883 0.03363636363636364
1 0.5675039246467818 0.20136363636363636 0.02511773940345369 0.03363636363636364
1 0.6075353218210361 0.5822727272727273 0.02511773940345369 0.035454545454545454
21 0.9501569858712716 0.3245454545454545 0.014913657770800628 0.023636363636363636
13 0.8999215070643642 0.21272727272727274 0.030612244897959186 0.02727272727272727
10 0.6805337519623235 0.42954545454545456 0.017268445839874413 0.04454545454545455
21 0.5105965463108321 0.9072727272727272 0.014913657770800628 0.02181818181818182
22 0.6781789638932496 0.5895454545454546 0.0141287284144427 0.03363636363636364
1 0.6401098901098902 0.425 0.027472527472527476 0.03909090909090909
22 0.6817111459968603 0.8095454545454546 0.016483516483516484 0.028181818181818183
21 0.6542386185243328 0.8613636363636363 0.01805337519623234 0.02090909090909091
23 0.717817896389325 0.8636363636363636 0.022762951334379906 0.02909090909090909
6 0.6012558869701727 0.86 0.023547880690737835 0.04363636363636364
13 0.6393249607535322 0.7459090909090909 0.030612244897959186 0.04090909090909091
1 0.7845368916797488 0.5340909090909091 0.02433281004709576 0.031818181818181815
1 0.5620094191522763 0.5831818181818181 0.023547880690737835 0.03
10 0.4493720565149137 0.6977272727272728 0.016483516483516484 0.04454545454545455
21 0.6730769230769231 0.31272727272727274 0.01805337519623234 0.02727272727272727
1 0.4752747252747253 0.6881818181818182 0.02433281004709576 0.03272727272727273
22 0.5372841444270016 0.26590909090909093 0.01805337519623234 0.03727272727272727
2 0.2119309262166405 0.37136363636363634 0.020408163265306124 0.03
3 0.3873626373626374 0.5313636363636364 0.027472527472527476 0.028181818181818183
21 0.45094191522762955 0.5290909090909091 0.01805337519623234 0.02909090909090909
16 0.979199372056515 0.2727272727272727 0.033751962323390894 0.034545454545454546
9 0.6930926216640503 0.26590909090909093 0.031397174254317116 0.046363636363636364
20 0.22252747252747254 0.5772727272727273 0.030612244897959186 0.03272727272727273
14 0.3198587127158556 0.4163636363636364 0.02590266875981162 0.03090909090909091
16 0.4489795918367347 0.5872727272727273 0.03453689167974883 0.02909090909090909
10 0.6138147566718996 0.31545454545454543 0.01883830455259027 0.04181818181818182
8 0.25706436420722134 0.42045454545454547 0.038461538461538464 0.031818181818181815
22 0.6946624803767661 0.7495454545454545 0.020408163265306124 0.03909090909090909
21 0.42032967032967034 0.5840909090909091 0.014913657770800628 0.026363636363636363
1 0.29120879120879123 0.41818181818181815 0.029827315541601257 0.03272727272727273
13 0.8120094191522763 0.4777272727272727 0.033751962323390894 0.028181818181818183
23 0.19740973312401885 0.5813636363636364 0.01805337519623234 0.031818181818181815
5 0.8740188383045526 0.20681818181818182 0.01805337519623234 0.03
10 0.9297488226059655 0.32954545454545453 0.016483516483516484 0.042727272727272725
1 0.2229199372056515 0.4218181818181818 0.029827315541601257 0.034545454545454546
23 0.815934065934066 0.32045454545454544 0.019623233908948195 0.031818181818181815
13 0.423861852433281 0.3668181818181818 0.0282574568288854 0.03
21 0.8076923076923077 0.4263636363636364 0.015698587127158558 0.02
11 0.7782574568288855 0.6972727272727273 0.030612244897959186 0.034545454545454546
23 0.6342229199372057 0.5868181818181818 0.015698587127158558 0.026363636363636363
3 0.48861852433281006 0.6372727272727273 0.02590266875981162 0.03636363636363636
8 0.39089481946624804 0.8631818181818182 0.0282574568288854 0.03363636363636364
13 0.3559654631083203 0.53 0.03218210361067504 0.02727272727272727
21 0.8402668759811618 0.5890909090909091 0.01805337519623234 0.02909090909090909
1 0.7445054945054945 0.8590909090909091 0.022762951334379906 0.03090909090909091
13 0.3905023547880691 0.5840909090909091 0.033751962323390894 0.028181818181818183
5 0.6267660910518054 0.6372727272727273 0.02119309262166405 0.034545454545454546
23 0.29631083202511777 0.36818181818181817 0.019623233908948195 0.02727272727272727
23 0.5208006279434851 0.5231818181818182 0.016483516483516484 0.03
5 0.7154631083202512 0.31727272727272726 0.016483516483516484 0.02909090909090909
21 0.49882260596546313 0.5245454545454545 0.027472527472527476 0.04363636363636364
23 0.5011773940345369 0.6859090909090909 0.01805337519623234 0.028181818181818183
5 0.36616954474097335 0.20227272727272727 0.022762951334379906 0.031818181818181815
4 0.45408163265306123 0.4759090909090909 0.03218210361067504 0.026363636363636363
11 0.48665620094191525 0.26272727272727275 0.03767660910518054 0.04363636363636364
22 0.4113029827315542 0.53 0.015698587127158558 0.03090909090909091
21 0.7998430141287285 0.695 0.01883830455259027 0.022727272727272728
23 0.34850863422291994 0.2595454545454545 0.015698587127158558 0.03
21 0.7825745682888541 0.4781818181818182 0.017268445839874413 0.03090909090909091
8 0.22527472527472528 0.7513636363636363 0.031397174254317116 0.03
20 0.8685243328100472 0.5840909090909091 0.02433281004709576 0.03
16 0.5372841444270016 0.9054545454545454 0.030612244897959186 0.025454545454545455
19 0.696232339089482 0.5922727272727273 0.02197802197802198 0.035454545454545454
20 0.8328100470957615 0.3740909090909091 0.031397174254317116 0.031818181818181815
13 0.34419152276295134 0.3690909090909091 0.03218210361067504 0.02909090909090909
22 0.6456043956043956 0.64 0.016483516483516484 0.034545454545454546
3 0.29160125588697017 0.5813636363636364 0.030612244897959186 0.03363636363636364
21 0.4646781789638933 0.7454545454545455 0.020408163265306124 0.03636363636363636
8 0.6405023547880692 0.4777272727272727 0.03610675039246468 0.031818181818181815
22 0.49646781789638933 0.36727272727272725 0.01805337519623234 0.02909090909090909
6 0.3901098901098901 0.7440909090909091 0.020408163265306124 0.03363636363636364
16 0.4305337519623234 0.41954545454545455 0.02904238618524333 0.03
22 0.6699372056514914 0.2640909090909091 0.014913657770800628 0.03727272727272727
22 0.5062794348508635 0.4209090909090909 0.015698587127158558 0.03636363636363636
1 0.2566718995290424 0.6877272727272727 0.0282574568288854 0.042727272727272725
6 0.1781789638932496 0.6381818181818182 0.023547880690737835 0.023636363636363636
10 0.631083202511774 0.6922727272727273 0.023547880690737835 0.035454545454545454
6 0.26569858712715855 0.5795454545454546 0.02119309262166405 0.03
21 0.8889324960753533 0.7527272727272727 0.02119309262166405 0.02909090909090909
21 0.7970957613814758 0.9072727272727272 0.016483516483516484 0.02
22 0.7335164835164836 0.26045454545454544 0.013343799058084773 0.03
14 0.870094191522763 0.6381818181818182 0.030612244897959186 0.03636363636363636
7 0.2947409733124019 0.6354545454545455 0.01805337519623234 0.02181818181818182
16 0.23194662480376768 0.6363636363636364 0.038461538461538464 0.023636363636363636
20 0.8591051805337521 0.32181818181818184 0.02904238618524333 0.025454545454545455
5 0.4152276295133438 0.2040909090909091 0.01883830455259027 0.03363636363636364
23 0.7927786499215072 0.20363636363636364 0.020408163265306124 0.02727272727272727
11 0.5443485086342229 0.8009090909090909 0.03218210361067504 0.02727272727272727
10 0.663265306122449 0.4318181818181818 0.01883830455259027 0.04
21 0.27904238618524335 0.26272727272727275 0.014913657770800628 0.023636363636363636
20 0.4430926216640503 0.7440909090909091 0.027472527472527476 0.031818181818181815
21 0.7853218210361068 0.6386363636363637 0.019623233908948195 0.03
23 0.5200156985871272 0.36954545454545457 0.02590266875981162 0.03
6 0.4599686028257457 0.41954545454545455 0.029827315541601257 0.03
6 0.9007064364207222 0.47863636363636364 0.02904238618524333 0.03363636363636364
13 0.8426216640502355 0.20636363636363636 0.043171114599686033 0.02909090909090909
22 0.4831240188383046 0.8013636363636364 0.010204081632653062 0.035454545454545454
22 0.5518053375196232 0.685 0.009419152276295134 0.03
7 0.32142857142857145 0.5804545454545454 0.036891679748822605 0.02090909090909091
23 0.6161695447409733 0.26 0.023547880690737835 0.03272727272727273
6 0.5357142857142857 0.5768181818181818 0.027472527472527476 0.031818181818181815
11 0.3642072213500785 0.475 0.031397174254317116 0.03363636363636364
5 0.8563579277864992 0.37863636363636366 0.017268445839874413 0.03727272727272727
20 0.793563579277865 0.75 0.029827315541601257 0.02909090909090909
1 0.685243328100471 0.2018181818181818 0.026687598116169546 0.02909090909090909
20 0.3751962323390895 0.2595454545454545 0.031397174254317116 0.028181818181818183
1 0.20525902668759813 0.3181818181818182 0.02590266875981162 0.02909090909090909
23 0.3799058084772371 0.4163636363636364 0.015698587127158558 0.03090909090909091
13 0.5784929356357928 0.6822727272727273 0.03610675039246468 0.028181818181818183
3 0.6055729984301413 0.5309090909090909 0.027472527472527476 0.04
3 0.18877551020408165 0.6927272727272727 0.03218210361067504 0.034545454545454546
1 0.7307692307692308 0.6918181818181818 0.026687598116169546 0.034545454545454546
1 0.9054160125588697 0.37636363636363634 0.02590266875981162 0.034545454545454546
23 0.19270015698587128 0.5195454545454545 0.02119309262166405 0.03727272727272727
14 0.20094191522762953 0.6372727272727273 0.023547880690737835 0.02727272727272727
22 0.8842229199372057 0.32136363636363635 0.01805337519623234 0.026363636363636363
14 0.3901098901098901 0.1990909090909091 0.02511773940345369 0.04363636363636364
10 0.2272370486656201 0.3259090909090909 0.01805337519623234 0.04818181818181818
1 0.673861852433281 0.7477272727272727 0.033751962323390894 0.04090909090909091
8 0.7335164835164836 0.43 0.036891679748822605 0.03636363636363636
19 0.4729199372056515 0.5272727272727272 0.027472527472527476 0.03272727272727273
3 0.5278649921507065 0.42318181818181816 0.022762951334379906 0.031818181818181815
7 0.5341444270015699 0.6368181818181818 0.02904238618524333 0.031818181818181815
1 0.8441915227629514 0.6386363636363637 0.02904238618524333 0.035454545454545454
22 0.6405023547880692 0.3690909090909091 0.0141287284144427 0.03090909090909091
21 0.9077708006279436 0.2681818181818182 0.01805337519623234 0.02181818181818182
5 0.21271585557299844 0.6927272727272727 0.020408163265306124 0.03272727272727273
6 0.8838304552590267 0.2640909090909091 0.026687598116169546 0.035454545454545454
8 0.5105965463108321 0.745 0.036891679748822605 0.04090909090909091
0 0.5529827315541601 0.855 0.02119309262166405 0.028181818181818183
20 0.4368131868131868 0.6372727272727273 0.030612244897959186 0.03090909090909091
5 0.5702511773940345 0.8045454545454546 0.022762951334379906 0.03090909090909091
12 0.7861067503924647 0.8063636363636364 0.022762951334379906 0.03272727272727273
14 0.5989010989010989 0.8104545454545454 0.03453689167974883 0.026363636363636363
13 0.271978021978022 0.745 0.02433281004709576 0.03363636363636364
10 0.6813186813186813 0.37454545454545457 0.015698587127158558 0.03272727272727273
22 0.925039246467818 0.37772727272727274 0.019623233908948195 0.03727272727272727
5 0.4513343799058085 0.2631818181818182 0.02197802197802198 0.03
5 0.7959183673469388 0.32 0.01883830455259027 0.02909090909090909
21 0.32535321821036106 0.2631818181818182 0.02433281004709576 0.03363636363636364
17 0.9481946624803769 0.6940909090909091 0.0282574568288854 0.04818181818181818
22 0.21350078492935637 0.524090909090909 0.02511773940345369 0.03
12 0.6361852433281006 0.9154545454545454 0.02119309262166405 0.02909090909090909
22 0.7782574568288855 0.9063636363636364 0.011773940345368918 0.03090909090909091
19 0.2586342229199372 0.36636363636363634 0.02433281004709576 0.02909090909090909
3 0.8171114599686029 0.5895454545454546 0.02197802197802198 0.028181818181818183
11 0.9207221350078494 0.5854545454545454 0.03296703296703297 0.03090909090909091
10 0.5113814756671899 0.6386363636363637 0.02590266875981162 0.042727272727272725
22 0.9395604395604397 0.42818181818181816 0.023547880690737835 0.04363636363636364
16 0.9081632653061225 0.5304545454545454 0.03453689167974883 0.031818181818181815
10 0.23233908948194665 0.6968181818181818 0.02197802197802198 0.04090909090909091
21 0.5160910518053375 0.8554545454545455 0.016483516483516484 0.02909090909090909
1 0.4046310832025118 0.6381818181818182 0.02433281004709576 0.03272727272727273
1 0.4811616954474098 0.47545454545454546 0.02197802197802198 0.03090909090909091
1 0.2868916797488226 0.31772727272727275 0.01805337519623234 0.031818181818181815
22 0.3626373626373627 0.4177272727272727 0.015698587127158558 0.031818181818181815
7 0.29317111459968603 0.4709090909090909 0.02904238618524333 0.02909090909090909
5 0.8932496075353219 0.5840909090909091 0.01883830455259027 0.026363636363636363
21 0.8410518053375197 0.8040909090909091 0.036891679748822605 0.035454545454545454
2 0.8685243328100472 0.42772727272727273 0.022762951334379906 0.031818181818181815
21 0.9273940345368917 0.47863636363636364 0.016483516483516484 0.024545454545454544
11 0.717817896389325 0.4763636363636364 0.038461538461538464 0.034545454545454546
6 0.7397959183673469 0.31363636363636366 0.02433281004709576 0.03272727272727273
1 0.8944270015698588 0.43136363636363634 0.022762951334379906 0.03
5 0.695447409733124 0.5331818181818182 0.02197802197802198 0.05
12 0.2672684458398744 0.3181818181818182 0.019623233908948195 0.02727272727272727
10 0.3292778649921507 0.6968181818181818 0.013343799058084773 0.05
5 0.37009419152276296 0.6940909090909091 0.019623233908948195 0.031818181818181815
22 0.1970172684458399 0.4781818181818182 0.012558869701726845 0.03090909090909091
1 0.4046310832025118 0.26 0.027472527472527476 0.02727272727272727
10 0.7959183673469388 0.5945454545454546 0.015698587127158558 0.03636363636363636
10 0.6624803767660911 0.8172727272727273 0.020408163265306124 0.03636363636363636
13 0.7276295133437991 0.8095454545454546 0.029827315541601257 0.031818181818181815
10 0.6718995290423863 0.87 0.01883830455259027 0.04727272727272727
10 0.7586342229199372 0.5395454545454546 0.008634222919937207 0.03727272727272727
23 0.6824960753532182 0.69 0.01805337519623234 0.03636363636363636
5 0.859497645211931 0.26454545454545453 0.015698587127158558 0.034545454545454546
17 0.9705651491365778 0.32954545454545453 0.02433281004709576 0.046363636363636364
5 0.6538461538461539 0.3104545454545454 0.023547880690737835 0.03727272727272727
23 0.29552590266875983 0.5290909090909091 0.01805337519623234 0.02909090909090909
16 0.4587912087912088 0.8022727272727272 0.030612244897959186 0.03
20 0.4003139717425432 0.6886363636363636 0.031397174254317116 0.028181818181818183
7 0.4854788069073784 0.31772727272727275 0.030612244897959186 0.022727272727272728
8 0.554552590266876 0.5277272727272727 0.033751962323390894 0.031818181818181815
10 0.34301412872841447 0.5881818181818181 0.01883830455259027 0.045454545454545456
8 0.37480376766091056 0.6395454545454545 0.033751962323390894 0.03727272727272727
5 0.4603610675039247 0.9118181818181819 0.030612244897959186 0.02909090909090909
21 0.7021193092621665 0.9136363636363637 0.019623233908948195 0.025454545454545455
5 0.5620094191522763 0.4772727272727273 0.020408163265306124 0.03272727272727273
3 0.8143642072213502 0.54 0.03218210361067504 0.03636363636363636
7 0.5643642072213501 0.6363636363636364 0.029827315541601257 0.03272727272727273
22 0.4835164835164835 0.745 0.015698587127158558 0.03909090909090909
20 0.7189952904238619 0.7490909090909091 0.026687598116169546 0.04
12 0.27001569858712715 0.635 0.026687598116169546 0.026363636363636363
5 0.8783359497645212 0.8027272727272727 0.026687598116169546 0.04181818181818182
20 0.7547095761381476 0.9077272727272727 0.03218210361067504 0.031818181818181815
5 0.29160125588697017 0.20454545454545456 0.019623233908948195 0.02909090909090909
5 0.4850863422291994 0.41954545454545455 0.01883830455259027 0.031818181818181815
14 0.7896389324960754 0.26227272727272727 0.023547880690737835 0.03363636363636364
8 0.24175824175824176 0.5259090909090909 0.029827315541601257 0.028181818181818183
17 0.5502354788069074 0.42818181818181816 0.0282574568288854 0.045454545454545456
1 0.620094191522763 0.20272727272727273 0.02511773940345369 0.03090909090909091
1 0.8171114599686029 0.26272727272727275 0.0282574568288854 0.034545454545454546
6 0.1546310832025118 0.36863636363636365 0.0282574568288854 0.028181818181818183
21 0.5388540031397174 0.7390909090909091 0.014913657770800628 0.023636363636363636
17 0.1805337519623234 0.3618181818181818 0.026687598116169546 0.02909090909090909
21 0.6974097331240189 0.8618181818181818 0.01805337519623234 0.023636363636363636
10 0.42935635792778654 0.26681818181818184 0.015698587127158558 0.04090909090909091
23 0.8547880690737835 0.8068181818181818 0.023547880690737835 0.046363636363636364
13 0.8512558869701727 0.6963636363636364 0.02904238618524333 0.03272727272727273
4 0.6467817896389325 0.26272727272727275 0.03296703296703297 0.02909090909090909
16 0.15109890109890112 0.20681818181818182 0.038461538461538464 0.053636363636363635
13 0.9003139717425432 0.8009090909090909 0.029827315541601257 0.04
13 0.3273155416012559 0.4668181818181818 0.03610675039246468 0.035454545454545454
1 0.5922291993720565 0.2609090909090909 0.02433281004709576 0.03090909090909091
1 0.6715070643642073 0.47954545454545455 0.02433281004709576 0.03363636363636364
22 0.23155416012558871 0.26227272727272727 0.0141287284144427 0.03
11 0.6726844583987441 0.639090909090909 0.03610675039246468 0.034545454545454546
14 0.793563579277865 0.8572727272727273 0.02511773940345369 0.03272727272727273
3 0.5404238618524333 0.205 0.02904238618524333 0.031818181818181815
7 0.9485871271585558 0.37863636363636366 0.027472527472527476 0.031818181818181815
22 0.413657770800628 0.3181818181818182 0.012558869701726845 0.02909090909090909
1 0.23665620094191525 0.2009090909090909 0.033751962323390894 0.03636363636363636
9 0.5294348508634223 0.6886363636363636 0.02590266875981162 0.046363636363636364
14 0.7688383045525903 0.8577272727272727 0.02590266875981162 0.03363636363636364
5 0.5941915227629514 0.4263636363636364 0.01883830455259027 0.03090909090909091
1 0.23469387755102042 0.36818181818181817 0.02511773940345369 0.03090909090909091
23 0.9513343799058085 0.27136363636363636 0.015698587127158558 0.031818181818181815
12 0.9395604395604397 0.6413636363636364 0.03767660910518054 0.03909090909090909
19 0.5729984301412873 0.41863636363636364 0.023547880690737835 0.03363636363636364
16 0.3092621664050236 0.6922727272727273 0.026687598116169546 0.03909090909090909
14 0.25156985871271587 0.26181818181818184 0.022762951334379906 0.02909090909090909
5 0.8343799058084773 0.32045454545454544 0.015698587127158558 0.028181818181818183
8 0.7382260596546312 0.37545454545454543 0.036891679748822605 0.03090909090909091
0 0.7868916797488227 0.42863636363636365 0.02119309262166405 0.035454545454545454
21 0.8116169544740974 0.20636363636363636 0.017268445839874413 0.02727272727272727
1 0.6334379905808477 0.5286363636363637 0.0282574568288854 0.031818181818181815
6 0.3755886970172685 0.36818181818181817 0.027472527472527476 0.02727272727272727
13 0.9191522762951335 0.6890909090909091 0.031397174254317116 0.038181818181818185
3 0.8257456828885401 0.6959090909090909 0.029827315541601257 0.031818181818181815
13 0.3163265306122449 0.634090909090909 0.020408163265306124 0.028181818181818183
3 0.20054945054945056 0.2609090909090909 0.043171114599686033 0.038181818181818185
0 0.3241758241758242 0.3181818181818182 0.020408163265306124 0.034545454545454546
22 0.21350078492935637 0.20636363636363636 0.0141287284144427 0.05454545454545454
5 0.36185243328100475 0.5872727272727273 0.015698587127158558 0.034545454545454546
1 0.14442700156985872 0.27 0.029827315541601257 0.038181818181818185
5 0.25 0.7490909090909091 0.01805337519623234 0.03090909090909091
22 0.4430926216640503 0.36636363636363634 0.013343799058084773 0.02909090909090909
23 0.7150706436420723 0.5386363636363637 0.01883830455259027 0.03909090909090909
21 0.7009419152276296 0.8095454545454546 0.01883830455259027 0.028181818181818183
22 0.8732339089481947 0.6936363636363636 0.011773940345368918 0.03272727272727273
8 0.3583202511773941 0.31727272727272726 0.038461538461538464 0.02909090909090909
2 0.4901883830455259 0.9086363636363637 0.022762951334379906 0.026363636363636363
14 0.9336734693877552 0.5309090909090909 0.013343799058084773 0.03272727272727273
9 0.9062009419152277 0.3259090909090909 0.027472527472527476 0.05181818181818182
5 0.5839874411302983 0.5272727272727272 0.02197802197802198 0.03090909090909091
5 0.890894819466248 0.6945454545454546 0.023547880690737835 0.034545454545454546
7 0.772370486656201 0.585 0.026687598116169546 0.028181818181818183
13 0.7311616954474097 0.6422727272727272 0.03532182103610675 0.031818181818181815
1 0.7021193092621665 0.4259090909090909 0.022762951334379906 0.026363636363636363
22 0.6919152276295134 0.47909090909090907 0.016483516483516484 0.04
23 0.7468602825745684 0.5845454545454546 0.019623233908948195 0.03636363636363636
19 0.3500784929356358 0.69 0.020408163265306124 0.03272727272727273
22 0.5176609105180534 0.7972727272727272 0.014913657770800628 0.02909090909090909
23 0.500392464678179 0.8009090909090909 0.014913657770800628 0.02727272727272727
13 0.7947409733124019 0.37454545454545457 0.033751962323390894 0.02727272727272727
1 0.39207221350078497 0.31772727272727275 0.030612244897959186 0.031818181818181815
11 0.2578492935635793 0.4768181818181818 0.033751962323390894 0.022727272727272728
1 0.32535321821036106 0.5309090909090909 0.033751962323390894 0.02909090909090909
3 0.6558084772370487 0.59 0.02904238618524333 0.038181818181818185
8 0.979199372056515 0.3781818181818182 0.030612244897959186 0.034545454545454546
5 0.24607535321821036 0.5804545454545454 0.016483516483516484 0.03363636363636364
17 0.576138147566719 0.31727272727272726 0.023547880690737835 0.04363636363636364
13 0.16836734693877553 0.2677272727272727 0.02433281004709576 0.035454545454545454
5 0.7696232339089483 0.20318181818181819 0.02119309262166405 0.03
6 0.8791208791208792 0.37727272727272726 0.0282574568288854 0.034545454545454546
1 0.7645211930926217 0.42772727272727273 0.02511773940345369 0.035454545454545454
20 0.6664050235478808 0.5281818181818182 0.029827315541601257 0.03090909090909091
1 0.14992150706436422 0.32045454545454544 0.0282574568288854 0.028181818181818183
5 0.597723704866562 0.3181818181818182 0.014913657770800628 0.03272727272727273
1 0.6562009419152277 0.9122727272727272 0.017268445839874413 0.03
1 0.6118524332810047 0.47954545454545455 0.02119309262166405 0.026363636363636363
1 0.9532967032967034 0.5886363636363636 0.03218210361067504 0.03909090909090909
13 0.5235478806907379 0.31636363636363635 0.03453689167974883 0.02727272727272727
1 0.3512558869701727 0.6277272727272727 0.033751962323390894 0.05
19 0.5945839874411303 0.20363636363636364 0.02590266875981162 0.02909090909090909
6 0.7052590266875982 0.6922727272727273 0.022762951334379906 0.03727272727272727
11 0.2217425431711146 0.4781818181818182 0.027472527472527476 0.02909090909090909
21 0.39952904238618525 0.36818181818181817 0.01883830455259027 0.02727272727272727
13 0.5961538461538461 0.6368181818181818 0.036891679748822605 0.03363636363636364
23 0.5325745682888541 0.8536363636363636 0.019623233908948195 0.03272727272727273
4 0.5616169544740973 0.26045454545454544 0.03218210361067504 0.03
23 0.4901883830455259 0.5818181818181818 0.02433281004709576 0.03090909090909091
3 0.5388540031397174 0.4772727272727273 0.02590266875981162 0.025454545454545455
13 0.5726059654631084 0.9045454545454545 0.03532182103610675 0.025454545454545455
13 0.5047095761381476 0.4722727272727273 0.020408163265306124 0.031818181818181815
13 0.5584772370486657 0.3659090909090909 0.02904238618524333 0.031818181818181815
7 0.6361852433281006 0.8090909090909091 0.03532182103610675 0.02909090909090909
23 0.30416012558869704 0.31727272727272726 0.01805337519623234 0.034545454545454546
21 0.815541601255887 0.8545454545454545 0.017268445839874413 0.023636363636363636
17 0.41483516483516486 0.7440909090909091 0.02590266875981162 0.03363636363636364
19 0.8084772370486657 0.8063636363636364 0.02511773940345369 0.03272727272727273
1 0.6083202511773941 0.6886363636363636 0.02197802197802198 0.035454545454545454
16 0.6585557299843015 0.6895454545454546 0.029827315541601257 0.03727272727272727
5 0.5737833594976453 0.8563636363636363 0.023547880690737835 0.03090909090909091
8 0.8163265306122449 0.9081818181818182 0.01883830455259027 0.025454545454545455
1 0.5231554160125589 0.26545454545454544 0.03532182103610675 0.02909090909090909
6 0.9344583987441131 0.21454545454545454 0.03218210361067504 0.034545454545454546
11 0.7378335949764522 0.20318181818181819 0.0423861852433281 0.03
5 0.5890894819466248 0.37272727272727274 0.022762951334379906 0.03272727272727273
22 0.8233908948194663 0.42772727272727273 0.015698587127158558 0.03363636363636364
14 0.391679748822606 0.4759090909090909 0.023547880690737835 0.031818181818181815
1 0.2739403453689168 0.5263636363636364 0.02511773940345369 0.023636363636363636
0 0.9175824175824177 0.4318181818181818 0.02197802197802198 0.02909090909090909
1 0.7629513343799058 0.7509090909090909 0.026687598116169546 0.034545454545454546
21 0.24646781789638933 0.31772727272727275 0.015698587127158558 0.022727272727272728
19 0.7123233908948196 0.37545454545454543 0.02433281004709576 0.034545454545454546
21 0.8406593406593407 0.5345454545454545 0.0141287284144427 0.02727272727272727
22 0.5372841444270016 0.36863636363636365 0.010204081632653062 0.03
1 0.6106750392464678 0.7418181818181818 0.03924646781789639 0.034545454545454546
10 0.9285714285714286 0.2777272727272727 0.020408163265306124 0.04454545454545455
8 0.6456043956043956 0.20272727272727273 0.02590266875981162 0.03090909090909091
3 0.5859497645211931 0.5872727272727273 0.02590266875981162 0.038181818181818185
17 0.31514913657770804 0.20454545454545456 0.02433281004709576 0.034545454545454546
3 0.7602040816326531 0.6422727272727272 0.02590266875981162 0.035454545454545454
16 0.8253532182103611 0.7481818181818182 0.030612244897959186 0.03090909090909091
1 0.4281789638932496 0.6895454545454546 0.027472527472527476 0.026363636363636363
5 0.7468602825745684 0.4772727272727273 0.02119309262166405 0.03090909090909091
0 0.6797488226059655 0.9109090909090909 0.0282574568288854 0.03272727272727273
19 0.5851648351648352 0.4768181818181818 0.022762951334379906 0.03363636363636364
23 0.7256671899529042 0.9113636363636364 0.02433281004709576 0.03
14 0.42778649921507067 0.5268181818181819 0.020408163265306124 0.031818181818181815
6 0.3414442700156986 0.20318181818181819 0.026687598116169546 0.031818181818181815
17 0.1781789638932496 0.5777272727272728 0.017268445839874413 0.042727272727272725
9 0.8171114599686029 0.6422727272727272 0.03296703296703297 0.04090909090909091
23 0.696624803767661 0.3109090909090909 0.022762951334379906 0.04181818181818182
5 0.31711145996860285 0.36727272727272725 0.01883830455259027 0.02727272727272727
3 0.402668759811617 0.41909090909090907 0.026687598116169546 0.034545454545454546
5 0.46350078492935637 0.6368181818181818 0.02433281004709576 0.031818181818181815
21 0.7017268445839875 0.644090909090909 0.01883830455259027 0.03
16 0.41836734693877553 0.47545454545454546 0.026687598116169546 0.03272727272727273
13 0.5675039246467818 0.740909090909091 0.04081632653061225 0.03090909090909091
11 0.6157770800627944 0.3709090909090909 0.030612244897959186 0.03272727272727273
5 0.7641287284144428 0.8045454545454546 0.022762951334379906 0.03272727272727273
13 0.870094191522763 0.5336363636363637 0.036891679748822605 0.02909090909090909
10 0.4980376766091052 0.8631818181818182 0.019623233908948195 0.04454545454545455
5 0.3437990580847724 0.4159090909090909 0.02197802197802198 0.028181818181818183
5 0.696624803767661 0.37545454545454543 0.011773940345368918 0.03090909090909091
13 0.18956043956043958 0.20272727272727273 0.033751962323390894 0.04
14 0.2676609105180534 0.20545454545454545 0.026687598116169546 0.02727272727272727
13 0.4415227629513344 0.8554545454545455 0.03218210361067504 0.03090909090909091
19 0.30298273155416017 0.26227272727272727 0.02511773940345369 0.03363636363636364
5 0.5561224489795918 0.3145454545454546 0.019623233908948195 0.023636363636363636
1 0.6145996860282575 0.9118181818181819 0.01883830455259027 0.025454545454545455