10 0.4607469512195122 0.64125 0.038871951219512195 0.0405
9 0.4188262195121951 0.41525 0.04649390243902439 0.0585
23 0.35823170731707316 0.7715 0.05030487804878049 0.031
21 0.4207317073170732 0.63525 0.04878048780487805 0.0335
21 0.3441310975609756 0.3245 0.038871951219512195 0.039
5 0.5895579268292683 0.5427500000000001 0.037347560975609755 0.0365
5 0.41501524390243905 0.28175 0.04801829268292683 0.0375
22 0.31059451219512196 0.3245 0.05259146341463415 0.051000000000000004
5 0.4641768292682927 0.50375 0.054878048780487805 0.0415
17 0.6246189024390244 0.72075 0.04496951219512195 0.0405
13 0.39939024390243905 0.67575 0.056402439024390245 0.0385
21 0.3544207317073171 0.55325 0.04878048780487805 0.029500000000000002
6 0.2522865853658537 0.41475 0.057926829268292686 0.0405
12 0.3955792682926829 0.81525 0.03048780487804878 0.0315
0 0.42225609756097565 0.50225 0.04573170731707317 0.0365
10 0.5365853658536586 0.36475 0.0350609756097561 0.043500000000000004
8 0.35251524390243905 0.0965 0.0663109756097561 0.036000000000000004
12 0.5678353658536586 0.362 0.038109756097560975 0.041
13 0.2995426829268293 0.6775 0.0625 0.044
21 0.35022865853658536 0.6795 0.05106707317073171 0.035
23 0.4321646341463415 0.23475000000000001 0.04725609756097561 0.0405
17 0.6257621951219512 0.5405 0.04725609756097561 0.043000000000000003
23 0.6840701219512195 0.364 0.055640243902439025 0.042
14 0.5308689024390244 0.546 0.040396341463414635 0.039
12 0.21189024390243902 0.6715 0.04725609756097561 0.038
6 0.5956554878048781 0.0975 0.054115853658536585 0.046
6 0.37576219512195125 0.28350000000000003 0.053353658536585365 0.041
1 0.19817073170731708 0.372 0.056402439024390245 0.04
1 0.3868140243902439 0.50625 0.04801829268292683 0.0415
1 0.31402439024390244 0.14225000000000002 0.04878048780487805 0.0425
22 0.506859756097561 0.54625 0.028963414634146343 0.0385
6 0.3231707317073171 0.23375 0.05030487804878049 0.0395
22 0.4550304878048781 0.81375 0.027439024390243903 0.0315
20 0.125 0.6990000000000001 0.039634146341463415 0.036000000000000004
17 0.3673780487804878 0.7235 0.059451219512195126 0.044
16 0.43597560975609756 0.594 0.059451219512195126 0.04
13 0.4527439024390244 0.0955 0.04878048780487805 0.042
14 0.34451219512195125 0.5075000000000001 0.05182926829268293 0.047
23 0.33346036585365857 0.41300000000000003 0.041920731707317076 0.037
21 0.21379573170731708 0.505 0.040396341463414635 0.031
22 0.23628048780487806 0.37 0.03658536585365854 0.04
10 0.3517530487804878 0.14025 0.03125 0.0425
5 0.37309451219512196 0.4575 0.04801829268292683 0.041
5 0.2964939024390244 0.41300000000000003 0.04725609756097561 0.033
11 0.13567073170731708 0.41200000000000003 0.028963414634146343 0.03
17 0.20579268292682928 0.41425 0.05182926829268293 0.035500000000000004
6 0.2782012195121951 0.3665 0.04573170731707317 0.043000000000000003
5 0.27515243902439024 0.2795 0.04725609756097561 0.035
14 0.5548780487804879 0.72075 0.044207317073170736 0.0395
5 0.5910823170731707 0.7215 0.038871951219512195 0.034
0 0.22370426829268295 0.461 0.05106707317073171 0.041
22 0.5228658536585366 0.41400000000000003 0.028963414634146343 0.037
21 0.4923780487804878 0.6815 0.05030487804878049 0.039
22 0.4104420731707317 0.457 0.04649390243902439 0.039
23 0.4634146341463415 0.3655 0.044207317073170736 0.035
13 0.3639481707317073 0.19025 0.05259146341463415 0.0415
21 0.2526676829268293 0.23425 0.043445121951219516 0.0385
7 0.26676829268292684 0.7242500000000001 0.05182926829268293 0.0425
8 0.26371951219512196 0.18775 0.056402439024390245 0.0405
19 0.4649390243902439 0.723 0.041158536585365856 0.041
3 0.13376524390243902 0.45775 0.04801829268292683 0.0375
6 0.2545731707317073 0.502 0.041158536585365856 0.038
5 0.16234756097560976 0.66325 0.04573170731707317 0.0335
23 0.6634908536585367 0.722 0.05259146341463415 0.038
13 0.5640243902439025 0.14325000000000002 0.06097560975609756 0.0375
1 0.17454268292682928 0.705 0.041158536585365856 0.031
1 0.4447408536585366 0.5475 0.04954268292682927 0.041
23 0.3860518292682927 0.59575 0.040396341463414635 0.0325
14 0.5625 0.545 0.04573170731707317 0.042
21 0.2728658536585366 0.32275 0.053353658536585365 0.035500000000000004
21 0.40396341463414637 0.77025 0.04725609756097561 0.0325
21 0.34146341463414637 0.5965 0.056402439024390245 0.033
5 0.16692073170731708 0.419 0.04878048780487805 0.038
17 0.3285060975609756 0.3675 0.05182926829268293 0.047
1 0.42301829268292684 0.368 0.041158536585365856 0.034
21 0.5994664634146342 0.36975 0.038871951219512195 0.0325
16 0.6486280487804879 0.0965 0.057926829268292686 0.053
1 0.31364329268292684 0.76825 0.054115853658536585 0.0335
10 0.4714176829268293 0.14325000000000002 0.040396341463414635 0.0335
3 0.5373475609756098 0.638 0.042682926829268296 0.042
21 0.5788871951219512 0.63575 0.05259146341463415 0.043500000000000004
21 0.40815548780487804 0.18975 0.04496951219512195 0.0365
21 0.17797256097560976 0.4605 0.04649390243902439 0.039
8 0.3197408536585366 0.45475 0.07393292682926829 0.0395
21 0.5666920731707318 0.5025000000000001 0.041920731707317076 0.039
1 0.4416920731707317 0.4555 0.05259146341463415 0.04
14 0.5190548780487805 0.7212500000000001 0.038109756097560975 0.0395
16 0.5106707317073171 0.14275000000000002 0.05182926829268293 0.0335
7 0.3780487804878049 0.23575000000000002 0.06707317073170732 0.0345
7 0.4839939024390244 0.76775 0.06707317073170732 0.0385
5 0.40358231707317077 0.0965 0.054115853658536585 0.036000000000000004
23 0.5571646341463414 0.41075 0.04573170731707317 0.0375
22 0.4965701219512195 0.7232500000000001 0.01753048780487805 0.0395
13 0.3791920731707317 0.3675 0.055640243902439025 0.035
1 0.27172256097560976 0.45575 0.06173780487804878 0.0405
3 0.4214939024390244 0.1395 0.053353658536585365 0.038
1 0.4965701219512195 0.6375000000000001 0.043445121951219516 0.037
5 0.3715701219512195 0.41375 0.041920731707317076 0.0345
10 0.484375 0.5935 0.043445121951219516 0.043000000000000003
5 0.2496189024390244 0.6785 0.04496951219512195 0.036000000000000004
6 0.3151676829268293 0.7245 0.04954268292682927 0.04
16 0.30221036585365857 0.503 0.04801829268292683 0.039
3 0.17225609756097562 0.509 0.04573170731707317 0.032
22 0.4603658536585366 0.41325 0.03048780487804878 0.0305
16 0.3250762195121951 0.281 0.054115853658536585 0.035
5 0.31021341463414637 0.1895 0.04573170731707317 0.039
22 0.4759908536585366 0.4555 0.03582317073170732 0.041
13 0.4009146341463415 0.552 0.04878048780487805 0.038
19 0.4805640243902439 0.547 0.04801829268292683 0.042
8 0.4988567073170732 0.8115 0.08460365853658537 0.032
6 0.14329268292682928 0.371 0.056402439024390245 0.042
22 0.28658536585365857 0.23450000000000001 0.027439024390243903 0.039
22 0.4397865853658537 0.7695 0.027439024390243903 0.036000000000000004
21 0.3071646341463415 0.09425 0.041158536585365856 0.0335
23 0.538109756097561 0.099 0.06402439024390244 0.039
10 0.7004573170731707 0.101 0.044207317073170736 0.045
23 0.08346036585365854 0.651 0.043445121951219516 0.038
17 0.638719512195122 0.36525 0.056402439024390245 0.0465
9 0.25838414634146345 0.1485 0.054878048780487805 0.07
7 0.2602896341463415 0.10425 0.04801829268292683 0.0555
3 0.12614329268292684 0.654 0.060213414634146346 0.038
5 0.381859756097561 0.1395 0.041158536585365856 0.037
21 0.4832317073170732 0.1885 0.054878048780487805 0.041
1 0.5022865853658537 0.36475 0.041158536585365856 0.043500000000000004
21 0.4253048780487805 0.8150000000000001 0.03353658536585366 0.029
22 0.4424542682926829 0.18875 0.023628048780487805 0.0385
3 0.44626524390243905 0.6755 0.055640243902439025 0.039
16 0.5369664634146342 0.59225 0.07850609756097561 0.0445
5 0.4969512195121951 0.41350000000000003 0.041158536585365856 0.036000000000000004
22 0.5358231707317074 0.50275 0.028963414634146343 0.0425
21 0.5041920731707317 0.50325 0.04801829268292683 0.0345