5 0.394993894993895 0.15128968253968253 0.04884004884004884 0.11408730158730158
8 0.4816849816849817 0.867063492063492 0.08669108669108669 0.11706349206349206
5 0.6675824175824175 0.6036706349206349 0.04945054945054945 0.11011904761904762
1 0.5015262515262515 0.5004960317460317 0.04456654456654457 0.0744047619047619
19 0.3363858363858364 0.16121031746031744 0.07203907203907203 0.14186507936507936
13 0.5467032967032966 0.5004960317460317 0.036019536019536016 0.08035714285714285
13 0.3315018315018315 0.283234126984127 0.07448107448107448 0.08829365079365079
5 0.6297313797313797 0.37351190476190477 0.06043956043956044 0.10019841269841269
22 0.38217338217338215 0.2802579365079365 0.020757020757020756 0.1121031746031746
21 0.7637362637362637 0.8526785714285714 0.054945054945054944 0.12003968253968253
5 0.5091575091575091 0.3804563492063492 0.06593406593406594 0.08630952380952381
5 0.42216117216117216 0.8695436507936507 0.05555555555555555 0.09226190476190475
10 0.4523809523809524 0.5044642857142857 0.05128205128205128 0.08234126984126984
21 0.4081196581196581 0.753968253968254 0.045787545787545784 0.09325396825396826
23 0.6196581196581197 0.7356150793650793 0.04395604395604395 0.10813492063492063
19 0.7289377289377289 0.706845238095238 0.07081807081807082 0.09424603174603174
18 0.5482295482295483 0.8625992063492063 0.06593406593406594 0.11805555555555555
13 0.4908424908424908 0.15128968253968253 0.06349206349206349 0.10813492063492063
17 0.39377289377289376 0.38541666666666663 0.06593406593406594 0.13194444444444445
10 0.3772893772893773 0.06597222222222222 0.03785103785103785 0.08432539682539682
21 0.5921855921855922 0.845734126984127 0.03540903540903541 0.09226190476190475
22 0.7701465201465202 0.35664682539682535 0.023809523809523808 0.12202380952380952
20 0.7973137973137974 0.5868055555555555 0.05860805860805861 0.10615079365079365
8 0.507020757020757 0.7286706349206349 0.08608058608058608 0.10416666666666666
10 0.7103174603174603 0.5987103174603174 0.04700854700854701 0.11011904761904762
21 0.34035409035409037 0.5143849206349206 0.04700854700854701 0.07242063492063491
11 0.3540903540903541 0.8844246031746031 0.08302808302808302 0.08829365079365079
7 0.8501221001221001 0.835813492063492 0.06654456654456654 0.08432539682539682
22 0.731074481074481 0.4796626984126984 0.026251526251526252 0.11011904761904762
5 0.6941391941391941 0.4880952380952381 0.04884004884004884 0.09126984126984126
13 0.6364468864468864 0.48908730158730157 0.06288156288156288 0.0873015873015873
8 0.5372405372405372 0.26041666666666663 0.06471306471306472 0.09424603174603174
13 0.637057387057387 0.8516865079365079 0.06043956043956044 0.13392857142857142
22 0.7976190476190477 0.8402777777777777 0.026251526251526252 0.10119047619047619
5 0.5708180708180708 0.7247023809523809 0.05372405372405373 0.12996031746031744
1 0.47649572649572647 0.2663690476190476 0.057997557997558 0.09821428571428571
13 0.6526251526251526 0.248015873015873 0.07081807081807082 0.10912698412698413
21 0.5857753357753358 0.4905753968253968 0.0347985347985348 0.08432539682539682
13 0.9053724053724054 0.9325396825396824 0.057387057387057384 0.08134920634920634
10 0.43925518925518925 0.15476190476190477 0.043345543345543344 0.12301587301587301
18 0.42918192918192916 0.28720238095238093 0.07203907203907203 0.13194444444444445
22 0.7512210012210012 0.5942460317460317 0.03235653235653236 0.11507936507936507
5 0.7377899877899878 0.3621031746031746 0.045787545787545784 0.09325396825396826
3 0.6184371184371185 0.6036706349206349 0.057387057387057384 0.09226190476190475
15 0.3507326007326007 0.6378968253968254 0.05311355311355311 0.10515873015873015
3 0.800976800976801 0.3526785714285714 0.031746031746031744 0.09027777777777778
1 0.4184981684981685 0.061507936507936505 0.04212454212454213 0.07142857142857142
1 0.5702075702075702 0.6046626984126984 0.07203907203907203 0.11805555555555555
1 0.8083028083028083 0.462797619047619 0.05372405372405373 0.10813492063492063
5 0.3986568986568987 0.6428571428571428 0.04395604395604395 0.0873015873015873
17 0.5457875457875457 0.14533730158730157 0.04395604395604395 0.08630952380952381
20 0.5863858363858364 0.15228174603174602 0.036019536019536016 0.08234126984126984
5 0.5894383394383395 0.25496031746031744 0.054334554334554336 0.10317460317460317
7 0.641941391941392 0.1488095238095238 0.07509157509157509 0.08333333333333333
17 0.39285714285714285 0.5218253968253967 0.061660561660561664 0.11706349206349206
23 0.7634310134310134 0.2435515873015873 0.06532356532356533 0.10615079365079365
23 0.7655677655677655 0.47371031746031744 0.030525030525030524 0.07638888888888888
1 0.6657509157509157 0.7251984126984127 0.06532356532356533 0.13293650793650794
22 0.7747252747252747 0.716765873015873 0.030525030525030524 0.10218253968253968
7 0.9508547008547008 0.9399801587301587 0.020146520146520148 0.06646825396825397
19 0.4474969474969475 0.3948412698412698 0.06227106227106227 0.11904761904761904
20 0.3605006105006105 0.7564484126984127 0.07264957264957266 0.11011904761904762
5 0.34523809523809523 0.39980158730158727 0.06288156288156288 0.10515873015873015
21 0.7097069597069597 0.25 0.04945054945054945 0.10119047619047619
13 0.9203296703296703 0.8521825396825397 0.06288156288156288 0.09722222222222221
20 0.7008547008547008 0.8452380952380952 0.06837606837606838 0.10912698412698413
11 0.503968253968254 0.6220238095238095 0.07387057387057387 0.08928571428571427
17 0.4539072039072039 0.6225198412698413 0.07020757020757021 0.13194444444444445
11 0.6822344322344323 0.37053571428571425 0.06776556776556776 0.08630952380952381
23 0.4474969474969475 0.742063492063492 0.042735042735042736 0.09126984126984126
7 0.8333333333333334 0.9375 0.06593406593406594 0.0734126984126984
21 0.7567155067155067 0.9330357142857142 0.028693528693528692 0.05257936507936507
14 0.8229548229548229 0.708829365079365 0.06105006105006105 0.11408730158730158
3 0.5714285714285714 0.36706349206349204 0.07692307692307693 0.125
22 0.7847985347985348 0.9211309523809523 0.025030525030525032 0.07837301587301587