1 0.5312619869581895 0.38761335134092223 0.03912543153049482 0.021609106694964304
21 0.38703490602224777 0.44607370248890604 0.030686612965093975 0.018522091452826548
14 0.5723053317990027 0.22699208952344202 0.04449558879938627 0.029133706347675092
10 0.5237821250479479 0.3612772525564345 0.028001534330648253 0.025274937295002894
21 0.6873801304181051 0.4433725641520355 0.03145377828922133 0.01813621454755933
10 0.600115074798619 0.4453019486783716 0.024165707710011506 0.027783137179239824
1 0.4909858074415036 0.30387806289793556 0.04065976217874952 0.01967972216862821
20 0.5609896432681243 0.5550839282268956 0.045646336785577286 0.023538491221300403
17 0.38684311469121596 0.5932857418483504 0.0349060222477944 0.01813621454755933
13 0.6304181051016494 0.5853752652903723 0.0379746835443038 0.021994983600231527
17 0.397391637897967 0.5308701524213776 0.03452243958573072 0.024117306579201234
11 0.6200613732259301 0.27686667952923016 0.04487917146144994 0.020065599073895428
13 0.49213655542769463 0.5879799344009261 0.04219409282700422 0.019872660621261817
5 0.35404679708477177 0.22004630522863206 0.029919447640966625 0.025660814200270114
3 0.38108937476026084 0.41906231912020064 0.03874184886843114 0.022380860505498746
22 0.5046029919447641 0.44404784873625314 0.015726889144610665 0.01871502990546016
7 0.38722669735327964 0.13804746285934785 0.04794783275795934 0.021802045147597916
5 0.5864978902953586 0.4141423885780436 0.019946298427311084 0.01910090681072738
20 0.6244725738396624 0.468840439899672 0.04219409282700422 0.01813621454755933
11 0.7117376294591484 0.6091066949643064 0.0349060222477944 0.023152614316033184
21 0.6524741081703107 0.41317769631487555 0.02915228231683928 0.01910090681072738
22 0.3212504794783276 0.3315647308508586 0.024165707710011506 0.026046691105537333
1 0.6894898350594553 0.36060196797221683 0.026467203682393553 0.025081998842369283
22 0.46701189106252394 0.16872467682809184 0.01956271576524741 0.02643256801080455
5 0.43881856540084385 0.4729886166312946 0.03145377828922133 0.021802045147597916
23 0.6258151131568853 0.5540227667374108 0.03720751822017645 0.019872660621261817
5 0.6425009589566552 0.6103607949064248 0.030686612965093975 0.024117306579201234
1 0.7915228231683927 0.3336870538298283 0.031837360951285 0.027204321821338993
20 0.4215573456079785 0.16448003087015242 0.04372842347525892 0.024117306579201234
1 0.3964326812428078 0.3047462859347868 0.03720751822017645 0.021416168242330696
18 0.413885692366705 0.24715415782365424 0.03989259685462217 0.034728921474049775
13 0.3287303413885692 0.5027976075631874 0.04219409282700422 0.023538491221300403
10 0.43881856540084385 0.6455720625120587 0.029919447640966625 0.021609106694964304
17 0.7021480629075565 0.2777349025660814 0.03720751822017645 0.019872660621261817
8 0.32182585347142306 0.6154736639012155 0.04833141542002301 0.022766737410765965
13 0.5680859225163022 0.38742041288828866 0.04296125815113157 0.021223229789697085
22 0.6375143843498273 0.35876905267219755 0.016877637130801686 0.027204321821338993
1 0.49175297276563096 0.35876905267219755 0.03912543153049482 0.021030291337063477
13 0.3989259685462217 0.2753231719081613 0.03912543153049482 0.01967972216862821
13 0.6952435749904105 0.3037815936716187 0.0379746835443038 0.023345552768666795
21 0.6329113924050632 0.3880956974725063 0.02301495972382048 0.019872660621261817
10 0.44495588799386265 0.5601967972216862 0.022247794399693134 0.025660814200270114
1 0.4767932489451477 0.41558942697279566 0.03989259685462217 0.021223229789697085
21 0.747602608362102 0.5273007910476558 0.03222094361334867 0.01775033764229211
5 0.5663598005370157 0.3048427551611036 0.0333716915995397 0.01967972216862821
5 0.3306482546988876 0.24840825776577272 0.03452243958573072 0.023345552768666795
13 0.5095895665515918 0.5579780050163997 0.04411200613732259 0.021223229789697085
13 0.44131185270425777 0.38925332818830793 0.0333716915995397 0.023345552768666795
21 0.3845416187188339 0.24647887323943662 0.02032988108937476 0.019486783715994598
21 0.48388952819332565 0.4435655026046691 0.025700038358266206 0.01775033764229211
23 0.3881856540084388 0.5015435076210689 0.03452243958573072 0.021030291337063477
21 0.517644802454929 0.47376037044182906 0.024932873034138856 0.01871502990546016
22 0.49002685078634445 0.47549681651553155 0.024932873034138856 0.020258537526529036
17 0.3147295742232451 0.6457650009646922 0.045646336785577286 0.021223229789697085
21 0.35097813578826237 0.5926104572641328 0.03989259685462217 0.01678564537912406
12 0.5122746451860376 0.4165541192359637 0.03413885692366705 0.022380860505498746
3 0.6336785577291906 0.528651360216091 0.04449558879938627 0.021994983600231527
6 0.4909858074415036 0.530677213968744 0.04296125815113157 0.022959675863399576
20 0.4754507096279248 0.1933243295388771 0.0364403528960491 0.01813621454755933
8 0.6611047180667433 0.3866486590777542 0.0364403528960491 0.021994983600231527
3 0.364403528960491 0.4477136793362917 0.02915228231683928 0.021802045147597916
1 0.7192174913693901 0.49903530773683197 0.04986574606827771 0.021030291337063477
13 0.5797851937092443 0.27619139494501255 0.04104334484081319 0.02064441443179626
1 0.5233985423858841 0.526721975689755 0.0333716915995397 0.018907968358093767
20 0.31089374760260835 0.5586532896006174 0.0364403528960491 0.021416168242330696
12 0.4643268124280782 0.3044568782558364 0.03567318757192175 0.022766737410765965
1 0.36708860759493667 0.5319313139108625 0.04219409282700422 0.023538491221300403
8 0.7207518220176448 0.4437584410573027 0.04602991944764096 0.018522091452826548
1 0.5563866513233602 0.24908354234999036 0.0379746835443038 0.020837352884429866
1 0.4010356731875719 0.4748215319313139 0.04257767548906789 0.023924368126567626
23 0.3440736478711162 0.38819216669882306 0.029919447640966625 0.022766737410765965
20 0.4549290372075182 0.2460929963341694 0.04219409282700422 0.021802045147597916
5 0.581319524357499 0.360023152614316 0.028001534330648253 0.022766737410765965
5 0.5021097046413502 0.4593864557206251 0.02915228231683928 0.016978583831757668
5 0.6864211737629459 0.5543121744163612 0.03720751822017645 0.023538491221300403
5 0.7226697353279632 0.41356357322014276 0.04065976217874952 0.020258537526529036
6 0.32163406214039125 0.27792784101871504 0.03260452627541235 0.019486783715994598
22 0.3665132336018412 0.33320470769824423 0.02032988108937476 0.021994983600231527
23 0.6440352896049099 0.4431796256994019 0.022247794399693134 0.019293845263360986
5 0.5592635212888377 0.331854138529809 0.03222094361334867 0.024696121937102064
22 0.5826620636747218 0.3346517460929963 0.016877637130801686 0.01910090681072738
21 0.6672420406597621 0.3033957167663515 0.024932873034138856 0.020258537526529036
21 0.6206367472190256 0.3574184835037623 0.022247794399693134 0.01910090681072738
21 0.34829305715381664 0.41906231912020064 0.03298810893747602 0.021609106694964304
5 0.3924050632911392 0.16351533860698436 0.02915228231683928 0.022187922052865135
1 0.4039125431530495 0.6457650009646922 0.04679708477176831 0.021223229789697085
17 0.41676256233218256 0.44645957939417324 0.03874184886843114 0.022766737410765965
21 0.7522056003068661 0.36243488327223616 0.037591100882240124 0.025660814200270114
8 0.6016494054468737 0.3047462859347868 0.04257767548906789 0.024117306579201234
6 0.5723053317990027 0.47009453984179045 0.03298810893747602 0.021802045147597916
5 0.5993479094744917 0.5554698051321628 0.024165707710011506 0.016978583831757668
22 0.4142692750287687 0.38963920509357514 0.019179133103183737 0.02064441443179626
1 0.6534330648254698 0.33166120007717537 0.0364403528960491 0.021223229789697085
23 0.33237437667817415 0.3047462859347868 0.028768699654775604 0.019486783715994598
3 0.5615650172612198 0.5294231140266255 0.04833141542002301 0.021223229789697085
17 0.5404679708477177 0.47385683966814585 0.022247794399693134 0.027783137179239824
5 0.3563482930571538 0.6150877869959482 0.030686612965093975 0.023538491221300403
12 0.46029919447640966 0.5018329153000193 0.03298810893747602 0.022380860505498746
22 0.7242040659762179 0.30407100135056914 0.016877637130801686 0.021994983600231527
1 0.5939777522056002 0.5289407678950415 0.0349060222477944 0.020258537526529036
22 0.3367855772919064 0.4417325873046498 0.04142692750287687 0.016399768473856838
21 0.420981971614883 0.5567239050742813 0.025700038358266206 0.01524213775805518
21 0.5997314921365554 0.5841211653482539 0.026467203682393553 0.01871502990546016
2 0.6988876102800153 0.3890603897356743 0.022247794399693134 0.021030291337063477
13 0.6950517836593786 0.33127532317190816 0.03989259685462217 0.020451475979162647
16 0.5619485999232834 0.5013505691684352 0.03375527426160337 0.022187922052865135
13 0.7303413885692366 0.5554698051321628 0.05063291139240506 0.021994983600231527
23 0.36881472957422323 0.3615666602353849 0.024932873034138856 0.020065599073895428
14 0.3582662063674722 0.24754003472892147 0.04065976217874952 0.01967972216862821
3 0.4407364787111622 0.41722940382018137 0.04065976217874952 0.021030291337063477
3 0.5694284618335251 0.5852787960640555 0.03874184886843114 0.020258537526529036
3 0.3818565400843882 0.39070036658306 0.04411200613732259 0.026239629558170944
21 0.34695051783659375 0.36040902951958326 0.025700038358266206 0.016978583831757668
1 0.3814729574223245 0.21927455141809762 0.04334484081319524 0.023345552768666795
21 0.45761411584196393 0.5299054601582095 0.03375527426160337 0.023731429673934015
22 0.7652474108170311 0.3319506077561258 0.018411967779056387 0.024503183484468453
23 0.6634062140391254 0.35973374493536564 0.025700038358266206 0.027204321821338993
22 0.6601457614115842 0.2506270499710592 0.016110471806674336 0.019293845263360986
11 0.7188339087073264 0.3613737217827513 0.04449558879938627 0.021223229789697085
1 0.7347525891829689 0.27725255643449737 0.04257767548906789 0.020837352884429866
5 0.643843498273878 0.24908354234999036 0.027234369006520903 0.023152614316033184
5 0.5391254315304947 0.22583445880764036 0.026467203682393553 0.023345552768666795
11 0.46854622171077864 0.4747250627049971 0.024932873034138856 0.025274937295002894
13 0.6104718066743383 0.6085278796064055 0.0379746835443038 0.018522091452826548
10 0.3210586881472957 0.41693999614123095 0.029919447640966625 0.022380860505498746
13 0.6191024165707709 0.41346710399382597 0.04372842347525892 0.023538491221300403
21 0.6497890295358649 0.27686667952923016 0.026850786344457228 0.020837352884429866
10 0.4969313387034906 0.38983214354620876 0.026467203682393553 0.025274937295002894
7 0.32508630609896433 0.16718116920702294 0.0379746835443038 0.024503183484468453
6 0.49309551208285385 0.5007717538105344 0.03413885692366705 0.021030291337063477
6 0.3260452627541235 0.2207215898128497 0.03912543153049482 0.023538491221300403
13 0.6822017644802455 0.41346710399382597 0.03874184886843114 0.018522091452826548
23 0.7096279248177982 0.4699016013891569 0.02915228231683928 0.019872660621261817
12 0.5525508247027234 0.3633031063090874 0.0349060222477944 0.026625506463438163
16 0.5303030303030303 0.5859540806482731 0.04411200613732259 0.022380860505498746
19 0.6551591868047564 0.55344395137951 0.021480629075565784 0.01871502990546016
22 0.4470655926352129 0.3305035693613737 0.013425393172228614 0.023924368126567626
22 0.6233218258534714 0.4438549102836195 0.017644802454929037 0.024889060389735675
17 0.6574606827771384 0.46932278603125605 0.02761795166858458 0.020258537526529036
12 0.6453778289221327 0.5009646922631681 0.0364403528960491 0.024117306579201234
1 0.4240506329113924 0.33098591549295775 0.0364403528960491 0.021030291337063477
6 0.39163789796701187 0.33320470769824423 0.03528960490985807 0.025467875747636502
6 0.6793248945147679 0.4999035307736832 0.03452243958573072 0.026239629558170944
23 0.34388185654008435 0.332336484661393 0.02263137706175681 0.024503183484468453
1 0.43402378212504794 0.3031063090874011 0.0379746835443038 0.020837352884429866
16 0.3682393555811277 0.4748215319313139 0.03682393555811277 0.022380860505498746
3 0.3105101649405447 0.5933822110746672 0.04257767548906789 0.01678564537912406
11 0.6975450709627925 0.2506270499710592 0.04948216340621404 0.021994983600231527
3 0.4269275028768699 0.5315454370055952 0.03528960490985807 0.024310245031834845
8 0.530686612965094 0.30426393980320277 0.04794783275795934 0.023152614316033184
6 0.36210203298810895 0.1663129461701717 0.03298810893747602 0.028554890989774262
1 0.7232451093210587 0.3893497974146247 0.028001534330648253 0.022380860505498746
13 0.43114691215957035 0.1389156858961991 0.04449558879938627 0.027011383368705382
1 0.46835443037974683 0.5604862049006367 0.030686612965093975 0.023538491221300403
1 0.5301112389719984 0.19467489870731236 0.04602991944764096 0.022766737410765965
14 0.7483697736862294 0.4993247154157824 0.038358266206367474 0.020065599073895428
3 0.45607978519370923 0.44636311016785646 0.04142692750287687 0.019872660621261817
13 0.7115458381281166 0.5273007910476558 0.04142692750287687 0.021994983600231527
5 0.549482163406214 0.442118464209917 0.025700038358266206 0.023345552768666795
23 0.3413885692366705 0.4744356550260467 0.030686612965093975 0.022380860505498746
22 0.4863828154967395 0.27619139494501255 0.016877637130801686 0.024889060389735675
13 0.6398158803222094 0.3049392243874204 0.04065976217874952 0.024503183484468453
8 0.549482163406214 0.41452826548331084 0.05024932873034139 0.020258537526529036
5 0.3970080552359033 0.36185606791433533 0.029919447640966625 0.021416168242330696
7 0.3582662063674722 0.2760949257186957 0.04756425009589566 0.01775033764229211
21 0.4721902570003836 0.3913756511672776 0.030686612965093975 0.024889060389735675
16 0.67222861526659 0.5292301755739919 0.03874184886843114 0.022380860505498746
23 0.6825853471423091 0.4708662936523249 0.02186421173762946 0.021030291337063477
8 0.6762562332182585 0.6089137565116728 0.04065976217874952 0.021994983600231527
5 0.7364787111622554 0.46835809376808796 0.029919447640966625 0.018329153000192937
22 0.6187188339087073 0.5015435076210689 0.019946298427311084 0.021802045147597916
14 0.6724204065976218 0.27725255643449737 0.03989259685462217 0.020837352884429866
22 0.6022247794399693 0.36060196797221683 0.016877637130801686 0.024696121937102064
23 0.41196777905638665 0.5005788153579008 0.029919447640966625 0.023345552768666795
22 0.45301112389719983 0.1683387999228246 0.01227464518603759 0.024503183484468453
3 0.5903337169159953 0.2516882114605441 0.03912543153049482 0.021802045147597916
3 0.6047180667433831 0.38983214354620876 0.0379746835443038 0.025274937295002894
10 0.508247027234369 0.335327030677214 0.02531645569620253 0.025081998842369283
6 0.5232067510548523 0.2503376422921088 0.04372842347525892 0.024503183484468453
14 0.7512466436517069 0.3028169014084507 0.03720751822017645 0.021416168242330696
1 0.36747219025700034 0.558846228053251 0.04986574606827771 0.020258537526529036
13 0.3881856540084388 0.6162454177117499 0.03989259685462217 0.023152614316033184
5 0.44802454929037205 0.19207022959675862 0.03452243958573072 0.021802045147597916
5 0.3143459915611814 0.3869380667567046 0.026467203682393553 0.025274937295002894
17 0.3153049482163406 0.47626857032606595 0.030686612965093975 0.019872660621261817
23 0.5253164556962026 0.44404784873625314 0.027234369006520903 0.019486783715994598
3 0.738204833141542 0.33484468454562993 0.03720751822017645 0.026046691105537333
6 0.6635980053701572 0.4432760949257187 0.02531645569620253 0.019486783715994598
9 0.3979670118910625 0.5580744742427166 0.0349060222477944 0.026046691105537333
1 0.4647103950901419 0.6461508778699595 0.03260452627541235 0.020837352884429866
11 0.5124664365170694 0.27686667952923016 0.037591100882240124 0.023538491221300403
21 0.4524357499041043 0.5889446266640942 0.03413885692366705 0.016399768473856838
7 0.7172995780590717 0.5836388192166698 0.03989259685462217 0.021223229789697085
22 0.33544303797468356 0.558363881921667 0.01726121979286536 0.01775033764229211
5 0.46355964710395087 0.3603125602932664 0.026467203682393553 0.023345552768666795
14 0.525891829689298 0.5002894076789504 0.03989259685462217 0.018522091452826548
11 0.43095512082853854 0.3637854524406714 0.04257767548906789 0.022573798958132354
5 0.5460299194476409 0.2760949257186957 0.026467203682393553 0.023152614316033184
23 0.59186804756425 0.49951765386841596 0.03222094361334867 0.022766737410765965
10 0.6200613732259301 0.25149527300791047 0.025700038358266206 0.022187922052865135
21 0.35960874568469503 0.5042446459579394 0.028768699654775604 0.021416168242330696
14 0.46029919447640966 0.2750337642292109 0.03912543153049482 0.01910090681072738
1 0.4750671269658611 0.33204707698244257 0.04871499808208669 0.018522091452826548
5 0.40889911775987725 0.417904688404399 0.029919447640966625 0.022380860505498746
11 0.6146912159570387 0.3341693999614123 0.04718066743383199 0.022766737410765965
12 0.5322209436133487 0.332336484661393 0.025700038358266206 0.024503183484468453
15 0.6729957805907173 0.5840246961219371 0.04718066743383199 0.021994983600231527
20 0.34522439585730724 0.19235963727570904 0.03452243958573072 0.01775033764229211
3 0.4175297276563099 0.5907775419641135 0.03874184886843114 0.017364460737024887
5 0.4319140774836977 0.27406907196604285 0.03222094361334867 0.021030291337063477
3 0.36555427694668197 0.3067721396874397 0.038358266206367474 0.022766737410765965
23 0.7932489451476793 0.36214547559328575 0.04219409282700422 0.02971252170557592
11 0.3634445723053318 0.6441250241173065 0.04641350210970464 0.01871502990546016
21 0.5999232834675873 0.4702874782944241 0.02608362102032988 0.019872660621261817
22 0.4986574606827771 0.1954466525178468 0.020713463751438434 0.024310245031834845
17 0.5747986191024166 0.4437584410573027 0.029535864978902954 0.023924368126567626
7 0.3805140007671653 0.1912984757862242 0.04602991944764096 0.01871502990546016
7 0.4873417721518987 0.24889060389735673 0.0364403528960491 0.025081998842369283
6 0.41676256233218256 0.191394945012541 0.028001534330648253 0.023152614316033184
13 0.3210586881472957 0.5348253907003666 0.05983889528193325 0.019293845263360986
13 0.4192558496355965 0.2222650974339186 0.04449558879938627 0.025467875747636502