3 0.66964755391899 0.19539594843462246 0.04944765912677538 0.030570902394106814
5 0.31220410310362967 0.21841620626151012 0.03945291951604418 0.029465930018416207
1 0.2877432930036823 0.4112338858195212 0.05049973698053656 0.031307550644567216
21 0.8519200420831141 0.09668508287292818 0.037348763808521826 0.028360957642725598
8 0.7761704366123093 0.4467771639042357 0.05944239873750658 0.03462246777163904
13 0.47290899526564967 0.4712707182320442 0.04523934771173067 0.028360957642725598
12 0.6854287217254077 0.16279926335174955 0.046291425565491845 0.029465930018416207
14 0.8498158863755918 0.3556169429097606 0.04576538663861125 0.03425414364640884
3 0.3182535507627564 0.3165745856353591 0.05470804839558127 0.027624309392265192
5 0.29326670173592845 0.056721915285451195 0.03524460810099947 0.02725598526703499
23 0.5197264597580221 0.34806629834254144 0.03787480273540242 0.030939226519337015
22 0.5731194108364018 0.13333333333333333 0.025775907417148868 0.03462246777163904
13 0.8106259863229879 0.13370165745856352 0.05365597054182009 0.03462246777163904
5 0.8669121514992109 0.5714548802946593 0.03787480273540242 0.03720073664825046
22 0.8103629668595476 0.3874769797421731 0.0194634402945818 0.03462246777163904
20 0.8695423461336138 0.9338858195211787 0.051551814834297736 0.04014732965009208
1 0.30220936349289845 0.1858195211786372 0.04471330878485008 0.031307550644567216
15 0.24487112046291426 0.3788213627992633 0.04576538663861125 0.031307550644567216
23 0.28511309836927934 0.08839779005524862 0.03577064702788006 0.028729281767955802
11 0.8471856917411889 0.2659300184162063 0.05839032088374539 0.03020257826887661
7 0.6023145712782746 0.8009208103130755 0.0483955812730142 0.034990791896869246
11 0.6872698579694897 0.534438305709024 0.048921620199894794 0.03314917127071823
17 0.6877958968963703 0.567219152854512 0.048921620199894794 0.03462246777163904
10 0.6678064176749079 0.7714548802946593 0.03524460810099947 0.031307550644567216
5 0.7033140452393477 0.5011049723756906 0.04418726985796949 0.027624309392265192
14 0.8445554971067859 0.7731123388581952 0.04681746449237244 0.03167587476979742
5 0.12677538137822197 0.15046040515653775 0.03051025775907417 0.027624309392265192
6 0.7527617043661231 0.68195211786372 0.051551814834297736 0.03720073664825046
3 0.4281956864807996 0.1572744014732965 0.04523934771173067 0.027992633517495397
21 0.8953182535507628 0.3250460405156538 0.041031036296685953 0.028360957642725598
12 0.6199368753287743 0.8627992633517495 0.04681746449237244 0.031307550644567216
16 0.6683324566017885 0.676427255985267 0.048921620199894794 0.036464088397790057
21 0.5118358758548133 0.3178637200736648 0.03682272488164124 0.02725598526703499
5 0.20199894792214623 0.38011049723756907 0.03682272488164124 0.028729281767955802
7 0.09600210415570752 0.44106813996316757 0.05839032088374539 0.02615101289134438
5 0.7698579694897422 0.09779005524861878 0.03840084166228301 0.030570902394106814
7 0.7091004734350341 0.7716390423572744 0.05470804839558127 0.03535911602209944
22 0.5239347711730667 0.3828729281767956 0.026301946344029457 0.032044198895027624
14 0.6386112572330352 0.3834254143646409 0.04313519200420831 0.03314917127071823
14 0.45870594423987376 0.25469613259668505 0.039978958442924775 0.02615101289134438
10 0.6564965807469753 0.6049723756906077 0.03051025775907417 0.03425414364640884
21 0.33666491320357705 0.1559852670349908 0.041031036296685953 0.028360957642725598
8 0.46291425565491845 0.7703499079189686 0.05049973698053656 0.029097605893186003
10 0.7319831667543398 0.8653775322283609 0.0341925302472383 0.03572744014732965
5 0.24986849026827984 0.08968692449355432 0.0389268805891636 0.029097605893186003
13 0.5341925302472382 0.6003683241252302 0.05733824302998422 0.023572744014732964
3 0.6294055760126249 0.8985267034990791 0.05418200946870068 0.033517495395948435
1 0.47317201472908993 0.03959484346224677 0.022619673855865333 0.01289134438305709
17 0.5034192530247238 0.7320441988950276 0.046291425565491845 0.031307550644567216
5 0.12361914781693845 0.40994475138121544 0.033666491320357705 0.03167587476979742
4 0.7651236191478169 0.1992633517495396 0.04681746449237244 0.030939226519337015
17 0.6920042083114151 0.6053406998158379 0.03945291951604418 0.030570902394106814
23 0.3198316675433982 0.4635359116022099 0.041031036296685953 0.022467771639042358
23 0.8605996843766438 0.8657458563535911 0.03787480273540242 0.03572744014732965
17 0.8992635455023672 0.06721915285451197 0.037348763808521826 0.030570902394106814
1 0.2540768016833246 0.28158379373848985 0.04523934771173067 0.028360957642725598
19 0.8248290373487638 0.6845303867403315 0.04313519200420831 0.034990791896869246
21 0.941083640189374 0.4141804788213628 0.023145712782745922 0.028360957642725598
14 0.1349289847448711 0.11860036832412522 0.021567596002104155 0.026519337016574586
13 0.8119410836401894 0.09686924493554327 0.05207785376117832 0.03167587476979742
23 0.48842714360862705 0.34769797421731125 0.03208837453971594 0.027992633517495397
5 0.2861651762230405 0.3797421731123389 0.046291425565491845 0.03167587476979742
19 0.7296159915833772 0.16445672191528546 0.046291425565491845 0.029097605893186003
1 0.547343503419253 0.06261510128913443 0.05102577590741715 0.029465930018416207
1 0.8250920568122041 0.4465930018416206 0.05418200946870068 0.032780847145488026
17 0.706207259337191 0.2885819521178637 0.04576538663861125 0.02615101289134438
7 0.9292477643345607 0.2983425414364641 0.06049447659126775 0.028729281767955802
10 0.18884797475013151 0.24935543278084715 0.028406102051551814 0.03241252302025783
1 0.716991057338243 0.3197053406998158 0.041031036296685953 0.02725598526703499
1 0.9229352972119936 0.3869244935543278 0.055234087322461864 0.02983425414364641
21 0.8926880589163598 0.20184162062615102 0.04208311415044713 0.028729281767955802
17 0.7088374539715939 0.2596685082872928 0.04050499736980537 0.028729281767955802
8 0.716991057338243 0.09760589318600368 0.0683850604944766 0.03167587476979742
6 0.8997895844292477 0.8683241252302025 0.04471330878485008 0.03793738489871087
10 0.8279852709100474 0.5068139963167587 0.034718569174118884 0.038305709023941065
13 0.5491846396633351 0.8325966850828729 0.052603892688058915 0.032044198895027624
6 0.8858495528669121 0.8051565377532228 0.04944765912677538 0.03241252302025783
12 0.37532877432930034 0.18858195211786372 0.03945291951604418 0.030939226519337015
8 0.6159915833771699 0.5657458563535911 0.05996843766438716 0.03167587476979742
20 0.7943187795896897 0.4174953959484346 0.04944765912677538 0.032780847145488026
22 0.9095213045765387 0.4149171270718232 0.03051025775907417 0.03793738489871087
11 0.7235665439242503 0.8972375690607735 0.06891109942135717 0.036832412523020254
13 0.599947396107312 0.06298342541436464 0.05207785376117832 0.030939226519337015
8 0.914255654918464 0.571086556169429 0.052603892688058915 0.036464088397790057
5 0.7285639137296159 0.8337016574585635 0.04208311415044713 0.034990791896869246
22 0.14860599684376644 0.4097605893186004 0.025775907417148868 0.03425414364640884
10 0.554445028932141 0.7996316758747698 0.034718569174118884 0.036832412523020254
21 0.7648605996843766 0.13167587476979742 0.04208311415044713 0.030570902394106814
0 0.46896370331404524 0.7338858195211786 0.0341925302472383 0.02983425414364641
23 0.2422409258285113 0.41104972375690607 0.048921620199894794 0.029465930018416207
16 0.8950552340873225 0.3583793738489871 0.04576538663861125 0.036832412523020254
14 0.19121514992109415 0.18545119705340699 0.04681746449237244 0.030570902394106814
13 0.71436086270384 0.6451197053406998 0.051551814834297736 0.03941068139963168
5 0.7977380326144135 0.772744014732965 0.042609153077327724 0.03462246777163904
10 0.554445028932141 0.22430939226519336 0.03156233561283535 0.028729281767955802
22 0.5881115202524987 0.32025782688766113 0.023145712782745922 0.030570902394106814
7 0.5865334034718569 0.501841620626151 0.05681220410310363 0.028360957642725598
22 0.40846922672277747 0.09281767955801105 0.021567596002104155 0.03388581952117864
5 0.2906365071015255 0.2517495395948435 0.04576538663861125 0.027624309392265192
0 0.16201998947922147 0.31896869244935544 0.03577064702788006 0.026519337016574586
20 0.5497106785902156 0.09465930018416206 0.05365597054182009 0.027992633517495397
20 0.8019463440294582 0.8014732965009208 0.042609153077327724 0.03167587476979742
13 0.578642819568648 0.8957642725598527 0.0483955812730142 0.03388581952117864
6 0.8558653340347185 0.6051565377532229 0.041031036296685953 0.027992633517495397
14 0.4844818516570226 0.6325966850828729 0.04418726985796949 0.033517495395948435
11 0.4700157811678064 0.3165745856353591 0.04576538663861125 0.026887661141804787
22 0.16044187269857968 0.18747697974217312 0.01893740136770121 0.03388581952117864
1 0.7790636507101525 0.7090239410681399 0.0483955812730142 0.03241252302025783
7 0.6322987901104682 0.5353591160220994 0.05576012624934245 0.02983425414364641
21 0.7919516044187269 0.32265193370165746 0.04155707522356654 0.02725598526703499
22 0.8450815360336664 0.8360957642725598 0.0194634402945818 0.03535911602209944
5 0.5923198316675434 0.7337016574585635 0.05049973698053656 0.03462246777163904
6 0.18095739084692267 0.4106813996316759 0.041031036296685953 0.03609576427255985
10 0.34823776959495 0.22191528545119704 0.034718569174118884 0.032044198895027624
10 0.19305628616517623 0.3165745856353591 0.02524986849026828 0.030570902394106814
21 0.6002104155707522 0.7038674033149172 0.03682272488164124 0.030939226519337015
20 0.724092582851131 0.03609576427255985 0.037348763808521826 0.013259668508287293
13 0.19568648079957918 0.46464088397790054 0.04208311415044713 0.016574585635359115
21 0.2517096265123619 0.15543278084714549 0.0341925302472383 0.02725598526703499
22 0.7611783271962125 0.534622467771639 0.02524986849026828 0.02983425414364641
3 0.9134665965281431 0.505524861878453 0.048921620199894794 0.032044198895027624
21 0.6259863229879011 0.6023941068139963 0.02524986849026828 0.032780847145488026
8 0.3048395581273014 0.12302025782688766 0.06891109942135717 0.03314917127071823
22 0.50894266175697 0.062246777163904234 0.02367175170962651 0.03167587476979742
0 0.9103103629668595 0.774585635359116 0.03208837453971594 0.029465930018416207
16 0.7756443976854287 0.040699815837937386 0.026827985270910047 0.018047882136279926
5 0.7990531299316149 0.26335174953959484 0.0389268805891636 0.030939226519337015
21 0.5423461336138874 0.1285451197053407 0.039978958442924775 0.027992633517495397
16 0.6004734350341925 0.09779005524861878 0.05102577590741715 0.032044198895027624
16 0.8390320883745397 0.4169429097605893 0.052603892688058915 0.03388581952117864
23 0.8790110468174644 0.3880294659300184 0.04208311415044713 0.02615101289134438
22 0.769594950026302 0.8018416206261509 0.03156233561283535 0.03388581952117864
22 0.8374539715938979 0.5705340699815837 0.0241977906365071 0.03535911602209944
5 0.8069437138348238 0.7390423572744015 0.041031036296685953 0.031307550644567216
22 0.7396107311941084 0.3543278084714549 0.029458179905312992 0.039042357274401474
1 0.7004208311415044 0.9318600368324125 0.037348763808521826 0.02725598526703499
7 0.47185691741188845 0.19208103130755064 0.04208311415044713 0.029097605893186003
10 0.73224618621778 0.9313075506445672 0.029458179905312992 0.027624309392265192
11 0.37848500789058387 0.25451197053407 0.056286165176223035 0.026519337016574586
7 0.39347711730668067 0.41270718232044196 0.05681220410310363 0.026887661141804787
21 0.653603366649132 0.567403314917127 0.036296685954760655 0.027624309392265192
20 0.2327722251446607 0.46961325966850825 0.06365071015255129 0.02578268876611418
19 0.8724355602314571 0.4471454880294659 0.048921620199894794 0.03388581952117864
21 0.4363492898474487 0.22228360957642726 0.03840084166228301 0.028360957642725598
1 0.8924250394529195 0.6495395948434622 0.04471330878485008 0.03572744014732965
21 0.25460284061020516 0.34990791896869244 0.03787480273540242 0.030939226519337015
21 0.5 0.8655616942909761 0.03945291951604418 0.027992633517495397
3 0.33929510783798 0.281767955801105 0.04418726985796949 0.02725598526703499
5 0.5270910047343503 0.9248618784530387 0.03051025775907417 0.022099447513812154
22 0.2609153077327722 0.18821362799263353 0.028406102051551814 0.03462246777163904
21 0.587585481325618 0.19263351749539595 0.04208311415044713 0.03462246777163904
21 0.5497106785902156 0.443646408839779 0.03787480273540242 0.027624309392265192
20 0.6249342451341399 0.4731123388581952 0.04418726985796949 0.029097605893186003
1 0.14360862703840083 0.08839779005524862 0.034718569174118884 0.03020257826887661
21 0.923198316675434 0.1003683241252302 0.03787480273540242 0.030570902394106814
1 0.8950552340873225 0.607366482504604 0.03524460810099947 0.03020257826887661
10 0.5168332456601789 0.5022099447513813 0.03840084166228301 0.036464088397790057
23 0.4713308784850079 0.7983425414364641 0.03787480273540242 0.02615101289134438
23 0.6893740136770121 0.8044198895027624 0.04471330878485008 0.03388581952117864
13 0.1296685954760652 0.24769797421731124 0.0341925302472383 0.031307550644567216
13 0.6504471330878485 0.037016574585635356 0.04050499736980537 0.01583793738489871
21 0.5846922672277748 0.22596685082872928 0.03314045239347711 0.029097605893186003
3 0.5978432403997895 0.8324125230202578 0.049973698053655966 0.03462246777163904
17 0.7780115728563913 0.8977900552486188 0.0483955812730142 0.034990791896869246
5 0.66070489216202 0.4736648250460405 0.03682272488164124 0.030939226519337015
22 0.5126249342451341 0.1302025782688766 0.022619673855865333 0.03572744014732965
1 0.8716465018411362 0.8987108655616942 0.05996843766438716 0.039042357274401474
3 0.5352446081009995 0.8637200736648251 0.042609153077327724 0.027992633517495397
10 0.22093634928984746 0.3478821362799263 0.034718569174118884 0.032044198895027624
1 0.5820620725933718 0.4718232044198895 0.04471330878485008 0.03167587476979742
6 0.7432930036822725 0.06077348066298342 0.05049973698053656 0.03314917127071823
19 0.7346133613887428 0.5705340699815837 0.04576538663861125 0.03314917127071823
13 0.4413466596528143 0.8279926335174954 0.039978958442924775 0.03020257826887661
13 0.42319831667543395 0.3173112338858195 0.049973698053655966 0.027624309392265192
20 0.3019463440294582 0.43996316758747694 0.05470804839558127 0.023204419889502764
21 0.21988427143608627 0.056721915285451195 0.039978958442924775 0.027992633517495397
17 0.6706996317727512 0.3843462246777164 0.03577064702788006 0.030570902394106814
11 0.6804313519200421 0.7046040515653775 0.05102577590741715 0.029465930018416207
3 0.6422935297211994 0.06316758747697974 0.0483955812730142 0.030570902394106814
10 0.5673329826407154 0.7001841620626151 0.0341925302472383 0.027992633517495397
19 0.2727511835875855 0.21878453038674034 0.04050499736980537 0.02725598526703499
6 0.8500789058390321 0.6497237569060773 0.051551814834297736 0.03609576427255985
13 0.08837453971593898 0.40957642725598525 0.05470804839558127 0.036832412523020254
5 0.35060494476591264 0.12559852670349908 0.04050499736980537 0.029465930018416207
11 0.5917937927406628 0.16372007366482505 0.058916359810625984 0.028360957642725598
5 0.6614939505523408 0.22615101289134437 0.04576538663861125 0.027992633517495397
7 0.49105733824303 0.8316758747697974 0.06049447659126775 0.03314917127071823
1 0.48290373487638083 0.5670349907918969 0.03577064702788006 0.030570902394106814
11 0.8595476065228826 0.5375690607734807 0.05576012624934245 0.031307550644567216
14 0.09047869542346133 0.35027624309392263 0.04208311415044713 0.03020257826887661
5 0.8784850078905839 0.4152854511970534 0.04523934771173067 0.03720073664825046
7 0.6123093108890058 0.2591160220994475 0.05996843766438716 0.025414364640883976
22 0.545502367175171 0.5051565377532228 0.02524986849026828 0.030570902394106814
22 0.8211467648605997 0.5394106813996317 0.026301946344029457 0.027624309392265192
5 0.21883219358232509 0.25009208103130753 0.034718569174118884 0.030939226519337015
13 0.6375591793792741 0.4147329650092081 0.04944765912677538 0.03167587476979742
10 0.9618621778011572 0.13609576427255984 0.027880063124671225 0.031307550644567216
1 0.13729615991583377 0.35101289134438307 0.04734350341925302 0.029465930018416207
19 0.8834823776959495 0.8364640883977901 0.05418200946870068 0.03020257826887661
8 0.8429773803261441 0.32430939226519334 0.067859021567596 0.030570902394106814
1 0.7343503419253025 0.8027624309392265 0.046291425565491845 0.030570902394106814
5 0.6317727511835876 0.7694290976058932 0.046291425565491845 0.03756906077348066
16 0.8172014729089953 0.934438305709024 0.05418200946870068 0.02725598526703499
14 0.8990005260389269 0.26758747697974217 0.04734350341925302 0.032780847145488026
22 0.37927406628090476 0.12578268876611418 0.021041557075223566 0.031307550644567216
3 0.7630194634402946 0.7406998158379373 0.04786954234613361 0.03314917127071823
14 0.41004734350341926 0.12412523020257826 0.04155707522356654 0.03314917127071823
13 0.7543398211467648 0.26243093922651933 0.05049973698053656 0.02983425414364641
5 0.12414518674381904 0.3174953959484346 0.03577064702788006 0.03314917127071823
2 0.5120988953182536 0.4397790055248619 0.03314045239347711 0.029465930018416207
11 0.715149921094161 0.22983425414364642 0.05207785376117832 0.03020257826887661
13 0.29037348763808524 0.15469613259668508 0.0483955812730142 0.03314917127071823
21 0.6404523934771172 0.8314917127071823 0.037348763808521826 0.03572744014732965
12 0.7561809573908469 0.29097605893186 0.042609153077327724 0.028729281767955802
23 0.793792740662809 0.538121546961326 0.03156233561283535 0.029465930018416207
10 0.32693319305628615 0.05856353591160221 0.03840084166228301 0.029465930018416207
11 0.3929510783798001 0.4408839779005525 0.058916359810625984 0.03020257826887661
0 0.5581273014203051 0.35009208103130757 0.04313519200420831 0.031307550644567216
23 0.14150447133087848 0.43830570902394106 0.03051025775907417 0.02725598526703499
23 0.4608100999473961 0.6651933701657459 0.03577064702788006 0.03167587476979742
0 0.5481325618095739 0.534622467771639 0.039978958442924775 0.027624309392265192
7 0.27748553392951075 0.46574585635359117 0.04155707522356654 0.020257826887661142
3 0.511572856391373 0.8001841620626151 0.05207785376117832 0.02983425414364641
17 0.29352972119936876 0.2813996316758748 0.04734350341925302 0.03020257826887661
22 0.6286165176223041 0.6751381215469613 0.03051025775907417 0.03167587476979742
8 0.715149921094161 0.3861878453038674 0.061546554445028934 0.03425414364640884
5 0.6935823250920568 0.062246777163904234 0.05733824302998422 0.028729281767955802
23 0.6617569700157812 0.9283609576427255 0.029458179905312992 0.025414364640883976
22 0.8298264071541294 0.29447513812154696 0.02472382956338769 0.029097605893186003
11 0.5257759074171489 0.7 0.06049447659126775 0.031307550644567216
16 0.9587059442398738 0.16850828729281767 0.028932140978432403 0.029097605893186003
11 0.7682798527091005 0.9338858195211787 0.042609153077327724 0.027624309392265192
13 0.47264597580220935 0.698158379373849 0.04155707522356654 0.034990791896869246
20 0.4463440294581799 0.08913443830570902 0.05207785376117832 0.029465930018416207
10 0.5881115202524987 0.5316758747697974 0.03261441346659653 0.026887661141804787
1 0.6459758022093635 0.1302025782688766 0.04734350341925302 0.032780847145488026
9 0.16333508679642292 0.058931860036832415 0.05207785376117832 0.013996316758747698
5 0.4118884797475013 0.1876611418047882 0.04208311415044713 0.029097605893186003
23 0.6283534981588638 0.19502762430939227 0.043661230931088896 0.03425414364640884
21 0.5623356128353498 0.9263351749539595 0.03787480273540242 0.026519337016574586
8 0.8274592319831667 0.16537753222836096 0.06102051551814834 0.03020257826887661
5 0.8135192004208311 0.8311233885819521 0.04681746449237244 0.03425414364640884
13 0.6538663861125723 0.09815837937384898 0.052603892688058915 0.03425414364640884
3 0.20278800631246713 0.43959484346224675 0.043661230931088896 0.02467771639042357
20 0.7703840084166228 0.8331491712707182 0.049973698053655966 0.03020257826887661
22 0.17201472908995266 0.28434622467771636 0.023145712782745922 0.030939226519337015
5 0.7974750131509731 0.29355432780847146 0.039978958442924775 0.029465930018416207
22 0.4416096791162546 0.19042357274401472 0.0194634402945818 0.030939226519337015
21 0.556286165176223 0.7681399631675875 0.042609153077327724 0.032044198895027624
10 0.3390320883745397 0.1865561694290976 0.03208837453971594 0.034990791896869246
1 0.47290899526564967 0.05874769797421731 0.04944765912677538 0.023204419889502764
6 0.9352972119936875 0.3263351749539595 0.0389268805891636 0.029465930018416207
13 0.6404523934771172 0.4451197053406998 0.042609153077327724 0.029097605893186003
1 0.7672277748553392 0.6047882136279926 0.037348763808521826 0.028729281767955802
6 0.5889005786428195 0.602025782688766 0.04681746449237244 0.030570902394106814
7 0.4789584429247764 0.5994475138121547 0.04576538663861125 0.02615101289134438
5 0.7183061546554445 0.19779005524861878 0.048921620199894794 0.03241252302025783
14 0.8229879011046817 0.8966850828729281 0.04576538663861125 0.034990791896869246
22 0.1509731720147291 0.15119705340699816 0.0241977906365071 0.030570902394106814
21 0.38295633876906887 0.08913443830570902 0.029458179905312992 0.02725598526703499
14 0.9239873750657548 0.16611418047882137 0.042609153077327724 0.03020257826887661
23 0.1551814834297738 0.2169429097605893 0.033666491320357705 0.023572744014732964
16 0.43871646501841133 0.8950276243093922 0.03787480273540242 0.030939226519337015
7 0.5949500263019464 0.4480662983425414 0.057864281956864806 0.029097605893186003
22 0.43871646501841133 0.1261510128913444 0.022093634928984744 0.03720073664825046
21 0.5576012624934245 0.6721915285451197 0.04208311415044713 0.027992633517495397
11 0.8519200420831141 0.7397790055248619 0.055234087322461864 0.03720073664825046
13 0.6065228826933193 0.929097605893186 0.05049973698053656 0.025414364640883976
23 0.8529721199368753 0.13406998158379374 0.037348763808521826 0.03241252302025783
23 0.6183587585481325 0.22670349907918969 0.037348763808521826 0.029097605893186003
13 0.4931614939505523 0.15966850828729282 0.05102577590741715 0.02983425414364641
23 0.7064702788006312 0.6784530386740332 0.04418726985796949 0.03462246777163904
17 0.7175170962651236 0.4171270718232044 0.04313519200420831 0.033517495395948435
14 0.8129931614939505 0.35543278084714547 0.042609153077327724 0.03020257826887661
22 0.5071015255128879 0.472744014732965 0.041031036296685953 0.028360957642725598
5 0.48316675433982115 0.5001841620626151 0.04155707522356654 0.03241252302025783
13 0.33193056286165173 0.2535911602209945 0.041031036296685953 0.027624309392265192
10 0.635718043135192 0.7372007366482505 0.04576538663861125 0.04014732965009208
14 0.9371383482377695 0.3583793738489871 0.04576538663861125 0.03388581952117864
14 0.1704366123093109 0.11620626151012892 0.04944765912677538 0.026887661141804787
3 0.4447659126775381 0.2826887661141805 0.04681746449237244 0.023941068139963165
13 0.17175170962651234 0.0856353591160221 0.037348763808521826 0.029097605893186003
3 0.21146764860599684 0.0876611418047882 0.04313519200420831 0.028729281767955802
21 0.4229352972119937 0.25340699815837936 0.033666491320357705 0.02578268876611418
14 0.7272488164124145 0.1294659300184162 0.04786954234613361 0.03572744014732965
21 0.6804313519200421 0.4160220994475138 0.04681746449237244 0.032044198895027624
7 0.9174118884797475 0.23554327808471454 0.04944765912677538 0.029097605893186003
3 0.551814834297738 0.31988950276243094 0.05365597054182009 0.028360957642725598
23 0.7514466070489216 0.31896869244935544 0.04155707522356654 0.026519337016574586
5 0.8637559179379274 0.06556169429097605 0.03682272488164124 0.029465930018416207
17 0.7711730668069436 0.16316758747697974 0.04313519200420831 0.030939226519337015
7 0.3690163072067333 0.3162062615101289 0.06575486586007365 0.028360957642725598
23 0.2511835875854813 0.25285451197053405 0.03103629668595476 0.028360957642725598
17 0.32403997895844294 0.37918968692449356 0.0389268805891636 0.029097605893186003
14 0.8250920568122041 0.06593001841620626 0.04576538663861125 0.03241252302025783
22 0.8769068911099421 0.7740331491712708 0.028406102051551814 0.036464088397790057
3 0.9029458179905313 0.6852670349907919 0.048921620199894794 0.03720073664825046
5 0.23566543924250394 0.2176795580110497 0.03787480273540242 0.029465930018416207
22 0.41004734350341926 0.2848987108655617 0.02472382956338769 0.029097605893186003
23 0.36217780115728565 0.3784530386740331 0.043661230931088896 0.032780847145488026
13 0.6273014203051026 0.3197053406998158 0.05312993161493951 0.03314917127071823
5 0.7945817990531299 0.6828729281767956 0.03840084166228301 0.038305709023941065
3 0.1943713834823777 0.21823204419889503 0.043661230931088896 0.02467771639042357
21 0.479484481851657 0.4408839779005525 0.027880063124671225 0.026519337016574586
13 0.6667543398211467 0.2594843462246777 0.04681746449237244 0.028360957642725598
23 0.49053129931614936 0.38121546961325964 0.043661230931088896 0.03167587476979742
9 0.3534981588637559 0.09060773480662983 0.03682272488164124 0.04419889502762431
9 0.511572856391373 0.7675874769797422 0.049973698053655966 0.04861878453038674
9 0.9250394529195161 0.538305709023941 0.02998421883219358 0.02467771639042357
20 0.3990005260389269 0.37918968692449356 0.048921620199894794 0.030570902394106814
21 0.7853761178327195 0.23259668508287293 0.033666491320357705 0.030570902394106814
16 0.4976328248290373 0.09576427255985266 0.04734350341925302 0.030939226519337015
13 0.5604944765912677 0.38121546961325964 0.048921620199894794 0.03314917127071823
9 0.725933719095213 0.6066298342541436 0.03787480273540242 0.03756906077348066
23 0.7559179379274066 0.7731123388581952 0.0389268805891636 0.03020257826887661
5 0.8282482903734876 0.8629834254143646 0.03314045239347711 0.03462246777163904
1 0.7046291425565492 0.3550644567219153 0.05207785376117832 0.03020257826887661
21 0.6680694371383482 0.28931860036832413 0.0389268805891636 0.026887661141804787
21 0.730405049973698 0.5342541436464088 0.037348763808521826 0.030570902394106814
7 0.3435034192530247 0.34677716390423574 0.06102051551814834 0.028360957642725598
5 0.2175170962651236 0.15359116022099448 0.036296685954760655 0.030939226519337015
1 0.5654918463966333 0.03443830570902394 0.03577064702788006 0.020257826887661142
7 0.44739610731194107 0.38176795580110495 0.05207785376117832 0.02983425414364641
7 0.6054708048395581 0.03535911602209944 0.041031036296685953 0.02136279926335175
1 0.2272488164124145 0.3162062615101289 0.046291425565491845 0.027624309392265192
1 0.7716991057338243 0.35322283609576427 0.04944765912677538 0.03609576427255985
13 0.5231457127827459 0.567219152854512 0.04681746449237244 0.03241252302025783
3 0.7582851130983692 0.6469613259668509 0.048921620199894794 0.04162062615101289
23 0.7514466070489216 0.4176795580110497 0.04155707522356654 0.03241252302025783
22 0.4594950026301946 0.16114180478821363 0.01841136244082062 0.033517495395948435
14 0.6856917411888479 0.1303867403314917 0.04471330878485008 0.03241252302025783
11 0.17990531299316148 0.34917127071823206 0.051551814834297736 0.027992633517495397
11 0.5094687006838506 0.6694290976058932 0.05944239873750658 0.033517495395948435
3 0.4700157811678064 0.22357274401473295 0.037348763808521826 0.03020257826887661
7 0.536559705418201 0.6314917127071823 0.05470804839558127 0.03572744014732965
5 0.6578116780641767 0.8629834254143646 0.04155707522356654 0.03462246777163904
5 0.9376643871646502 0.269060773480663 0.037348763808521826 0.03793738489871087
3 0.6948974224092582 0.8648250460405157 0.04313519200420831 0.03314917127071823
8 0.5523408732246186 0.25930018416206263 0.057864281956864806 0.025046040515653775
3 0.09521304576538664 0.46611418047882136 0.04734350341925302 0.023941068139963165
11 0.7711730668069436 0.3861878453038674 0.058916359810625984 0.032044198895027624
1 0.4889531825355076 0.4112338858195212 0.042609153077327724 0.028360957642725598
21 0.8416622830089426 0.3878453038674033 0.0389268805891636 0.028729281767955802
22 0.4253024723829563 0.3475138121546961 0.02367175170962651 0.029097605893186003
21 0.3811152025249868 0.2832412523020258 0.03945291951604418 0.026519337016574586
1 0.6438716465018411 0.16261510128913442 0.04523934771173067 0.029097605893186003
22 0.895581273014203 0.5372007366482504 0.02367175170962651 0.027624309392265192
5 0.841136244082062 0.8027624309392265 0.04418726985796949 0.032044198895027624
3 0.25802209363492895 0.054696132596685085 0.036296685954760655 0.027624309392265192
23 0.6025775907417149 0.1303867403314917 0.03840084166228301 0.03020257826887661
11 0.6207259337190952 0.28895027624309394 0.058916359810625984 0.027624309392265192
13 0.2480273540241978 0.12099447513812155 0.049973698053655966 0.034990791896869246
11 0.3400841662283009 0.4106813996316759 0.05418200946870068 0.03314917127071823
22 0.7569700157811677 0.23351749539594843 0.02524986849026828 0.03314917127071823
6 0.1646501841136244 0.38084714548802945 0.04418726985796949 0.03388581952117864
5 0.7761704366123093 0.570902394106814 0.04050499736980537 0.03609576427255985
5 0.39558127301420304 0.3484346224677716 0.03787480273540242 0.029465930018416207
5 0.5662809047869543 0.567403314917127 0.04576538663861125 0.030570902394106814
5 0.5925828511309836 0.4149171270718232 0.049973698053655966 0.031307550644567216
5 0.7225144660704892 0.44880294659300185 0.04471330878485008 0.030570902394106814
3 0.6770120988953182 0.4484346224677716 0.058916359810625984 0.03572744014732965
5 0.7890583903208838 0.06556169429097605 0.03787480273540242 0.028729281767955802
21 0.20489216201998947 0.11731123388581952 0.036296685954760655 0.029097605893186003
21 0.6046817464492372 0.3837937384898711 0.03945291951604418 0.03241252302025783
11 0.5465544450289321 0.732780847145488 0.05049973698053656 0.036464088397790057
1 0.08995265649658074 0.3775322283609576 0.0483955812730142 0.03167587476979742
5 0.5775907417148869 0.8627992633517495 0.03787480273540242 0.030570902394106814
5 0.8700683850604944 0.5062615101289134 0.04944765912677538 0.032780847145488026
16 0.6770120988953182 0.32117863720073664 0.04523934771173067 0.03020257826887661
13 0.4931614939505523 0.532596685082873 0.05839032088374539 0.028729281767955802
14 0.730405049973698 0.7099447513812155 0.05207785376117832 0.030570902394106814
1 0.8808521830615466 0.16593001841620625 0.049973698053655966 0.031307550644567216
19 0.8503419253024723 0.19999999999999998 0.04786954234613361 0.03314917127071823
3 0.9381904260915307 0.06813996316758747 0.042609153077327724 0.03167587476979742
7 0.24855339295107837 0.43922651933701656 0.05418200946870068 0.029097605893186003
23 0.7004208311415044 0.4736648250460405 0.04786954234613361 0.026519337016574586
3 0.9594950026301946 0.10184162062615101 0.03051025775907417 0.02983425414364641
1 0.6493950552340872 0.8003683241252302 0.05839032088374539 0.03020257826887661
3 0.6617569700157812 0.5029465930018416 0.041031036296685953 0.030570902394106814
6 0.18332456601788533 0.15359116022099448 0.03945291951604418 0.029465930018416207
21 0.2135718043135192 0.4119705340699816 0.03051025775907417 0.028360957642725598
3 0.8895318253550762 0.13517495395948434 0.051551814834297736 0.030939226519337015
21 0.6294055760126249 0.5025782688766114 0.03314045239347711 0.027624309392265192
13 0.8708574434508153 0.2968692449355433 0.055234087322461864 0.028729281767955802
21 0.6717517096265123 0.8996316758747698 0.034718569174118884 0.034990791896869246
5 0.16254602840610205 0.24788213627992634 0.03051025775907417 0.030939226519337015
13 0.380326144134666 0.156353591160221 0.051551814834297736 0.030570902394106814
5 0.6041557075223566 0.35230202578268877 0.05418200946870068 0.030570902394106814
5 0.8100999473961072 0.5703499079189687 0.04313519200420831 0.032780847145488026
21 0.23119410836401894 0.1869244935543278 0.036296685954760655 0.029097605893186003
17 0.8198316675433982 0.23314917127071821 0.03945291951604418 0.03167587476979742
7 0.3726985796948974 0.05837937384898711 0.048921620199894794 0.021731123388581953
23 0.8887427669647554 0.09760589318600368 0.037348763808521826 0.030939226519337015
22 0.1262493424513414 0.37992633517495394 0.026301946344029457 0.032780847145488026
21 0.8074697527617043 0.1996316758747698 0.039978958442924775 0.028729281767955802
0 0.6733298264071541 0.7386740331491712 0.04734350341925302 0.03867403314917127
7 0.14518674381904262 0.4666666666666667 0.05049973698053656 0.022099447513812154
3 0.5904786954234613 0.7670349907918969 0.0341925302472383 0.033517495395948435
23 0.2901104681746449 0.34898710865561694 0.04050499736980537 0.029097605893186003
5 0.45344555497106787 0.3482504604051565 0.03577064702788006 0.028360957642725598
20 0.4266175697001578 0.056721915285451195 0.04418726985796949 0.02725598526703499
4 0.4818516570226197 0.8977900552486188 0.04418726985796949 0.034990791896869246
11 0.8645449763282482 0.23388581952117862 0.048921620199894794 0.03020257826887661
20 0.6838506049447659 0.8359116022099448 0.05576012624934245 0.03867403314917127
22 0.8934771173066807 0.7441988950276243 0.03208837453971594 0.036464088397790057
5 0.9334560757496054 0.13591160220994475 0.03945291951604418 0.03314917127071823
1 0.8019463440294582 0.6482504604051565 0.05312993161493951 0.038305709023941065
3 0.45686480799579166 0.8642725598526704 0.04681746449237244 0.030570902394106814
3 0.09021567596002104 0.3178637200736648 0.0341925302472383 0.028729281767955802
5 0.3182535507627564 0.08913443830570902 0.03577064702788006 0.03020257826887661
17 0.8603366649132036 0.6832412523020258 0.04050499736980537 0.03241252302025783
6 0.6541294055760126 0.3546961325966851 0.049973698053655966 0.03314917127071823
9 0.5431351920042083 0.4731123388581952 0.036296685954760655 0.03867403314917127
23 0.9331930562861651 0.2025782688766114 0.04313519200420831 0.030939226519337015
1 0.5289321409784324 0.8946593001841621 0.05102577590741715 0.03167587476979742
23 0.8100999473961072 0.6053406998158379 0.04208311415044713 0.029097605893186003
5 0.5675960021041557 0.2860036832412523 0.0389268805891636 0.021731123388581953
8 0.5426091530773277 0.414548802946593 0.0625986322987901 0.030570902394106814
9 0.13466596528143082 0.18176795580110497 0.03577064702788006 0.03941068139963168
23 0.6388742766964756 0.7064456721915285 0.04050499736980537 0.02725598526703499
3 0.5915307732772225 0.6388581952117863 0.05839032088374539 0.036464088397790057
16 0.39189900052603893 0.22099447513812154 0.05049973698053656 0.03167587476979742
17 0.527617043661231 0.03535911602209944 0.033666491320357705 0.019152854511970532
14 0.5967911625460284 0.6725598526703499 0.03840084166228301 0.03241252302025783
7 0.7782745923198316 0.8650092081031308 0.06470278800631246 0.033517495395948435
20 0.2041031036296686 0.28195211786372004 0.0389268805891636 0.031307550644567216
11 0.2682798527091005 0.3176795580110497 0.058916359810625984 0.029097605893186003
16 0.9210941609679116 0.4484346224677716 0.0483955812730142 0.036464088397790057
19 0.4755391899000526 0.12688766114180478 0.051551814834297736 0.034990791896869246