5 0.15769644779332614 0.25704336815447926 0.07857911733046286 0.03165558721114277
22 0.16469321851453175 0.39332067109844887 0.05166846071044133 0.03133903133903134
23 0.3423035522066738 0.581829692940804 0.08611410118406888 0.029756251978474202
21 0.13993541442411195 0.5126622348844571 0.05382131324004305 0.028173472617917063
13 0.7206673842841764 0.09116809116809117 0.1216361679224973 0.026590693257359924
22 0.43756727664155004 0.061411839189616964 0.04628632938643702 0.02849002849002849
5 0.4849300322927879 0.5800886356441912 0.06781485468245424 0.028173472617917063
17 0.23196986006458556 0.2630579297245964 0.08503767491926802 0.04178537511870845
13 0.7481162540365984 0.3176638176638177 0.14208826695371365 0.029439696106362774
1 0.19268030139935413 0.22206394428616652 0.07319698600645855 0.02564102564102564
23 0.32346609257265874 0.2565685343463121 0.0828848223896663 0.02690724912947135
21 0.44886975242195903 0.1282051282051282 0.06027987082884822 0.021525799303577082
13 0.35199138858988155 0.5474833808167141 0.116254036598493 0.037037037037037035
23 0.6388589881593111 0.5759734093067427 0.07857911733046286 0.02690724912947135
8 0.5446716899892357 0.3217790440012662 0.11840688912809472 0.027540360873694207
1 0.3293864370290635 0.6429249762583096 0.10118406889128094 0.03735359290914846
19 0.2631862217438105 0.22238050015827793 0.08503767491926802 0.02880658436213992
16 0.31969860064585576 0.4843304843304843 0.12271259418729816 0.035454257676479896
0 0.3589881593110872 0.32098765432098764 0.08073196986006458 0.027856916745805635
13 0.24058127018299244 0.030231085786641344 0.07427341227125941 0.01361190250079139
1 0.27287405812701826 0.32114593225704335 0.11087190527448869 0.02564102564102564
16 0.541442411194833 0.12741373852484963 0.12055974165769644 0.02564102564102564
10 0.6517761033369214 0.2904400126622349 0.0721205597416577 0.037037037037037035
21 0.6205597416576963 0.0937005381449826 0.0721205597416577 0.02722380500158278
3 0.24811625403659848 0.3928458372902817 0.11733046286329385 0.03102247546691991
3 0.7997847147470397 0.1888255777144666 0.09903121636167922 0.0319721430832542
21 0.5914962325080731 0.2850585628363406 0.06996770721205597 0.02690724912947135
17 0.2664155005382131 0.5853118075340298 0.10656620021528525 0.039886039886039885
7 0.19429494079655543 0.456315289648623 0.09580193756727663 0.023741690408357073
3 0.1959095801937567 0.32288698955365625 0.0581270182992465 0.027856916745805635
11 0.49999999999999994 0.19072491294713517 0.12378902045209902 0.029439696106362774
9 0.1959095801937567 0.18930041152263374 0.08611410118406888 0.0411522633744856
10 0.5457481162540365 0.09765748654637543 0.06673842841765339 0.03513770180436847
1 0.1905274488697524 0.15495409939854385 0.0688912809472551 0.025007913896802784
5 0.43864370290635085 0.5172522950300728 0.1022604951560818 0.024691358024691357
22 0.24596340150699675 0.05982905982905983 0.035522066738428414 0.026590693257359924
16 0.352529601722282 0.15637860082304528 0.1324004305705059 0.026590693257359924
1 0.32346609257265874 0.030864197530864196 0.08934337997847147 0.014245014245014245
16 0.39397201291711514 0.2880658436213992 0.11410118406889128 0.029123140234251346
21 0.3277717976318622 0.38920544476100033 0.07427341227125941 0.03007280785058563
20 0.1991388589881593 0.12456473567584679 0.06673842841765339 0.02564102564102564
17 0.42841765339074267 0.32446976891421336 0.0882669537136706 0.03735359290914846
22 0.2755651237890204 0.1910414688192466 0.06027987082884822 0.029439696106362774
1 0.3702906350914962 0.09480848369737259 0.0968783638320775 0.028173472617917063
5 0.5839612486544671 0.5471668249446027 0.0828848223896663 0.03513770180436847
5 0.27287405812701826 0.12503956948401393 0.08073196986006458 0.026590693257359924
10 0.30247578040904194 0.06362773029439696 0.06458557588805167 0.032288698955365625
21 0.6022604951560817 0.1900918012029123 0.08719052744886975 0.028173472617917063
21 0.6469321851453175 0.3224121557454891 0.09041980624327232 0.030705919594808482
21 0.18406889128094725 0.2926559037670149 0.09257265877287404 0.028173472617917063
1 0.35952637244348756 0.21905666350110795 0.09041980624327232 0.027856916745805635
0 0.21959095801937564 0.48464704020259575 0.08396124865446716 0.0240582462804685
13 0.19160387513455326 0.5527065527065527 0.10333692142088266 0.029756251978474202
6 0.465016146393972 0.09417537195314973 0.0968783638320775 0.03007280785058563
3 0.3379978471474704 0.5159860715416271 0.10333692142088266 0.02722380500158278
6 0.5026910656620021 0.6415004748338081 0.09041980624327232 0.035770813548591324
13 0.2809472551130247 0.2924976258309592 0.116254036598493 0.026590693257359924
22 0.2691065662002153 0.5509654954099399 0.04736275565123789 0.0319721430832542
3 0.472551130247578 0.5477999366888255 0.14208826695371365 0.03513770180436847
14 0.4138858988159311 0.6418170307059196 0.08719052744886975 0.03260525482747705
22 0.4321851453175457 0.2233301677746122 0.05059203444564047 0.03133903133903134
7 0.5920344456404736 0.6408673630895854 0.09257265877287404 0.03450459006014561
21 0.3767491926803014 0.061095283317505536 0.06027987082884822 0.019626464070908515
13 0.45102260495156077 0.48464704020259575 0.13562970936490848 0.03798670465337132
5 0.4052744886975242 0.18930041152263374 0.0635091496232508 0.02849002849002849
21 0.4860064585575888 0.2233301677746122 0.06566200215285252 0.02880658436213992
22 0.55005382131324 0.22364672364672364 0.05166846071044133 0.03007280785058563
22 0.3514531754574811 0.6764798987021209 0.05920344456404736 0.03102247546691991
8 0.2572658772874058 0.09433364988920545 0.1270182992465016 0.027856916745805635
23 0.6555435952637244 0.12646407090851536 0.0688912809472551 0.026274137385248496
13 0.23304628632938643 0.5163026274137386 0.1022604951560818 0.029756251978474202
3 0.5048439181916038 0.2893320671098449 0.12271259418729816 0.032288698955365625
17 0.5683530678148546 0.5862614751503641 0.10118406889128094 0.04621715732826844
13 0.7055974165769644 0.18787591009813231 0.11087190527448869 0.02690724912947135
3 0.2900968783638321 0.6771130104463438 0.0828848223896663 0.03102247546691991
1 0.22120559741657694 0.05998733776511554 0.0828848223896663 0.029439696106362774
23 0.4171151776103337 0.5800886356441912 0.07857911733046286 0.027540360873694207
5 0.7427341227125941 0.12345679012345678 0.10979547900968782 0.025957581513137068
22 0.24219590958019374 0.15859449192782527 0.06027987082884822 0.021525799303577082
1 0.1533907427341227 0.48163975941753717 0.05059203444564047 0.02184235517568851
13 0.36706135629709363 0.12614751503640392 0.10979547900968782 0.025007913896802784