21 0.7232280431432974 0.40270104358502146 0.025038520801232665 0.022099447513812154
8 0.887904468412943 0.5489564149785143 0.04930662557781202 0.029158993247391036
21 0.22072419106317412 0.14625537139349293 0.030816640986132512 0.02547575199508901
13 0.19029275808936827 0.2759361571516267 0.039291217257318954 0.028852056476365868
13 0.8037365177195686 0.07688766114180479 0.038135593220338986 0.02731737262124002
13 0.16024653312788906 0.5046040515653775 0.03775038520801233 0.02516881522406384
17 0.6852850539291218 0.08578882750153467 0.04160246533127889 0.02547575199508901
13 0.2239984591679507 0.5030693677102517 0.03428351309707242 0.025782688766114177
5 0.23940677966101695 0.4137507673419275 0.03582434514637905 0.025782688766114177
1 0.8476502311248074 0.45135052179251073 0.030431432973805857 0.029158993247391036
12 0.7043528505392912 0.21869244935543275 0.02889060092449923 0.0334561080417434
21 0.8869414483821264 0.26365868631062 0.01733436055469954 0.03007980356046654
8 0.1939522342064715 0.5480356046654389 0.04352850539291218 0.02547575199508901
21 0.10670261941448382 0.15653775322283608 0.025423728813559324 0.02025782688766114
21 0.16987673343605547 0.45395948434622463 0.02157164869029276 0.026396562308164517
23 0.8709553158705702 0.45104358502148556 0.02773497688751926 0.02608962553713935
14 0.29333590138674887 0.5455801104972375 0.02889060092449923 0.03038674033149171
22 0.6531201848998459 0.2645794966236955 0.022727272727272728 0.03499079189686924
22 0.9150616332819723 0.12968078575813383 0.019645608628659477 0.02731737262124002
23 0.17238058551617874 0.36341313689379984 0.02889060092449923 0.023941068139963165
22 0.19664869029275808 0.45181092694904845 0.03659476117103236 0.03744628606507059
1 0.7960323574730355 0.3588090853284223 0.019645608628659477 0.027624309392265192
3 0.7203389830508475 0.35543278084714547 0.030046224961479198 0.026396562308164517
1 0.3177966101694915 0.4966236955187231 0.031587057010785825 0.027010435850214853
13 0.08821263482280432 0.4139042357274401 0.019260400616332822 0.03038674033149171
5 0.21340523882896764 0.31813996316758747 0.03543913713405239 0.029772866789441372
10 0.6987673343605547 0.3132289748311847 0.032357473035439135 0.034069981583793735
22 0.9094761171032357 0.26503990178023323 0.03466872110939908 0.029772866789441372
9 0.6533127889060093 0.05463474524248004 0.03312788906009245 0.03314917127071823
1 0.22977657935285054 0.10313075506445671 0.02580893682588598 0.024554941682013505
7 0.3455315870570108 0.5432780847145487 0.045454545454545456 0.024554941682013505
9 0.9160246533127889 0.0914671577655003 0.03389830508474576 0.03314917127071823
9 0.7925654853620956 0.45181092694904845 0.03582434514637905 0.06322897483118477
7 0.6685285053929122 0.13397790055248618 0.05508474576271186 0.02547575199508901
1 0.31317411402157164 0.545426642111725 0.031587057010785825 0.03621853898096992
16 0.14040832049306626 0.3649478207489257 0.02889060092449923 0.03007980356046654
13 0.2538520801232666 0.36126457949662366 0.03389830508474576 0.025782688766114177
21 0.8278120184899846 0.3149171270718232 0.04083204930662558 0.025782688766114177
7 0.7374807395993837 0.31215469613259667 0.04892141756548536 0.026396562308164517
16 0.6623651771956857 0.35758133824432164 0.030431432973805857 0.02823818293431553
16 0.22785053929121726 0.07120933087783916 0.02889060092449923 0.029465930018416204
3 0.7112865947611711 0.5038367096378146 0.032742681047765794 0.0334561080417434
3 0.162557781201849 0.41267648864333945 0.03466872110939908 0.023634131368937997
23 0.27253466872110943 0.4989257213014119 0.02580893682588598 0.02608962553713935
17 0.27291987673343604 0.40899324739103743 0.04044684129429892 0.02793124616329036
3 0.8684514637904469 0.2664211172498465 0.025038520801232665 0.027010435850214853
0 0.8956086286594761 0.40577041129527314 0.03389830508474576 0.021485573971761814
3 0.2944915254237288 0.4976979742173112 0.03120184899845917 0.02793124616329036
5 0.7291987673343606 0.21746470227133208 0.026964560862865947 0.03038674033149171
17 0.703582434514638 0.5432780847145487 0.03505392912172573 0.03007980356046654
6 0.18335901386748846 0.3199815837937385 0.029275808936825888 0.03038674033149171
0 0.19510785824345148 0.3614180478821363 0.02812018489984592 0.029158993247391036
16 0.8482280431432974 0.5480356046654389 0.0362095531587057 0.02547575199508901
3 0.6600539291217258 0.4023941068139963 0.03582434514637905 0.027010435850214853
5 0.8397534668721109 0.36080417434008594 0.030046224961479198 0.031614487415592384
11 0.11787365177195686 0.5478821362799263 0.04776579352850539 0.027010435850214853
17 0.10535439137134053 0.24017802332719457 0.03582434514637905 0.024861878453038673
14 0.9071648690292758 0.5039901780233271 0.026194144838212637 0.02516881522406384
5 0.2908320493066256 0.06169429097605893 0.02157164869029276 0.03376304481276857
11 0.7290061633281972 0.27117863720073665 0.045839753466872114 0.03222836095764272
22 0.1960708782742681 0.14963167587476978 0.020801232665639446 0.029158993247391036
11 0.6644838212634823 0.3100061387354205 0.044684129429892146 0.03069367710251688
22 0.276386748844376 0.544659300184162 0.016563944530046226 0.02731737262124002
13 0.7031972265023113 0.44275629220380597 0.03120184899845917 0.02731737262124002
3 0.13751926040061635 0.4547268262737876 0.039291217257318954 0.02608962553713935
21 0.14714946070878274 0.5481890730509514 0.025423728813559324 0.02332719459791283
0 0.19664869029275808 0.07351135666052792 0.03582434514637905 0.02731737262124002
19 0.10130970724191063 0.1907612031921424 0.02773497688751926 0.024861878453038673
12 0.7715716486902928 0.3586556169429097 0.02773497688751926 0.03038674033149171
23 0.1303929121725732 0.15392879066912216 0.02349768875192604 0.024248004910988333
5 0.12538520801232667 0.11264579496623695 0.02812018489984592 0.026396562308164517
5 0.6739214175654854 0.5441988950276243 0.03120184899845917 0.02823818293431553
0 0.12134052388289678 0.3195211786372007 0.044684129429892146 0.02516881522406384
22 0.9106317411402157 0.047268262737875995 0.030816640986132512 0.018416206261510127
23 0.2781201848998459 0.10282381829343154 0.026194144838212637 0.024554941682013505
22 0.7582819722650231 0.07949662369551871 0.021956856702619414 0.039287906691221605
16 0.6542758089368259 0.08824432166973603 0.038906009244992296 0.0334561080417434
13 0.8971494607087828 0.2162369551872314 0.0362095531587057 0.029772866789441372
6 0.11594761171032358 0.4162062615101289 0.03312788906009245 0.02823818293431553
20 0.7542372881355932 0.4060773480662983 0.03543913713405239 0.03007980356046654
13 0.840331278890601 0.503683241252302 0.03967642526964561 0.028852056476365868
1 0.8466872110939908 0.08809085328422345 0.030046224961479198 0.025782688766114177
14 0.7293913713405239 0.17756292203806015 0.027349768875192606 0.03222836095764272
16 0.1448382126348228 0.279158993247391 0.023882896764252697 0.024861878453038673
21 0.8931047765793528 0.13044812768569675 0.02580893682588598 0.027624309392265192
8 0.8836671802773498 0.0885512584407612 0.039291217257318954 0.024248004910988333
5 0.8669106317411402 0.21562308164518107 0.026579352850539292 0.029772866789441372
10 0.8141371340523883 0.36218538980969917 0.02349768875192604 0.03007980356046654
17 0.799884437596302 0.26611418047882135 0.031972265023112484 0.03007980356046654
11 0.1113251155624037 0.36617556783302635 0.030816640986132512 0.028852056476365868
21 0.687788906009245 0.40454266421117246 0.02349768875192604 0.02823818293431553
23 0.8936825885978429 0.45227133210558623 0.023882896764252697 0.02547575199508901
23 0.8176040061633282 0.5457335788827501 0.024268104776579355 0.024554941682013505
23 0.6879815100154083 0.503683241252302 0.032357473035439135 0.03376304481276857
7 0.15196456086286594 0.24109883364027007 0.04815100154083205 0.023020257826887658
13 0.38694144838212635 0.5426642111724984 0.04044684129429892 0.027010435850214853
21 0.6581278890600925 0.5021485573971761 0.03428351309707242 0.03192142418661755
14 0.6479198767334361 0.5426642111724984 0.031587057010785825 0.032535297728667895
11 0.6843220338983051 0.26780233271945975 0.0450693374422188 0.029158993247391036
23 0.10612480739599384 0.4561080417434008 0.025038520801232665 0.028852056476365868
20 0.8201078582434514 0.21669736034376916 0.04776579352850539 0.03192142418661755
10 0.6814329738058552 0.2194597912829957 0.025423728813559324 0.03621853898096992
1 0.14695685670261943 0.41942909760589314 0.04121725731895223 0.02731737262124002
13 0.8176040061633282 0.04358502148557397 0.030431432973805857 0.019643953345610803
1 0.9191063174114021 0.4538060159607121 0.026964560862865947 0.024861878453038673
5 0.25134822804314333 0.4976979742173112 0.027349768875192606 0.028545119705340696
1 0.7885208012326657 0.4043891958256599 0.030046224961479198 0.02547575199508901
21 0.2226502311248074 0.36172498465316144 0.023882896764252697 0.02056476365868631
14 0.20608628659476116 0.10420503376304481 0.03466872110939908 0.02608962553713935
3 0.14637904468412943 0.19398403928790667 0.03312788906009245 0.024554941682013505
5 0.13212634822804314 0.5019950890116636 0.029275808936825888 0.026703499079189685
22 0.3401386748844376 0.4917127071823204 0.022342064714946073 0.027624309392265192
1 0.187211093990755 0.4120626151012891 0.028505392912172575 0.026703499079189685
3 0.9000385208012327 0.35343769183548185 0.025038520801232665 0.0334561080417434
8 0.10265793528505393 0.505524861878453 0.038906009244992296 0.023941068139963165
0 0.8480354391371341 0.12707182320441987 0.026579352850539292 0.031307550644567216
5 0.8046995377503853 0.501841620626151 0.030046224961479198 0.027010435850214853
23 0.8724961479198767 0.3118477593615715 0.05624036979969184 0.03744628606507059
21 0.2538520801232666 0.10251688152240637 0.025423728813559324 0.02516881522406384
13 0.25154083204930666 0.5458870472682626 0.03312788906009245 0.02547575199508901
13 0.7842835130970724 0.5471147943523633 0.03775038520801233 0.029772866789441372
16 0.22842835130970726 0.27470841006752605 0.040061633281972264 0.028852056476365868
13 0.813366718027735 0.17756292203806015 0.03967642526964561 0.0334561080417434
21 0.7555855161787366 0.5440454266421116 0.025038520801232665 0.02547575199508901
16 0.30489214175654855 0.40945365254757515 0.04198767334360555 0.03007980356046654
23 0.690677966101695 0.3591160220994475 0.028505392912172575 0.027624309392265192
19 0.213020030816641 0.4129834254143646 0.03312788906009245 0.02608962553713935
5 0.7515408320493067 0.13106200122774708 0.026964560862865947 0.03314917127071823
9 0.7800462249614792 0.1309085328422345 0.03543913713405239 0.03713934929404542
23 0.839175654853621 0.2648864333947207 0.03736517719568567 0.02823818293431553
5 0.225346687211094 0.5451197053406998 0.025423728813559324 0.02516881522406384
21 0.1918335901386749 0.5044505831798649 0.03312788906009245 0.024248004910988333
22 0.1673728813559322 0.547268262737876 0.01810477657935285 0.02823818293431553
1 0.926617873651772 0.5518723143032535 0.024268104776579355 0.028852056476365868
3 0.8437981510015409 0.04435236341313689 0.022727272727272728 0.021178637200736646
6 0.2621340523882897 0.06246163290362185 0.03736517719568567 0.03038674033149171
21 0.7336286594761171 0.502915899324739 0.024268104776579355 0.029158993247391036
3 0.7806240369799692 0.31307550644567217 0.0450693374422188 0.027010435850214853
13 0.24595531587057012 0.316451810926949 0.032742681047765794 0.027010435850214853
8 0.6640986132511556 0.17756292203806015 0.046224961479198766 0.0334561080417434
0 0.11902927580893682 0.28084714548802947 0.02465331278890601 0.024554941682013505
20 0.9156394453004623 0.312768569674647 0.02773497688751926 0.03621853898096992
21 0.9264252696456087 0.3586556169429097 0.025423728813559324 0.028545119705340696
1 0.19684129429892142 0.19613259668508284 0.06548536209553159 0.027010435850214853
8 0.7694530046224962 0.502915899324739 0.04429892141756549 0.029158993247391036
5 0.16063174114021572 0.07535297728667893 0.039291217257318954 0.028545119705340696
21 0.17969953775038522 0.15116635972989562 0.02580893682588598 0.022406384284837322
8 0.7263097072419107 0.08394720687538366 0.04429892141756549 0.029158993247391036
1 0.8692218798151001 0.043738489871086556 0.03120184899845917 0.022406384284837322
1 0.8189522342064716 0.12599754450583178 0.031587057010785825 0.035297728667894414
21 0.7738828967642527 0.21884591774094533 0.026194144838212637 0.03192142418661755
7 0.7492295839753467 0.44582565991405765 0.05546995377503852 0.028545119705340696
1 0.6527349768875192 0.2162369551872314 0.026579352850539292 0.029772866789441372
23 0.7172573189522342 0.13259668508287292 0.04699537750385208 0.029465930018416204
10 0.8206856702619415 0.45365254757519946 0.02349768875192604 0.03621853898096992
14 0.7542372881355932 0.17648864333947206 0.026194144838212637 0.03007980356046654
5 0.8474576271186441 0.1720380601596071 0.0362095531587057 0.029772866789441372
16 0.15677966101694915 0.3216697360343769 0.030046224961479198 0.02823818293431553
22 0.75 0.2193063228974831 0.02157164869029276 0.03284223449969306
6 0.7347842835130971 0.5420503376304481 0.032742681047765794 0.0343769183548189
11 0.8931047765793528 0.1729588704726826 0.052773497688751926 0.034069981583793735
22 0.7921802773497689 0.218232044198895 0.01733436055469954 0.027624309392265192
1 0.9264252696456087 0.21992019643953345 0.01848998459167951 0.029158993247391036
8 0.09456856702619415 0.108195211786372 0.03428351309707242 0.0334561080417434
21 0.7817796610169492 0.17664211172498465 0.02889060092449923 0.03284223449969306
21 0.7686825885978429 0.26872314303253525 0.026579352850539292 0.03222836095764272
1 0.7010785824345147 0.17879066912216082 0.03312788906009245 0.034069981583793735