1 0.3722397476340694 0.46835788325150024 0.03533123028391168 0.03000545553737043
22 0.7769716088328076 0.6415711947626841 0.01829652996845426 0.03273322422258592
22 0.5138801261829653 0.257228587015821 0.01577287066246057 0.03327877795962902
13 0.210410094637224 0.5818330605564648 0.04100946372239748 0.026732133115111835
13 0.859621451104101 0.7536824877250409 0.046056782334384865 0.0409165302782324
10 0.34763406940063096 0.29132569558101473 0.0277602523659306 0.031642116748499725
0 0.7025236593059937 0.2509547190398254 0.030914826498422716 0.03927986906710311
5 0.7583596214511041 0.21276595744680848 0.03533123028391168 0.031642116748499725
23 0.461198738170347 0.25559192580469176 0.03154574132492114 0.02891434806328423
8 0.5810725552050474 0.03409710856519367 0.03911671924290221 0.03218767048554282
16 0.6444794952681389 0.4282596835788325 0.038485804416403785 0.028368794326241134
22 0.46624605678233444 0.6451172940534642 0.021451104100946375 0.03327877795962902
3 0.3728706624605678 0.35679214402618653 0.04037854889589906 0.026186579378068738
14 0.4798107255520505 0.43262411347517726 0.038485804416403785 0.030551009274413527
23 0.6302839116719243 0.7956901254773594 0.03659305993690852 0.0430987452264048
16 0.30378548895899055 0.5420076377523185 0.04227129337539433 0.03327877795962902
20 0.8558359621451105 0.4492635024549918 0.03722397476340694 0.035460992907801414
5 0.8179810725552051 0.31151118385160936 0.0359621451104101 0.027277686852154936
11 0.5719242902208203 0.7995090016366612 0.04858044164037855 0.038734315330060005
14 0.44227129337539434 0.6478450627386797 0.03154574132492114 0.03436988543371522
1 0.5034700315457413 0.4290780141843971 0.03406940063091483 0.031096563011456625
7 0.6419558359621451 0.4593562465902891 0.05488958990536278 0.030551009274413527
6 0.48864353312302844 0.7962356792144025 0.04731861198738171 0.03436988543371522
22 0.8198738170347004 0.17484997272231315 0.022082018927444796 0.03327877795962902
5 0.7264984227129339 0.39088925259138024 0.03217665615141956 0.02564102564102564
19 0.1719242902208202 0.6192034915439171 0.04731861198738171 0.03382433169667212
13 0.7772870662460568 0.7894162575013638 0.04290220820189275 0.043644298963447896
22 0.4236593059936909 0.09792689579923622 0.023343848580441643 0.036552100381887616
1 0.8220820189274448 0.21358428805237314 0.03406940063091483 0.026732133115111835
6 0.5391167192429023 0.2869612656846699 0.0359621451104101 0.02509547190398254
7 0.4249211356466877 0.29214402618657936 0.05488958990536278 0.026732133115111835
22 0.5738170347003155 0.25586470267321326 0.022082018927444796 0.03382433169667212
1 0.37854889589905366 0.649481723949809 0.032807570977917984 0.03218767048554282
14 0.41924290220820193 0.3235133660665575 0.03470031545741325 0.03382433169667212
22 0.35993690851735016 0.26104746317512273 0.02965299684542587 0.027823240589198033
10 0.686435331230284 0.46344789961811234 0.03154574132492114 0.038734315330060005
5 0.5151419558359622 0.5046372067648663 0.033438485804416405 0.02400436442989634
1 0.20725552050473187 0.6156573922531369 0.033438485804416405 0.03436988543371522
5 0.3088328075709779 0.580469176213857 0.0359621451104101 0.02945990180032733
21 0.5470031545741325 0.7599563557010365 0.03911671924290221 0.03273322422258592
9 0.7637223974763407 0.38679759956355697 0.044794952681388014 0.04473540643753409
21 0.737223974763407 0.7193126022913257 0.038485804416403785 0.03764320785597381
22 0.5728706624605678 0.31969448990725585 0.022712933753943218 0.030551009274413527
13 0.19463722397476343 0.7255864702673213 0.04858044164037855 0.040370976541189305
7 0.5965299684542588 0.1432078559738134 0.05236593059936909 0.027823240589198033
23 0.5167192429022083 0.06601200218221494 0.03406940063091483 0.030551009274413527
1 0.4214511041009464 0.6121112929623568 0.03785488958990536 0.027277686852154936
1 0.75205047318612 0.1393889798145117 0.0277602523659306 0.031096563011456625
23 0.23249211356466878 0.6822149481723949 0.03470031545741325 0.02891434806328423
9 0.5763406940063092 0.10638297872340424 0.04353312302839117 0.05019094380796508
21 0.710410094637224 0.5327332242225858 0.04290220820189275 0.031096563011456625
13 0.6413249211356468 0.14157119476268412 0.04353312302839117 0.03764320785597381
5 0.49779179810725555 0.3578832515002727 0.03659305993690852 0.030551009274413527
1 0.5022082018927445 0.7212220403709765 0.0416403785488959 0.03382433169667212
21 0.3378548895899054 0.3597926895799236 0.039747634069400635 0.02564102564102564
1 0.6466876971608834 0.17921440261865793 0.03028391167192429 0.027823240589198033
5 0.4460567823343849 0.0646481178396072 0.03154574132492114 0.026732133115111835
23 0.48075709779179815 0.3194217130387343 0.03533123028391168 0.027823240589198033
20 0.5902208201892745 0.5733769776322968 0.0359621451104101 0.031642116748499725
1 0.44700315457413253 0.3216039279869067 0.033438485804416405 0.03327877795962902
1 0.22776025236593062 0.6475722858701581 0.03659305993690852 0.03600654664484451
19 0.5637223974763408 0.6483906164757228 0.03217665615141956 0.03764320785597381
11 0.2772870662460568 0.7212220403709765 0.0498422712933754 0.03927986906710311
8 0.5050473186119874 0.7615930169121657 0.05236593059936909 0.03818876159301691
0 0.5943217665615143 0.5379159847244953 0.04037854889589906 0.03273322422258592
16 0.19242902208201895 0.762684124386252 0.0416403785488959 0.03273322422258592
3 0.44164037854889593 0.21931260229132568 0.03659305993690852 0.030551009274413527
6 0.7861198738170347 0.2828696126568467 0.03028391167192429 0.03000545553737043
23 0.7305993690851735 0.28450627386797595 0.029022082018927448 0.026732133115111835
20 0.30599369085173506 0.430987452264048 0.04416403785488959 0.031642116748499725
13 0.5466876971608833 0.14238952536824875 0.04227129337539433 0.03491543917075832
7 0.8082018927444795 0.754228041462084 0.056782334384858045 0.036552100381887616
6 0.2962145110410095 0.3769776322967812 0.028391167192429023 0.019639934533551555
22 0.7615141955835962 0.2482269503546099 0.026498422712933754 0.02945990180032733
22 0.41671924290220824 0.5070921985815603 0.023343848580441643 0.02891434806328423
5 0.7507886435331231 0.4547190398254228 0.03154574132492114 0.027823240589198033
21 0.4488958990536278 0.1039279869067103 0.03470031545741325 0.02891434806328423
5 0.867192429022082 0.5218221494817239 0.033438485804416405 0.036552100381887616
13 0.4687697160883281 0.39552645935624653 0.04416403785488959 0.03273322422258592
3 0.41545741324921137 0.5777414075286416 0.04100946372239748 0.03382433169667212
12 0.465615141955836 0.6794871794871794 0.03406940063091483 0.03436988543371522
22 0.36529968454258677 0.7228587015821057 0.0138801261829653 0.027277686852154936
20 0.6791798107255521 0.17757774140752863 0.039747634069400635 0.031096563011456625
11 0.38044164037854894 0.4312602291325695 0.04416403785488959 0.02891434806328423
17 0.8176656151419559 0.450354609929078 0.03533123028391168 0.03327877795962902
8 0.9425867507886436 0.4462629569012547 0.03533123028391168 0.030551009274413527
14 0.4091482649842272 0.6451172940534642 0.0359621451104101 0.03000545553737043
16 0.6337539432176656 0.28723404255319146 0.030914826498422716 0.031096563011456625
1 0.6574132492113565 0.7951445717403164 0.03533123028391168 0.03982542280414621
5 0.20504731861198738 0.7951445717403164 0.03406940063091483 0.036552100381887616
22 0.3403785488958991 0.5455537370430987 0.024605678233438486 0.028368794326241134
21 0.5968454258675079 0.35242771412984175 0.0277602523659306 0.02509547190398254
6 0.27223974763406944 0.6145662847790507 0.04100946372239748 0.03218767048554282
1 0.8236593059936909 0.35024549918166936 0.0359621451104101 0.030551009274413527
19 0.461198738170347 0.3592471358428805 0.03785488958990536 0.026732133115111835
3 0.5993690851735016 0.28614293507910527 0.032807570977917984 0.023458810692853244
1 0.9246056782334385 0.2785051827605019 0.038485804416403785 0.03218767048554282
17 0.6138801261829654 0.2206764866339334 0.03028391167192429 0.0430987452264048
17 0.4630914826498423 0.7618657937806873 0.04794952681388013 0.03982542280414621
20 0.7933753943217666 0.21358428805237314 0.030914826498422716 0.03327877795962902
23 0.2 0.6505728314238952 0.03406940063091483 0.02891434806328423
5 0.6618296529968455 0.39088925259138024 0.032807570977917984 0.031096563011456625
5 0.6517350157728707 0.682760501909438 0.03659305993690852 0.031096563011456625
18 0.6555205047318613 0.22340425531914893 0.04037854889589906 0.059465357337697755
22 0.8492113564668771 0.3469721767594108 0.01766561514195584 0.030551009274413527
12 0.12334384858044165 0.7302236770321876 0.04353312302839117 0.0420076377523186
5 0.6324921135646688 0.3194217130387343 0.025867507886435333 0.02127659574468085
10 0.7425867507886436 0.5327332242225858 0.022712933753943218 0.03764320785597381
22 0.538801261829653 0.6478450627386797 0.01766561514195584 0.03327877795962902
3 0.8952681388012619 0.27605019094380795 0.03533123028391168 0.031642116748499725
21 0.5630914826498423 0.2206764866339334 0.038485804416403785 0.03436988543371522
13 0.2858044164037855 0.28505182760501907 0.0277602523659306 0.03000545553737043
8 0.12902208201892745 0.6492089470812874 0.033438485804416405 0.027277686852154936
20 0.5539432176656152 0.6156573922531369 0.03785488958990536 0.03218767048554282
1 0.5457413249211357 0.03464266230223677 0.03406940063091483 0.03436988543371522
0 0.24321766561514196 0.7956901254773594 0.039747634069400635 0.035460992907801414
20 0.5949526813880127 0.25559192580469176 0.029022082018927448 0.035460992907801414
21 0.4264984227129338 0.6822149481723949 0.03659305993690852 0.02891434806328423
13 0.35078864353312306 0.5793780687397708 0.0416403785488959 0.03382433169667212
9 0.6277602523659307 0.031096563011456625 0.045425867507886436 0.0414620840152755
6 0.5413249211356467 0.5780141843971631 0.03028391167192429 0.03327877795962902
6 0.4618296529968455 0.14457174031642114 0.03533123028391168 0.031642116748499725
11 0.5681388012618297 0.3925259138025095 0.04227129337539433 0.027823240589198033
1 0.7078864353312303 0.14020731042007636 0.029022082018927448 0.02945990180032733
1 0.5463722397476342 0.6841243862520457 0.03028391167192429 0.03273322422258592
13 0.1217665615141956 0.685761047463175 0.03785488958990536 0.03382433169667212
5 0.6996845425867508 0.351063829787234 0.032807570977917984 0.02891434806328423
22 0.31451104100946375 0.375886524822695 0.017034700315457414 0.018548827059465357
10 0.5217665615141956 0.6478450627386797 0.021451104100946375 0.03436988543371522
21 0.1640378548895899 0.6492089470812874 0.03911671924290221 0.026186579378068738
12 0.43911671924290224 0.03273322422258592 0.03154574132492114 0.02945990180032733
14 0.45078864353312303 0.4331696672122204 0.03470031545741325 0.03273322422258592
1 0.6801261829652997 0.6835788325150026 0.03154574132492114 0.03709765411893071
6 0.7113564668769716 0.060829241680305506 0.033438485804416405 0.03000545553737043
22 0.914826498422713 0.44489907255864697 0.02018927444794953 0.036552100381887616
21 0.8971608832807572 0.7536824877250409 0.03533123028391168 0.038734315330060005
23 0.5684542586750789 0.35624659028914346 0.03406940063091483 0.027277686852154936
21 0.6223974763406941 0.6115657392253137 0.0359621451104101 0.03491543917075832
5 0.3406940063091483 0.43071467539552644 0.03406940063091483 0.03218767048554282
8 0.6684542586750789 0.5349154391707582 0.04858044164037855 0.03218767048554282
11 0.626813880126183 0.756683033278778 0.0498422712933754 0.03927986906710311
4 0.7176656151419559 0.4997272231314784 0.04353312302839117 0.028368794326241134
0 0.4271293375394322 0.7596835788325149 0.04416403785488959 0.03436988543371522
11 0.30000000000000004 0.3597926895799236 0.038485804416403785 0.02564102564102564
17 0.6369085173501577 0.35351882160392795 0.038485804416403785 0.028368794326241134
1 0.49747634069400637 0.10420076377523185 0.03217665615141956 0.03491543917075832
17 0.7523659305993692 0.6803055100927441 0.03722397476340694 0.03382433169667212
1 0.15362776025236594 0.8006001091107473 0.030914826498422716 0.02564102564102564
11 0.5050473186119874 0.03218767048554282 0.051104100946372244 0.03273322422258592
22 0.729652996845426 0.1393889798145117 0.019558359621451107 0.035460992907801414
23 0.7186119873817035 0.4582651391162029 0.03785488958990536 0.031642116748499725
23 0.7255520504731862 0.21140207310420076 0.03154574132492114 0.031096563011456625
5 0.31198738170347007 0.7605019094380796 0.039747634069400635 0.031642116748499725
21 0.8870662460567824 0.44571740316421166 0.03785488958990536 0.03382433169667212
23 0.32492113564668773 0.3224222585924713 0.03533123028391168 0.02509547190398254
23 0.5526813880126183 0.5027277686852154 0.03406940063091483 0.03000545553737043
12 0.27350157728706626 0.5791052918712493 0.03470031545741325 0.03218767048554282
8 0.7883280757097793 0.679759956355701 0.04100946372239748 0.03382433169667212
21 0.9776025236593061 0.44189852700490995 0.030914826498422716 0.030551009274413527
10 0.8845425867507887 0.7157665030005455 0.03028391167192429 0.03818876159301691
1 0.6230283911671924 0.572013093289689 0.039747634069400635 0.03327877795962902
11 0.5129337539432177 0.5422804146208401 0.045425867507886436 0.027277686852154936
3 0.310410094637224 0.5057283142389525 0.03533123028391168 0.02945990180032733
22 0.5709779179810726 0.06792144026186579 0.016403785488958992 0.031096563011456625
5 0.41135646687697164 0.1819421713038734 0.032807570977917984 0.035460992907801414
22 0.5151419558359622 0.1442989634478996 0.019558359621451107 0.03436988543371522
8 0.2694006309148265 0.7607746863066012 0.04794952681388013 0.03436988543371522
14 0.16151419558359623 0.7665030005455536 0.029022082018927448 0.02509547190398254
22 0.647634069400631 0.6429350791052918 0.019558359621451107 0.026732133115111835
21 0.30662460567823346 0.6833060556464812 0.03911671924290221 0.02891434806328423
22 0.4902208201892745 0.21985815602836878 0.01892744479495268 0.03491543917075832
20 0.39211356466876973 0.7244953627932351 0.038485804416403785 0.03491543917075832
5 0.3192429022082019 0.7223131478450627 0.03659305993690852 0.03927986906710311
1 0.7646687697160884 0.3516093835242771 0.026498422712933754 0.031096563011456625
16 0.40347003154574135 0.22258592471358427 0.03470031545741325 0.028368794326241134
0 0.6082018927444796 0.42525913802509546 0.03785488958990536 0.031096563011456625
3 0.3829652996845426 0.5068194217130387 0.04290220820189275 0.030551009274413527
1 0.4687697160883281 0.03136933987997818 0.0277602523659306 0.031096563011456625
12 0.6157728706624606 0.6803055100927441 0.03659305993690852 0.031642116748499725
1 0.7321766561514196 0.25177304964539005 0.030914826498422716 0.03218767048554282
10 0.49242902208201894 0.14620840152755046 0.02712933753943218 0.03600654664484451
1 0.5921135646687697 0.1846699399890889 0.03217665615141956 0.031096563011456625
1 0.4709779179810726 0.6134751773049645 0.03470031545741325 0.02891434806328423
22 0.5902208201892745 0.2176759410801964 0.01829652996845426 0.027277686852154936
5 0.6365930599369085 0.06573922531369339 0.032807570977917984 0.02891434806328423
23 0.7353312302839117 0.3496999454446263 0.03470031545741325 0.03382433169667212
1 0.4170347003154574 0.43153300600109107 0.03659305993690852 0.030551009274413527
13 0.7914826498422713 0.09629023458810693 0.046056782334384865 0.03327877795962902
1 0.5712933753943218 0.42771412984178936 0.0359621451104101 0.030551009274413527
3 0.5129337539432177 0.46835788325150024 0.046687697160883286 0.027823240589198033
3 0.8435331230283912 0.38379705400981995 0.03659305993690852 0.03764320785597381
23 0.5394321766561515 0.4282596835788325 0.03911671924290221 0.031642116748499725
21 0.6911671924290221 0.215493726132024 0.030914826498422716 0.027277686852154936
5 0.4302839116719243 0.2583196944899072 0.03406940063091483 0.03436988543371522
7 0.3798107255520505 0.5430987452264048 0.05425867507886436 0.02564102564102564
6 0.5413249211356467 0.7225859247135842 0.045425867507886436 0.03436988543371522
10 0.5233438485804417 0.6830332787779596 0.028391167192429023 0.028368794326241134
3 0.6189274447949528 0.18003273322422256 0.03911671924290221 0.02945990180032733
13 0.9542586750788644 0.5212765957446808 0.046056782334384865 0.036552100381887616
13 0.3488958990536278 0.6805782869612657 0.04416403785488959 0.03000545553737043
1 0.5460567823343849 0.3210583742498636 0.033438485804416405 0.031096563011456625
14 0.5022082018927445 0.2902345881069285 0.03659305993690852 0.02400436442989634
22 0.3463722397476341 0.7244953627932351 0.02018927444794953 0.040370976541189305
7 0.8302839116719244 0.6781232951445717 0.04921135646687697 0.030551009274413527
23 0.4914826498422713 0.2575013638843426 0.03406940063091483 0.031642116748499725
7 0.5195583596214511 0.39334424440807414 0.05236593059936909 0.028368794326241134
13 0.5425867507886436 0.2553191489361702 0.04416403785488959 0.03709765411893071
8 0.8817034700315458 0.3857064920894708 0.044794952681388014 0.03818876159301691
8 0.6422712933753943 0.10474631751227495 0.04794952681388013 0.031642116748499725
23 0.35646687697160884 0.3221494817239498 0.032807570977917984 0.031096563011456625
17 0.9059936908517351 0.34615384615384615 0.03406940063091483 0.031096563011456625
3 0.4135646687697161 0.0619203491543917 0.03217665615141956 0.026732133115111835
22 0.1804416403785489 0.7975995635570103 0.015141955835962145 0.03927986906710311
3 0.25425867507886435 0.6478450627386797 0.0416403785488959 0.02564102564102564
10 0.6649842271293376 0.06655755591925804 0.022712933753943218 0.031642116748499725
1 0.46498422712933757 0.28832515002727765 0.03406940063091483 0.023458810692853244
17 0.6315457413249211 0.536279323513366 0.03533123028391168 0.031642116748499725
22 0.7539432176656152 0.2855973813420622 0.02018927444794953 0.03436988543371522
21 0.5533123028391168 0.46617566830332785 0.0416403785488959 0.026732133115111835
3 0.3189274447949527 0.2564102564102564 0.025867507886435333 0.028368794326241134
14 0.580441640378549 0.6838516093835242 0.03785488958990536 0.031096563011456625
16 0.42870662460567827 0.3941625750136388 0.04100946372239748 0.03218767048554282
5 0.48075709779179815 0.4699945444626295 0.032807570977917984 0.027823240589198033
6 0.7848580441640379 0.4498090561920349 0.0416403785488959 0.03327877795962902
17 0.44258675078864357 0.7937806873977086 0.046056782334384865 0.0414620840152755
3 0.6921135646687697 0.389798145117294 0.03785488958990536 0.023458810692853244
1 0.5905362776025237 0.6153846153846153 0.03785488958990536 0.02945990180032733
16 0.7299684542586752 0.42144026186579375 0.04290220820189275 0.02891434806328423
1 0.5473186119873817 0.0673758865248227 0.024605678233438486 0.02891434806328423
21 0.7495268138801262 0.6418439716312057 0.03911671924290221 0.03218767048554282
5 0.2810725552050473 0.7962356792144025 0.039747634069400635 0.03436988543371522
22 0.47413249211356473 0.1033824331696672 0.01829652996845426 0.02891434806328423
5 0.6249211356466877 0.25586470267321326 0.028391167192429023 0.022913256955810146
21 0.42208201892744485 0.7234042553191489 0.03406940063091483 0.03273322422258592
11 0.6772870662460568 0.6437534097108565 0.04353312302839117 0.03382433169667212
5 0.39022082018927445 0.32296781232951444 0.03722397476340694 0.027277686852154936
21 0.87602523659306 0.3458810692853246 0.038485804416403785 0.031642116748499725
11 0.6545741324921136 0.5013638843426077 0.04227129337539433 0.031642116748499725
19 0.7927444794952682 0.3521549372613202 0.03722397476340694 0.03218767048554282
14 0.3807570977917981 0.7965084560829241 0.030914826498422716 0.03709765411893071
13 0.7511041009463723 0.17730496453900707 0.04353312302839117 0.03382433169667212
8 0.5334384858044164 0.10665575559192579 0.04227129337539433 0.03000545553737043
8 0.5220820189274449 0.2201309328968903 0.044794952681388014 0.03218767048554282
1 0.38927444794952687 0.762684124386252 0.03533123028391168 0.03273322422258592
7 0.9075709779179811 0.5218221494817239 0.05236593059936909 0.03764320785597381
1 0.28391167192429023 0.6472995090016366 0.029022082018927448 0.027823240589198033
21 0.47854889589905364 0.06573922531369339 0.039747634069400635 0.02891434806328423
22 0.5293375394321767 0.6110201854882705 0.021451104100946375 0.03600654664484451
13 0.4296529968454259 0.5425531914893617 0.05047318611987382 0.024549918166939442
11 0.8220820189274448 0.7144026186579377 0.04416403785488959 0.035460992907801414
16 0.28738170347003156 0.3216039279869067 0.038485804416403785 0.026732133115111835
12 0.34731861198738173 0.7932351336606656 0.033438485804416405 0.03600654664484451
21 0.5545741324921136 0.5368248772504092 0.03911671924290221 0.030551009274413527
22 0.565615141955836 0.5755591925804692 0.023343848580441643 0.030551009274413527
21 0.7523659305993692 0.1012002182214948 0.04100946372239748 0.03327877795962902
6 0.5615141955835963 0.1819421713038734 0.03533123028391168 0.03000545553737043
23 0.40567823343848586 0.4686306601200218 0.032807570977917984 0.027277686852154936
12 0.3523659305993691 0.7605019094380796 0.04731861198738171 0.031642116748499725
1 0.6823343848580442 0.10474631751227495 0.03722397476340694 0.031642116748499725
19 0.716403785488959 0.10529187124931805 0.03722397476340694 0.03382433169667212
23 0.9394321766561515 0.3436988543371522 0.03154574132492114 0.028368794326241134
1 0.4933753943217666 0.6863066012002181 0.03406940063091483 0.030551009274413527
22 0.602839116719243 0.7951445717403164 0.022082018927444796 0.036552100381887616
22 0.8615141955835963 0.6751227495908346 0.02082018927444795 0.036552100381887616
3 0.38895899053627764 0.6824877250409165 0.04731861198738171 0.030551009274413527
13 0.3381703470031546 0.37615930169121653 0.03028391167192429 0.01691216584833606
14 0.6195583596214511 0.502454991816694 0.03406940063091483 0.03273322422258592
14 0.4413249211356467 0.1830332787779596 0.028391167192429023 0.036552100381887616
5 0.38422712933753944 0.5785597381342061 0.032807570977917984 0.03327877795962902
1 0.4069400630914827 0.7943262411347517 0.03533123028391168 0.03600654664484451
0 0.6886435331230284 0.7918712493180577 0.04353312302839117 0.0409165302782324
13 0.46372239747634075 0.7193126022913257 0.046687697160883286 0.03764320785597381
22 0.46435331230283916 0.18166939443535188 0.016403785488958992 0.03382433169667212
5 0.34858044164037855 0.5068194217130387 0.038485804416403785 0.02945990180032733
22 0.4488958990536278 0.6151118385160937 0.019558359621451107 0.03436988543371522
22 0.43438485804416405 0.3576104746317512 0.017034700315457414 0.027823240589198033
5 0.8075709779179812 0.3854337152209492 0.04037854889589906 0.03327877795962902
0 0.5996845425867509 0.06573922531369339 0.0359621451104101 0.03000545553737043
1 0.5845425867507887 0.5035460992907801 0.03722397476340694 0.028368794326241134
5 0.5936908517350158 0.6445717403164211 0.03028391167192429 0.03000545553737043
1 0.3195583596214511 0.28941625750136385 0.03217665615141956 0.03218767048554282
22 0.7716088328075711 0.7555919258046917 0.0277602523659306 0.03709765411893071
21 0.27570977917981077 0.5054555373704309 0.03028391167192429 0.031096563011456625
16 0.9261829652996846 0.3835242771412984 0.04921135646687697 0.03382433169667212
3 0.696845425867508 0.7187670485542825 0.04858044164037855 0.03436988543371522
22 0.6892744479495269 0.0641025641025641 0.019558359621451107 0.031096563011456625
5 0.7425867507886436 0.7545008183306054 0.04416403785488959 0.03927986906710311
3 0.8419558359621452 0.5231860338243316 0.03217665615141956 0.03600654664484451
10 0.3113564668769716 0.649481723949809 0.028391167192429023 0.03327877795962902
7 0.4037854889589906 0.14402618657937805 0.05047318611987382 0.030551009274413527
3 0.6801261829652997 0.13993453355155483 0.03785488958990536 0.03000545553737043
16 0.810410094637224 0.14075286415711946 0.04100946372239748 0.03600654664484451
7 0.8179810725552051 0.27932351336606653 0.044794952681388014 0.027277686852154936
1 0.7621451104100947 0.5278232405891979 0.029022082018927448 0.03327877795962902
23 0.2684542586750789 0.6816693944353518 0.04227129337539433 0.031096563011456625
5 0.1577287066246057 0.726950354609929 0.03659305993690852 0.0409165302782324
5 0.2965299684542587 0.4680851063829787 0.03028391167192429 0.028368794326241134
23 0.8126182965299685 0.5242771412984178 0.03659305993690852 0.03273322422258592
20 0.6678233438485804 0.3537915984724495 0.03217665615141956 0.035460992907801414
5 0.310410094637224 0.6129296235679214 0.03785488958990536 0.03218767048554282
5 0.4097791798107256 0.3603382433169667 0.030914826498422716 0.026732133115111835
13 0.77602523659306 0.7163120567375886 0.045425867507886436 0.03709765411893071
13 0.3353312302839117 0.4669939989088925 0.046056782334384865 0.03273322422258592
23 0.2274447949526814 0.760229132569558 0.04100946372239748 0.02564102564102564
23 0.9309148264984228 0.7523186033824331 0.04100946372239748 0.03600654664484451
22 0.6094637223974764 0.10529187124931805 0.02018927444794953 0.031642116748499725
19 0.4772870662460568 0.5046372067648663 0.0359621451104101 0.026186579378068738
23 0.6246056782334385 0.6442989634478996 0.032807570977917984 0.030551009274413527
11 0.714826498422713 0.6418439716312057 0.03785488958990536 0.03218767048554282
0 0.5990536277602524 0.3202400436442989 0.0359621451104101 0.02945990180032733
3 0.4930599369085174 0.6472995090016366 0.033438485804416405 0.022367703218767045
13 0.38391167192429027 0.6132024004364429 0.04100946372239748 0.02945990180032733
11 0.443217665615142 0.4667212220403709 0.04353312302839117 0.031096563011456625
17 0.8545741324921137 0.7144026186579377 0.03217665615141956 0.035460992907801414
13 0.5927444794952682 0.46290234588106927 0.044794952681388014 0.027823240589198033
21 0.6593059936908517 0.5717403164211674 0.0416403785488959 0.031642116748499725
16 0.6709779179810726 0.7580469176213857 0.05236593059936909 0.0420076377523186
16 0.23943217665615144 0.5818330605564648 0.039747634069400635 0.027823240589198033
16 0.8179810725552051 0.7880523731587561 0.04100946372239748 0.0430987452264048
21 0.3466876971608833 0.6132024004364429 0.039747634069400635 0.03709765411893071
8 0.6233438485804417 0.7193126022913257 0.051735015772870666 0.035460992907801414
21 0.1993690851735016 0.6841243862520457 0.03406940063091483 0.02945990180032733
3 0.7905362776025238 0.17648663393344244 0.03785488958990536 0.031096563011456625
13 0.8599369085173503 0.2763229678123295 0.04290220820189275 0.026732133115111835
14 0.23501577287066247 0.6167484997272231 0.0359621451104101 0.031096563011456625
13 0.3958990536277603 0.25886524822695034 0.028391167192429023 0.023458810692853244
1 0.4454258675078865 0.508456082924168 0.03911671924290221 0.028368794326241134
6 0.34605678233438486 0.647026732133115 0.04353312302839117 0.03273322422258592
1 0.6690851735015774 0.03327877795962902 0.039747634069400635 0.03491543917075832
22 0.6000000000000001 0.39334424440807414 0.021451104100946375 0.03382433169667212
13 0.6845425867507887 0.4249863611565739 0.04794952681388013 0.027277686852154936
16 0.7324921135646688 0.793507910529187 0.05299684542586751 0.0420076377523186
22 0.6870662460567823 0.5027277686852154 0.022712933753943218 0.02891434806328423
10 0.7794952681388013 0.14048008728859793 0.02712933753943218 0.036552100381887616
7 0.4996845425867508 0.18276050190943807 0.05047318611987382 0.031642116748499725
17 0.582018927444795 0.7618657937806873 0.04858044164037855 0.0420076377523186
1 0.6615141955835963 0.7187670485542825 0.033438485804416405 0.03436988543371522
21 0.5347003154574133 0.3570649208947081 0.0359621451104101 0.026732133115111835
5 0.2356466876971609 0.723949809056192 0.03722397476340694 0.0414620840152755
0 0.7167192429022082 0.6794871794871794 0.0416403785488959 0.03436988543371522
17 0.4719242902208202 0.5425531914893617 0.04037854889589906 0.027823240589198033
17 0.7100946372239748 0.17757774140752863 0.039747634069400635 0.035460992907801414
5 0.3788643533123029 0.29214402618657936 0.03722397476340694 0.03436988543371522
22 0.7876971608832808 0.5256410256410255 0.013249211356466877 0.027823240589198033
1 0.31703470031545744 0.7970540098199672 0.03470031545741325 0.03600654664484451
14 0.705993690851735 0.7569558101472994 0.03785488958990536 0.036552100381887616
15 0.6280757097791798 0.39225313693398794 0.03470031545741325 0.031642116748499725
1 0.13154574132492114 0.7675941080196399 0.03722397476340694 0.030551009274413527
10 0.47003154574132494 0.22176759410801963 0.023974763406940065 0.035460992907801414
7 0.5287066246056783 0.8000545553737043 0.05299684542586751 0.0420076377523186
1 0.5810725552050474 0.7217675941080196 0.03533123028391168 0.03273322422258592