7 0.28945281522601113 0.3491926182237601 0.03647898493259318 0.040945790080738176
17 0.848334655035686 0.4878892733564014 0.02260111022997621 0.0461361014994233
22 0.6187549563838224 0.765282583621684 0.017842981760507533 0.04152249134948097
17 0.9189135606661379 0.8745674740484429 0.024187153053132435 0.032871972318339104
10 0.8001586042823157 0.5328719723183392 0.025376685170499604 0.025374855824682817
22 0.3281126090404441 0.4639561707035756 0.01387787470261697 0.039792387543252594
23 0.5043616177636796 0.4677047289504037 0.022204599524187154 0.04152249134948097
11 0.12490087232355274 0.6903114186851211 0.028548770816812053 0.03575547866205306
20 0.922283901665345 0.45213379469434833 0.022204599524187154 0.04382929642445214
23 0.18398096748612214 0.538638985005767 0.022204599524187154 0.03460207612456748
5 0.8721252973830294 0.327277970011534 0.021808088818398096 0.03748558246828143
6 0.36518636003172084 0.34746251441753173 0.022997620935765267 0.032871972318339104
4 0.8689532117367169 0.5657439446366782 0.023394131641554322 0.033448673587081895
1 0.3798572561459159 0.38696655132641294 0.020618556701030927 0.03806228373702422
22 0.48057097541633625 0.3062283737024222 0.012688342585249802 0.04498269896193772
9 0.753370340999207 0.7903690888119954 0.025376685170499604 0.03633217993079585
16 0.9345757335448057 0.48990772779700115 0.030927835051546393 0.03517877739331027
1 0.834456780333069 0.3768742791234141 0.017842981760507533 0.029411764705882353
22 0.04698651863600317 0.5818915801614764 0.01387787470261697 0.03114186851211073
1 0.412172878667724 0.7644175317185699 0.023394131641554322 0.034025374855824686
22 0.9036478984932593 0.755767012687428 0.011102299762093577 0.040945790080738176
1 0.5023790642347343 0.39215686274509803 0.014274385408406027 0.03460207612456748
22 0.0957573354480571 0.7286620530565168 0.014670896114195083 0.03633217993079585
21 0.37430610626486915 0.6150519031141869 0.023790642347343377 0.030565167243367938
16 0.9234734337827122 0.3281430219146482 0.02696272799365583 0.0392156862745098
13 0.2182791435368755 0.6516724336793541 0.027359238699444885 0.03114186851211073
5 0.8114591593973037 0.7142445213379469 0.020222045995241873 0.02825836216839677
14 0.8023394131641555 0.5643021914648212 0.02894528152260111 0.03633217993079585
22 0.8538858049167327 0.3281430219146482 0.01625693893735131 0.03575547866205306
12 0.4210943695479778 0.46943483275663206 0.020618556701030927 0.03806228373702422
5 0.1534496431403648 0.5080738177623991 0.020618556701030927 0.029988465974625143
1 0.46371927042030137 0.5472895040369089 0.021808088818398096 0.040369088811995385
5 0.5065424266455194 0.7626874279123415 0.01942902458366376 0.02710495963091119
13 0.13005551149881048 0.583044982698962 0.028548770816812053 0.033448673587081895
8 0.1387787470261697 0.43281430219146483 0.025376685170499604 0.03748558246828143
13 0.5311260904044409 0.578719723183391 0.02577319587628866 0.03517877739331027
16 0.9203013481363996 0.6407151095732411 0.02458366375892149 0.04382929642445214
1 0.267644726407613 0.4302191464821223 0.01823949246629659 0.033448673587081895
13 0.29262490087232357 0.5804498269896194 0.025376685170499604 0.03863898500576701
1 0.8953211736716892 0.7935409457900807 0.022204599524187154 0.0392156862745098
21 0.8715305313243458 0.2517301038062284 0.020618556701030927 0.042099192618223764
13 0.29678826328310864 0.5415224913494809 0.028152260111022998 0.03806228373702422
21 0.8273195876288659 0.8768742791234141 0.02894528152260111 0.032871972318339104
14 0.7763679619349723 0.7569204152249135 0.03013481363996828 0.039792387543252594
14 0.8233544805709754 0.5654555940023068 0.024187153053132435 0.03863898500576701
5 0.27478191911181604 0.542964244521338 0.019825535289452814 0.032871972318339104
22 0.42010309278350516 0.6185121107266436 0.011498810467882634 0.034025374855824686
22 0.8316812053925456 0.6389850057670127 0.00753370340999207 0.02306805074971165
13 0.3921490880253767 0.6934832756632064 0.025376685170499604 0.03517877739331027
11 0.9357652656621729 0.711361014994233 0.02696272799365583 0.031718569780853516
12 0.7995638382236321 0.7554786620530566 0.021015067406819986 0.033448673587081895
12 0.12232355273592387 0.6193771626297578 0.023394131641554322 0.03460207612456748
23 0.48770816812053924 0.5426758938869666 0.025376685170499604 0.029988465974625143
7 0.9316019032513878 0.40455594002306805 0.032910388580491674 0.031718569780853516
23 0.2656621728786677 0.6536908881199539 0.023790642347343377 0.043252595155709346
10 0.8556701030927835 0.370242214532872 0.017446471054718478 0.04728950403690888
21 0.28072957969865187 0.30594002306805074 0.02141157811260904 0.03633217993079585
6 0.9123711340206185 0.49134948096885817 0.028548770816812053 0.03806228373702422
23 0.9641157811260904 0.4068627450980392 0.028152260111022998 0.03748558246828143
16 0.18636003172085647 0.4339677047289504 0.03013481363996828 0.032871972318339104
1 0.7724028548770817 0.41032295271049596 0.022997620935765267 0.04786620530565167
11 0.528152260111023 0.7629757785467128 0.022997620935765267 0.03806228373702422
12 0.8505154639175257 0.4085928489042676 0.029341792228390166 0.03863898500576701
14 0.4072164948453608 0.3099769319492503 0.022997620935765267 0.039792387543252594
5 0.3406026962727994 0.42474048442906576 0.019825535289452814 0.03633217993079585
5 0.2408802537668517 0.5761245674740485 0.020222045995241873 0.03460207612456748
20 0.12807295796986518 0.6531141868512111 0.022997620935765267 0.02825836216839677
13 0.46946867565424266 0.5049019607843137 0.025376685170499604 0.040945790080738176
17 0.33822363203806505 0.581603229527105 0.025376685170499604 0.039792387543252594
22 0.31304520222045995 0.6179354094579008 0.014670896114195083 0.03633217993079585
12 0.950832672482157 0.6784890426758939 0.01823949246629659 0.029411764705882353
0 0.8973037272006344 0.40484429065743943 0.020618556701030927 0.03690888119953864
1 0.29837430610626486 0.6196655132641292 0.021015067406819986 0.03633217993079585
3 0.44587628865979384 0.6914648212226067 0.021015067406819986 0.03460207612456748
7 0.2795400475812847 0.6911764705882353 0.03330689928628073 0.030565167243367938
3 0.19686756542426645 0.6911764705882353 0.02656621728786677 0.034025374855824686
22 0.805908009516257 0.49682814302191464 0.009912767644726407 0.03863898500576701
13 0.47680412371134023 0.6222606689734718 0.02656621728786677 0.04152249134948097
22 0.8513084853291039 0.6782006920415226 0.010309278350515464 0.03575547866205306
10 0.7854877081681205 0.6395617070357555 0.02458366375892149 0.03460207612456748
23 0.9641157811260904 0.4933679354094579 0.02577319587628866 0.03863898500576701
16 0.30570975416336243 0.27191464821222605 0.030927835051546393 0.03633217993079585
22 0.1677240285487708 0.47058823529411764 0.011102299762093577 0.04152249134948097
23 0.9054321966693101 0.3690888119953864 0.020222045995241873 0.03806228373702422
22 0.3253370340999207 0.618800461361015 0.009912767644726407 0.03575547866205306
17 0.3576526566217288 0.6557093425605537 0.017446471054718478 0.033448673587081895
21 0.20400475812846947 0.5060553633217993 0.023394131641554322 0.029411764705882353
13 0.19528152260111023 0.39273356401384085 0.02894528152260111 0.03806228373702422
5 0.40880253766851704 0.6551326412918108 0.02458366375892149 0.03460207612456748
10 0.16019032513877876 0.6199538638985006 0.01586042823156225 0.03806228373702422
13 0.4401268834258525 0.7263552479815456 0.025376685170499604 0.039792387543252594
8 0.14532117367168915 0.39878892733564014 0.02973830293417922 0.040945790080738176
1 0.4724425059476606 0.8359284890426759 0.020222045995241873 0.03863898500576701
1 0.9054321966693101 0.28921568627450983 0.021015067406819986 0.02825836216839677
5 0.08306899286280729 0.5438292964244521 0.01625693893735131 0.040369088811995385
13 0.5154639175257733 0.42675893886966554 0.028548770816812053 0.03575547866205306
23 0.06324345757335448 0.7306805074971165 0.020222045995241873 0.03460207612456748
1 0.44528152260111026 0.7964244521337948 0.019032513877874704 0.03460207612456748
4 0.23275178429817606 0.6138985005767013 0.02696272799365583 0.03863898500576701
23 0.20935765265662173 0.43079584775086505 0.01823949246629659 0.032295271049596314
10 0.2246233148295004 0.3526528258362169 0.01625693893735131 0.03748558246828143
1 0.45182394924662966 0.3500576701268743 0.021808088818398096 0.03690888119953864
21 0.06859635210150675 0.6548442906574394 0.025376685170499604 0.03633217993079585
13 0.8628072957969866 0.6773356401384083 0.019032513877874704 0.029411764705882353
1 0.4314036478984933 0.26585928489042676 0.022997620935765267 0.03806228373702422
16 0.7864789849325932 0.6753171856978085 0.024187153053132435 0.03575547866205306
23 0.08108643933386202 0.7303921568627452 0.020222045995241873 0.03748558246828143
5 0.04401268834258525 0.7309688581314879 0.020618556701030927 0.031718569780853516
12 0.8154242664551943 0.3719723183391004 0.020222045995241873 0.040369088811995385
22 0.5017842981760507 0.34630911188004615 0.01625693893735131 0.03748558246828143
7 0.073949246629659 0.620242214532872 0.03132434575733545 0.032871972318339104
8 0.8445678033306899 0.45098039215686275 0.028548770816812053 0.042675893886966555
5 0.39948453608247425 0.46568627450980393 0.021015067406819986 0.039792387543252594
5 0.9129659000793021 0.252883506343714 0.020222045995241873 0.03633217993079585
17 0.38164155432196667 0.42675893886966554 0.020222045995241873 0.032295271049596314
13 0.5196272799365583 0.6557093425605537 0.02577319587628866 0.03460207612456748
12 0.3606264869151467 0.4261822376009227 0.017842981760507533 0.0392156862745098
7 0.8088818398096749 0.639273356401384 0.03330689928628073 0.031718569780853516
17 0.7959952418715305 0.7897923875432526 0.01942902458366376 0.03863898500576701
1 0.309674861221253 0.657439446366782 0.01506740681998414 0.03460207612456748
7 0.8259318001586042 0.5348904267589388 0.023790642347343377 0.025951557093425608
23 0.11003172085646312 0.654555940023068 0.01942902458366376 0.03575547866205306
22 0.1556304520222046 0.3546712802768166 0.014670896114195083 0.03575547866205306
1 0.8865979381443299 0.7586505190311419 0.01823949246629659 0.03863898500576701
22 0.9361617763679619 0.6782006920415226 0.013481363996827915 0.03114186851211073
20 0.9040444091990484 0.5308535178777394 0.02458366375892149 0.03633217993079585
19 0.4345757335448057 0.3489042675893887 0.026169706582077717 0.03806228373702422
1 0.9557890563045203 0.5683391003460208 0.021808088818398096 0.025951557093425608
5 0.48195876288659795 0.46510957324106117 0.02260111022997621 0.040945790080738176
13 0.8895717684377478 0.6017877739331027 0.021808088818398096 0.030565167243367938
23 0.25852498017446474 0.5775663206459054 0.022204599524187154 0.03633217993079585
11 0.2793417922283902 0.2681660899653979 0.02973830293417922 0.03690888119953864
23 0.25337034099920697 0.6911764705882353 0.02141157811260904 0.032871972318339104
17 0.4690721649484536 0.5844867358708189 0.01823949246629659 0.034025374855824686
11 0.7634813639968279 0.6384083044982699 0.028152260111022998 0.04152249134948097
7 0.19072164948453607 0.7260668973471742 0.03251387787470262 0.03575547866205306
1 0.9569785884218874 0.7153979238754326 0.01942902458366376 0.03517877739331027
5 0.9611419508326725 0.2563437139561707 0.026169706582077717 0.03633217993079585
23 0.34119746233148296 0.34832756632064593 0.02498017446471055 0.03690888119953864
16 0.8078905630452022 0.327277970011534 0.02894528152260111 0.03863898500576701
3 0.44944488501189533 0.8336216839677048 0.02498017446471055 0.031718569780853516
13 0.35943695479777954 0.5798731257208766 0.02260111022997621 0.03633217993079585
5 0.8463521015067407 0.5651672433679354 0.021808088818398096 0.03806228373702422
22 0.27398889770023793 0.5790080738177624 0.011895321173671689 0.033448673587081895
23 0.4316019032513878 0.7612456747404844 0.020222045995241873 0.03690888119953864
23 0.08723235527359238 0.5821799307958477 0.026169706582077717 0.032871972318339104
13 0.7607057890563045 0.674163783160323 0.02498017446471055 0.03575547866205306
22 0.04619349722442506 0.6167820069204153 0.020222045995241873 0.03517877739331027
17 0.7989690721649485 0.2918108419838524 0.019032513877874704 0.02883506343713956
5 0.45618556701030927 0.8748558246828143 0.02498017446471055 0.02768166089965398
16 0.4282315622521808 0.3050749711649366 0.022997620935765267 0.03806228373702422
1 0.8871927042030134 0.48961937716262977 0.02260111022997621 0.0392156862745098
1 0.2603092783505155 0.27076124567474047 0.01704996034892942 0.02825836216839677
23 0.25753370340999204 0.31055363321799306 0.021015067406819986 0.034025374855824686
14 0.34258524980174465 0.621683967704729 0.022997620935765267 0.03690888119953864
22 0.5747422680412371 0.6459054209919262 0.01070578905630452 0.03690888119953864
12 0.5830689928628073 0.7673010380622838 0.01625693893735131 0.043252595155709346
0 0.18398096748612214 0.4697231833910035 0.020618556701030927 0.034025374855824686
1 0.5614591593973037 0.6519607843137255 0.016653449643140365 0.034025374855824686
19 0.13620142743854083 0.544405997693195 0.018636003172085646 0.03575547866205306
21 0.3679619349722443 0.7324106113033448 0.026169706582077717 0.04152249134948097
17 0.7801348136399683 0.5651672433679354 0.017842981760507533 0.03806228373702422
22 0.2174861221252974 0.31141868512110726 0.013084853291038858 0.03690888119953864
7 0.48770816812053924 0.42474048442906576 0.030927835051546393 0.031718569780853516
14 0.32910388580491673 0.2722029988465975 0.019825535289452814 0.03114186851211073
22 0.3620142743854084 0.2693194925028835 0.013481363996827915 0.0392156862745098
10 0.968080888183981 0.45040369088812 0.02260111022997621 0.040369088811995385
5 0.22839016653449642 0.4282006920415225 0.019825535289452814 0.031718569780853516
22 0.8162172878667724 0.7485582468281431 0.012291831879460745 0.033448673587081895
21 0.22521808088818399 0.6905997693194925 0.025376685170499604 0.03633217993079585
1 0.8891752577319587 0.5666089965397924 0.018636003172085646 0.03517877739331027
22 0.4853291038858049 0.7283737024221454 0.01506740681998414 0.03460207612456748
0 0.3681601903251388 0.30651672433679356 0.020222045995241873 0.03517877739331027
22 0.5576923076923077 0.46510957324106117 0.015463917525773196 0.03863898500576701
14 0.02577319587628866 0.6591695501730104 0.016653449643140365 0.040369088811995385
21 0.06919111816019033 0.6929065743944637 0.024187153053132435 0.03633217993079585
20 0.4746233148295004 0.6580161476355249 0.02696272799365583 0.03575547866205306
3 0.2478191911181602 0.4279123414071511 0.023790642347343377 0.03806228373702422
5 0.9694686756542427 0.28806228373702425 0.019825535289452814 0.02710495963091119
11 0.3818398096748612 0.6585928489042676 0.030927835051546393 0.033448673587081895
21 0.8588421887390959 0.28806228373702425 0.025376685170499604 0.034025374855824686
5 0.16752577319587628 0.3166089965397924 0.02656621728786677 0.03575547866205306
4 0.8180015860428231 0.7903690888119954 0.022204599524187154 0.040945790080738176
3 0.3998810467882633 0.3901384083044983 0.020222045995241873 0.03517877739331027
9 0.8247422680412371 0.4950980392156863 0.02696272799365583 0.05363321799307959
14 0.9349722442505948 0.5720876585928489 0.019032513877874704 0.03460207612456748
20 0.4875099127676447 0.7641291810841984 0.023394131641554322 0.033448673587081895
1 0.7910388580491673 0.5 0.01506740681998414 0.04382929642445214
5 0.9450832672482157 0.7560553633217993 0.018636003172085646 0.040369088811995385
6 0.7761697065820777 0.2895040369088812 0.023394131641554322 0.03575547866205306
16 0.15900079302141157 0.5423875432525952 0.02696272799365583 0.03748558246828143
7 0.38084853291038856 0.2635524798154556 0.02973830293417922 0.03690888119953864
8 0.05471847739888977 0.5423875432525952 0.03330689928628073 0.03863898500576701
21 0.841593973037272 0.7909457900807382 0.02498017446471055 0.032871972318339104
1 0.3830293417922284 0.3468858131487889 0.019032513877874704 0.034025374855824686
16 0.3021411578112609 0.4302191464821223 0.022204599524187154 0.033448673587081895
5 0.14988104678826328 0.6519607843137255 0.02141157811260904 0.03633217993079585
3 0.15602696272799366 0.581603229527105 0.030531324345757335 0.034025374855824686
5 0.34555908009516256 0.30651672433679356 0.020222045995241873 0.03517877739331027
21 0.21986518636003172 0.39215686274509803 0.024187153053132435 0.03460207612456748
17 0.8074940523394132 0.25346020761245674 0.02577319587628866 0.049019607843137254
20 0.848731165741475 0.639273356401384 0.021808088818398096 0.03863898500576701
1 0.14333862014274384 0.620242214532872 0.018636003172085646 0.031718569780853516
17 0.7955987311657414 0.3745674740484429 0.021808088818398096 0.039792387543252594
11 0.17644726407613007 0.5086505190311419 0.028548770816812053 0.032295271049596314
22 0.7739888977002379 0.7139561707035755 0.011102299762093577 0.033448673587081895
7 0.9748215701823949 0.3693771626297578 0.032910388580491674 0.039792387543252594
13 0.8277160983346551 0.24971164936562862 0.028152260111022998 0.03575547866205306
6 0.9226804123711341 0.7574971164936564 0.02141157811260904 0.040945790080738176
1 0.4409199048374306 0.4639561707035756 0.022997620935765267 0.034025374855824686
17 0.41435368754956386 0.7990196078431373 0.02458366375892149 0.03517877739331027
11 0.3362410785091198 0.5054786620530566 0.02696272799365583 0.03633217993079585
8 0.28727200634417127 0.47058823529411764 0.02656621728786677 0.032295271049596314
22 0.4308088818398097 0.7949826989619377 0.009912767644726407 0.032871972318339104
13 0.8984932593180016 0.4495386389850058 0.026169706582077717 0.04555940023068051
21 0.4682791435368755 0.7318339100346021 0.019825535289452814 0.029988465974625143
1 0.4147501982553529 0.34717416378316035 0.02141157811260904 0.03690888119953864
1 0.16157811260904045 0.4331026528258362 0.01625693893735131 0.033448673587081895
5 0.4173275178429818 0.7277970011534025 0.021015067406819986 0.03460207612456748
1 0.4926645519429025 0.5025951557093425 0.021015067406819986 0.039792387543252594
13 0.7805313243457573 0.2520184544405998 0.03132434575733545 0.042675893886966555
8 0.8955194290245837 0.33102652825836215 0.03132434575733545 0.03114186851211073
20 0.3217684377478192 0.4273356401384083 0.021015067406819986 0.033448673587081895
5 0.38897700237906424 0.30190311418685123 0.019032513877874704 0.03633217993079585
11 0.8336637589214909 0.32698961937716264 0.024187153053132435 0.0392156862745098
23 0.13501189532117366 0.5034602076124568 0.017842981760507533 0.032295271049596314
3 0.44528152260111026 0.5475778546712803 0.022204599524187154 0.034025374855824686
5 0.16950832672482158 0.39475201845444063 0.023394131641554322 0.034025374855824686
11 0.5073354480570975 0.7260668973471742 0.030531324345757335 0.03575547866205306
1 0.42862807295796984 0.42589388696655134 0.01823949246629659 0.039792387543252594
17 0.3812450436161776 0.5790080738177624 0.021015067406819986 0.033448673587081895
5 0.46708961141950833 0.3044982698961938 0.016653449643140365 0.033448673587081895
14 0.7940126883425852 0.411764705882353 0.023394131641554322 0.042675893886966555
23 0.2232355273592387 0.4691464821222607 0.019032513877874704 0.03517877739331027
23 0.9563838223632039 0.5279700115340253 0.02141157811260904 0.042099192618223764
23 0.9123711340206185 0.5657439446366782 0.026169706582077717 0.040369088811995385
5 0.24167327517842982 0.6528258362168397 0.02260111022997621 0.03460207612456748
0 0.9484536082474226 0.290080738177624 0.019032513877874704 0.02883506343713956
21 0.9438937351308485 0.4483852364475202 0.023394131641554322 0.039792387543252594
13 0.4054321966693101 0.4299307958477509 0.030531324345757335 0.040945790080738176
8 0.8699444885011896 0.790080738177624 0.029341792228390166 0.040369088811995385
16 0.36161776367961934 0.504325259515571 0.02775574940523394 0.03517877739331027
5 0.40384615384615385 0.5028835063437139 0.020222045995241873 0.04382929642445214
3 0.44825535289452817 0.7618223760092272 0.023394131641554322 0.029988465974625143
20 0.7900475812846947 0.717128027681661 0.021808088818398096 0.039792387543252594
8 0.043219666931007136 0.6949250288350635 0.028548770816812053 0.042675893886966555
5 0.41712926249008725 0.3886966551326413 0.022204599524187154 0.03460207612456748
21 0.4662965900079302 0.6949250288350635 0.02141157811260904 0.03575547866205306
5 0.3842188739095956 0.5472895040369089 0.01586042823156225 0.02883506343713956
3 0.4867168913560666 0.38783160322952714 0.02260111022997621 0.039792387543252594
3 0.8330689928628073 0.7139561707035755 0.02141157811260904 0.03460207612456748
5 0.9754163362410785 0.3284313725490196 0.022997620935765267 0.031718569780853516
21 0.9530134813639969 0.6424452133794695 0.027359238699444885 0.025374855824682817
23 0.10051546391752578 0.6193771626297578 0.020222045995241873 0.03690888119953864
22 0.48949246629659 0.8370818915801616 0.015463917525773196 0.040945790080738176
23 0.24187153053132435 0.3895617070357555 0.019825535289452814 0.034025374855824686
22 0.0894131641554322 0.6900230680507498 0.012291831879460745 0.03517877739331027
16 0.29758128469468675 0.39273356401384085 0.024187153053132435 0.03806228373702422
20 0.17049960348929422 0.277681660899654 0.020618556701030927 0.034025374855824686
21 0.8792624900872323 0.7145328719723184 0.023394131641554322 0.03806228373702422
5 0.5305313243457573 0.7237600922722031 0.019825535289452814 0.042675893886966555
20 0.3760904044409199 0.46655132641291813 0.02577319587628866 0.03806228373702422
20 0.8517049960348929 0.2505767012687428 0.022204599524187154 0.034025374855824686
13 0.8185963521015067 0.6009227220299885 0.024187153053132435 0.02422145328719723
21 0.15364789849325933 0.2782583621683968 0.024187153053132435 0.03517877739331027
5 0.34694686756542426 0.26787773933102654 0.019032513877874704 0.03748558246828143
7 0.44210943695479776 0.5023068050749712 0.026169706582077717 0.03690888119953864
22 0.4674861221252974 0.34717416378316035 0.011102299762093577 0.03690888119953864
2 0.9308088818398097 0.607843137254902 0.017842981760507533 0.03114186851211073
21 0.23513084853291039 0.3088235294117647 0.023790642347343377 0.031718569780853516
6 0.2892545598731166 0.6580161476355249 0.02577319587628866 0.03575547866205306
5 0.9526169706582078 0.6052479815455594 0.023394131641554322 0.030565167243367938
22 0.3570578905630452 0.615916955017301 0.012291831879460745 0.033448673587081895
17 0.17129262490087233 0.6905997693194925 0.020618556701030927 0.042099192618223764
17 0.30412371134020616 0.3096885813148789 0.026169706582077717 0.03806228373702422
6 0.7684377478191912 0.5011534025374856 0.025376685170499604 0.042675893886966555
20 0.36320380650277556 0.5455594002306805 0.020618556701030927 0.033448673587081895
3 0.7581284694686756 0.5997693194925029 0.022204599524187154 0.03806228373702422
3 0.43061062648691517 0.870242214532872 0.022997620935765267 0.03575547866205306
0 0.9659000793021412 0.7563437139561707 0.02458366375892149 0.042099192618223764
8 0.39353687549563837 0.7312572087658593 0.02656621728786677 0.03690888119953864
9 0.20023790642347344 0.6185121107266436 0.02775574940523394 0.039792387543252594
17 0.0880253766851705 0.6548442906574394 0.022997620935765267 0.034025374855824686
1 0.17644726407613007 0.6199538638985006 0.019825535289452814 0.033448673587081895
23 0.4367565424266455 0.5867935409457901 0.021808088818398096 0.031718569780853516
22 0.8645915939730373 0.6023644752018454 0.023394131641554322 0.029411764705882353
13 0.817208564631245 0.4544405997693195 0.029341792228390166 0.0461361014994233
14 0.04500396510705789 0.6565743944636678 0.02260111022997621 0.03517877739331027
16 0.4506344171292625 0.6211072664359861 0.023394131641554322 0.03575547866205306
17 0.19349722442505948 0.6554209919261823 0.022997620935765267 0.03748558246828143
22 0.4308088818398097 0.6911764705882353 0.009912767644726407 0.03517877739331027
6 0.32553528945281524 0.3079584775086505 0.022997620935765267 0.03575547866205306
17 0.8122521808088818 0.6753171856978085 0.02656621728786677 0.03690888119953864
21 0.4409199048374306 0.3895617070357555 0.022997620935765267 0.034025374855824686
5 0.24662965900079303 0.2710495963091119 0.012688342585249802 0.03114186851211073
6 0.45737509912767643 0.42387543252595156 0.020222045995241873 0.03806228373702422
23 0.8828310864393338 0.2906574394463668 0.01942902458366376 0.03575547866205306
6 0.9544012688342586 0.7967128027681661 0.022204599524187154 0.03748558246828143
0 0.24325931800158604 0.46655132641291813 0.021015067406819986 0.03806228373702422
13 0.42505947660586835 0.5446943483275664 0.028548770816812053 0.039792387543252594
10 0.27854877081681206 0.39215686274509803 0.01625693893735131 0.03460207612456748
7 0.19547977795400476 0.2750865051903114 0.03647898493259318 0.033448673587081895
21 0.41554321966693103 0.6914648212226067 0.020618556701030927 0.03806228373702422
7 0.3493259318001586 0.46568627450980393 0.0317208564631245 0.03633217993079585
0 0.32275971451229185 0.5415224913494809 0.026169706582077717 0.033448673587081895
17 0.792426645519429 0.4541522491349481 0.027359238699444885 0.04440599769319493
13 0.40681998413957177 0.2626874279123414 0.026169706582077717 0.032871972318339104
23 0.34318001586042823 0.38696655132641294 0.02498017446471055 0.03806228373702422
3 0.5452022204599524 0.6525374855824683 0.02775574940523394 0.039792387543252594
20 0.36082474226804123 0.3886966551326413 0.019825535289452814 0.03806228373702422
7 0.8578509119746233 0.5279700115340253 0.03528945281522601 0.02710495963091119
10 0.26209357652656623 0.3497693194925029 0.01823949246629659 0.03748558246828143
20 0.8281126090404441 0.2897923875432526 0.02656621728786677 0.029411764705882353
1 0.3435765265662173 0.544405997693195 0.01942902458366376 0.033448673587081895
21 0.3223632038065028 0.39071510957324107 0.022204599524187154 0.034025374855824686
19 0.22026169706582077 0.578719723183391 0.02656621728786677 0.029411764705882353
20 0.2232355273592387 0.5031718569780854 0.017446471054718478 0.032871972318339104
1 0.45400475812846947 0.5867935409457901 0.016653449643140365 0.034025374855824686
1 0.9103885804916733 0.6020761245674741 0.019825535289452814 0.02768166089965398
13 0.9090007930214116 0.7142445213379469 0.027359238699444885 0.03517877739331027
21 0.48413957176843775 0.34832756632064593 0.022204599524187154 0.0392156862745098
10 0.9492466296590008 0.3745674740484429 0.022997620935765267 0.03863898500576701
5 0.8953211736716892 0.6718569780853518 0.017446471054718478 0.032295271049596314
1 0.3142347343378271 0.5077854671280277 0.01942902458366376 0.03517877739331027
23 0.06443298969072166 0.5813148788927336 0.02260111022997621 0.033448673587081895
3 0.5224028548770817 0.4688581314878893 0.020222045995241873 0.03806228373702422
13 0.7704203013481364 0.4555940023068051 0.02775574940523394 0.04728950403690888
5 0.8766851704996035 0.4068627450980392 0.022997620935765267 0.032871972318339104
23 0.8384218873909596 0.6744521337946944 0.023394131641554322 0.03863898500576701
7 0.7844964314036479 0.5989042675893888 0.032910388580491674 0.020184544405997693
21 0.14988104678826328 0.6897347174163784 0.025376685170499604 0.03575547866205306
5 0.45162569389373514 0.6551326412918108 0.022204599524187154 0.033448673587081895
11 0.1161776367961935 0.7272202998846597 0.026169706582077717 0.03690888119953864
5 0.9353687549563838 0.7978662053056517 0.02141157811260904 0.03517877739331027
5 0.8705392545598731 0.4495386389850058 0.02577319587628866 0.042099192618223764
16 0.01486915146708961 0.6992502883506344 0.02577319587628866 0.043252595155709346
21 0.4978191911181602 0.657439446366782 0.01942902458366376 0.033448673587081895
7 0.24762093576526567 0.5054786620530566 0.033703409992069784 0.030565167243367938
23 0.43041237113402064 0.6577277970011535 0.021015067406819986 0.03517877739331027
13 0.8634020618556701 0.7525951557093425 0.028152260111022998 0.0392156862745098
5 0.1810071371927042 0.5810265282583622 0.024187153053132435 0.030565167243367938
11 0.1471054718477399 0.4754901960784314 0.02775574940523394 0.039792387543252594
3 0.9280333068992863 0.3708189158016148 0.02577319587628866 0.03460207612456748
11 0.1282712133227597 0.27479815455594003 0.030531324345757335 0.039792387543252594
22 0.12073750991276765 0.5446943483275664 0.01387787470261697 0.034025374855824686
5 0.3148295003965107 0.578719723183391 0.01823949246629659 0.032871972318339104
11 0.9157414750198255 0.6776239907727797 0.02894528152260111 0.03460207612456748
1 0.5412371134020618 0.4677047289504037 0.017446471054718478 0.04152249134948097
5 0.3709357652656622 0.6940599769319493 0.020222045995241873 0.03863898500576701
11 0.9803727200634417 0.7918108419838524 0.023394131641554322 0.033448673587081895
17 0.4710547184773989 0.765282583621684 0.022997620935765267 0.03460207612456748
11 0.14036478984932593 0.31516724336793545 0.02775574940523394 0.03517877739331027
10 0.5507533703409992 0.7243367935409458 0.020618556701030927 0.042675893886966555
21 0.837827121332276 0.7528835063437139 0.02458366375892149 0.031718569780853516
22 0.2817208564631245 0.43166089965397925 0.015463917525773196 0.042099192618223764
5 0.2660586835844568 0.4682814302191465 0.01823949246629659 0.03690888119953864
12 0.34337827121332276 0.6580161476355249 0.02775574940523394 0.03806228373702422
22 0.915543219666931 0.7975778546712803 0.01586042823156225 0.03690888119953864
17 0.2006344171292625 0.5795847750865052 0.022204599524187154 0.032295271049596314
22 0.32275971451229185 0.6585928489042676 0.013481363996827915 0.0392156862745098
10 0.5664155432196669 0.7658592848904268 0.01704996034892942 0.03806228373702422
13 0.777755749405234 0.3275663206459054 0.030531324345757335 0.033448673587081895
13 0.40007930214115783 0.618800461361015 0.02775574940523394 0.03806228373702422
3 0.8433782712133228 0.6020761245674741 0.022204599524187154 0.02768166089965398
3 0.22482157018239493 0.5412341407151096 0.02458366375892149 0.03517877739331027
1 0.1028945281522601 0.6923298731257209 0.01704996034892942 0.032871972318339104
17 0.5481760507533704 0.7655709342560554 0.021015067406819986 0.03633217993079585
13 0.4631245043616178 0.3872549019607843 0.022204599524187154 0.03863898500576701
5 0.7769627279936558 0.7920991926182238 0.021015067406819986 0.03863898500576701
11 0.17783505154639176 0.3555363321799308 0.03132434575733545 0.039792387543252594
22 0.21530531324345759 0.6150519031141869 0.009516256938937352 0.03748558246828143
13 0.8832275971451229 0.5273933102652826 0.021808088818398096 0.032871972318339104
22 0.517248215701824 0.3895617070357555 0.013084853291038858 0.039792387543252594
5 0.2557494052339413 0.6138985005767013 0.022204599524187154 0.03863898500576701
3 0.7716098334655036 0.5343137254901961 0.030927835051546393 0.024798154555940023
22 0.42069785884218874 0.5028835063437139 0.01506740681998414 0.03806228373702422
10 0.4337827121332276 0.6211072664359861 0.013481363996827915 0.03575547866205306
13 0.4099920697858842 0.8745674740484429 0.025376685170499604 0.03517877739331027
5 0.3281126090404441 0.6955017301038062 0.018636003172085646 0.03575547866205306
6 0.9520222045995241 0.3275663206459054 0.023790642347343377 0.03806228373702422
23 0.7601110229976209 0.5625720876585929 0.025376685170499604 0.034025374855824686
21 0.3104678826328311 0.46568627450980393 0.017446471054718478 0.034025374855824686
6 0.16990483743061063 0.6551326412918108 0.02656621728786677 0.033448673587081895
5 0.3185963521015067 0.35207612456747406 0.021808088818398096 0.03863898500576701
21 0.7727993655828708 0.37139561707035756 0.023790642347343377 0.040369088811995385
13 0.8895717684377478 0.8728373702422145 0.028152260111022998 0.034025374855824686
22 0.4210943695479778 0.5856401384083045 0.011895321173671689 0.034025374855824686
5 0.2049960348929421 0.47058823529411764 0.019032513877874704 0.032295271049596314
21 0.40166534496431405 0.5432525951557093 0.020618556701030927 0.03690888119953864
10 0.3953211736716891 0.7967128027681661 0.016653449643140365 0.039792387543252594
14 0.8667724028548771 0.489042675893887 0.020618556701030927 0.040369088811995385
2 0.20459952418715305 0.31430219146482125 0.016653449643140365 0.03690888119953864
3 0.8719270420301348 0.37139561707035756 0.02141157811260904 0.02883506343713956
3 0.48909595559080093 0.5841983852364475 0.01942902458366376 0.03460207612456748
22 0.13441712926249008 0.7275086505190311 0.011895321173671689 0.03517877739331027
0 0.1514670896114195 0.7277970011534025 0.025376685170499604 0.040369088811995385
21 0.602498017446471 0.7710495963091119 0.023394131641554322 0.04382929642445214
22 0.45975416336241076 0.7946943483275664 0.013084853291038858 0.03690888119953864
13 0.7983743061062649 0.8800461361014994 0.02973830293417922 0.033448673587081895
10 0.9278350515463918 0.29238754325259514 0.020618556701030927 0.02883506343713956
10 0.1873513084853291 0.3157439446366782 0.017842981760507533 0.042099192618223764
1 0.8287073750991277 0.4108996539792388 0.01586042823156225 0.03748558246828143
3 0.8929421094369548 0.25230680507497116 0.022997620935765267 0.040945790080738176
11 0.8925455987311658 0.6427335640138409 0.03330689928628073 0.04555940023068051
22 0.44131641554321965 0.422722029988466 0.010309278350515464 0.029988465974625143
5 0.20479777954004758 0.5377739331026529 0.018636003172085646 0.031718569780853516
22 0.39948453608247425 0.3468858131487889 0.01387787470261697 0.039792387543252594
14 0.3842188739095956 0.5054786620530566 0.020618556701030927 0.03633217993079585
21 0.3980967486122125 0.8347750865051904 0.026169706582077717 0.03633217993079585
11 0.9345757335448057 0.2563437139561707 0.025376685170499604 0.034025374855824686
5 0.7585249801744647 0.7139561707035755 0.02141157811260904 0.03575547866205306
5 0.20519429024583663 0.35236447520184544 0.02498017446471055 0.03690888119953864
17 0.10666137985725614 0.5833333333333334 0.023790642347343377 0.02825836216839677
17 0.11578112609040445 0.3111303344867359 0.019825535289452814 0.034025374855824686
6 0.1034892942109437 0.5441176470588236 0.026169706582077717 0.03863898500576701
21 0.507533703409992 0.5824682814302191 0.02141157811260904 0.03690888119953864
22 0.8895717684377478 0.3690888119953864 0.012291831879460745 0.03114186851211073
3 0.40305313243457574 0.5841983852364475 0.02260111022997621 0.03460207612456748
12 0.3473433782712133 0.6931949250288351 0.023790642347343377 0.033448673587081895
3 0.2773592386994449 0.618800461361015 0.02894528152260111 0.0392156862745098
5 0.855868358445678 0.7145328719723184 0.021015067406819986 0.03114186851211073
1 0.26070578905630454 0.3892733564013841 0.015463917525773196 0.03690888119953864
3 0.2436558287073751 0.3497693194925029 0.02577319587628866 0.034025374855824686
21 0.9306106264869152 0.5273933102652826 0.020618556701030927 0.024798154555940023
20 0.3047184773988898 0.6943483275663207 0.02577319587628866 0.03460207612456748
13 0.4238699444885012 0.8365051903114187 0.026169706582077717 0.032871972318339104
14 0.81304520222046 0.4143598615916955 0.014670896114195083 0.039792387543252594
23 0.44746233148295006 0.30767012687427914 0.021015067406819986 0.039792387543252594
10 0.46074544012688345 0.4622260668973472 0.019032513877874704 0.040945790080738176
20 0.3435765265662173 0.7341407151095732 0.021808088818398096 0.03690888119953864