10 0.7189229994967287 0.3221018852787806 0.0498238550578762 0.0457280385078219
21 0.49471565173628584 0.3712394705174488 0.03321590337191746 0.03569995988768552
20 0.7035732259687971 0.8022462896109105 0.04529441368897836 0.036101083032490974
13 0.504026170105687 0.44564781387886077 0.050830397584297936 0.036101083032490974
10 0.842224458983392 0.8012434817488968 0.034725717161550075 0.03810669875651825
5 0.5573729240060392 0.18170878459687123 0.03673880221439356 0.03449659045326915
5 0.5417715148465022 0.48014440433212996 0.04076497232008052 0.0304853590052146
22 0.6210367388022143 0.18912956277577214 0.015098137896326119 0.03650220617729643
21 0.3711625566180171 0.6520256718812675 0.033719174635128336 0.026073004412354592
13 0.6912430800201308 0.6107099879663056 0.05284348263714142 0.032490974729241874
23 0.5601409159536991 0.3694344163658243 0.02415702063412179 0.02968311271560369
10 0.6456970306995471 0.06979542719614922 0.03623553095118269 0.036101083032490974
14 0.5978862606945143 0.40393100681909344 0.028183190739808756 0.036903329322101885
17 0.36940110719677904 0.3656237464901725 0.034222445898339206 0.03730445246690734
22 0.5578761952692501 0.5998796630565584 0.027679919476597887 0.038908945046129156
7 0.568193256165073 0.33654231849177696 0.04126824358329139 0.02727637384677096
1 0.44262707599396073 0.4432410750100281 0.0377453447408153 0.03369434416365824
21 0.5400100654252642 0.7892097874047332 0.0463009562154001 0.033293221018852785
10 0.6303472571716154 0.7041716807059767 0.050830397584297936 0.038908945046129156
13 0.42979365878208353 0.8303249097472923 0.05334675390035229 0.036903329322101885
21 0.6799194765978862 0.7531087043722422 0.03824861600402617 0.026073004412354592
17 0.71389028686462 0.8906939430405134 0.04479114242576749 0.04292017649418371
21 0.6373930548565677 0.5615724027276373 0.03271263210870659 0.036101083032490974
5 0.6215400100654253 0.6562374649017247 0.051333668847508805 0.03369434416365824
5 0.7617010568696527 0.7593261131167268 0.043784599899345744 0.03128760529482551
5 0.608706592853548 0.22683513838748495 0.03673880221439356 0.027677496991576414
6 0.5807750377453448 0.10128359406337745 0.034222445898339206 0.04372242278379462
17 0.5254151987921489 0.3710389089450461 0.028183190739808756 0.03449659045326915
0 0.7856064418721691 0.8415563578018451 0.043281328636134875 0.0377055756117128
10 0.70231504781077 0.1967509025270758 0.035732259687971814 0.029281989570798233
21 0.44564670357322594 0.7853991175290814 0.04076497232008052 0.025671881267549136
17 0.7199295420231505 0.45266746891295623 0.03271263210870659 0.032490974729241874
14 0.21187720181177655 0.4703168872843963 0.03623553095118269 0.038908945046129156
5 0.33719174635128335 0.3987164059366225 0.04026170105686965 0.0304853590052146
3 0.34021137393054857 0.6514239871640594 0.03925515853044791 0.03449659045326915
5 0.431806743834927 0.5228640192539109 0.04026170105686965 0.033293221018852785
13 0.38928032209360847 0.32992378660248695 0.03271263210870659 0.026073004412354592
8 0.587317564167086 0.4877657440834336 0.06945143432310015 0.0304853590052146
5 0.5993960744841469 0.7432811873245085 0.05636638147961751 0.03931006819093461
5 0.6215400100654253 0.871841155234657 0.051333668847508805 0.034095467308463696
5 0.4076497232008052 0.6008824709185719 0.059386009058882736 0.03850782190132371
3 0.6706089582284851 0.6636582430806257 0.059889280322093605 0.034095467308463696
21 0.35153497735279315 0.3305254713196951 0.0377453447408153 0.024067388688327314
21 0.09738298943130347 0.8235058162855996 0.034725717161550075 0.0377055756117128
7 0.7682435832913941 0.31969514640994784 0.07599396074484147 0.04332129963898917
13 0.2088575742325113 0.8235058162855996 0.05435329642677403 0.03369434416365824
3 0.6987921489682939 0.5318892900120337 0.03673880221439356 0.03128760529482551
0 0.587317564167086 0.257721620537505 0.035228988424760944 0.030886482150020055
19 0.4665324609964771 0.33072603289209784 0.03321590337191746 0.030886482150020055
1 0.8907901358832411 0.801845166466105 0.051333668847508805 0.03850782190132371
16 0.19904378459989935 0.6470116325711993 0.058882737795671866 0.03931006819093461
13 0.5140915953699043 0.2906137184115523 0.04881731253145445 0.02446851183313277
13 0.5176144942123805 0.13858804653028478 0.03673880221439356 0.03569995988768552
2 0.6487166582788123 0.45026073004412354 0.03824861600402617 0.03730445246690734
21 0.6957725213890287 0.41135178499799435 0.028686462003019626 0.032490974729241874
19 0.8414695520885758 0.7619334135579623 0.042274786109713136 0.03650220617729643
23 0.2493709109209864 0.5960689931809066 0.0377453447408153 0.02968311271560369
14 0.5052843482637142 0.25511432009626955 0.03925515853044791 0.0304853590052146
21 0.7332662304982386 0.5332932210188528 0.04026170105686965 0.028479743281187322
14 0.741066935078007 0.45407139991977535 0.03170608958228485 0.03449659045326915
21 0.6109713135379969 0.7918170878459687 0.03824861600402617 0.03128760529482551
16 0.5566180171112229 0.5212595266746891 0.04126824358329139 0.034095467308463696
13 0.2058379466532461 0.6883273164861612 0.05334675390035229 0.0304853590052146
5 0.2506290890790136 0.8642198154833534 0.03925515853044791 0.03489771359807461
14 0.4552088575742325 0.4777376654632972 0.04177151484650227 0.03369434416365824
13 0.604680422747861 0.5655836341756919 0.059889280322093605 0.03529883674288006
6 0.45923502767991947 0.40473325310870434 0.03875188726723704 0.028880866425992777
23 0.3303975842979366 0.6977537103890894 0.04579768495218923 0.04292017649418371
17 0.7322596879718168 0.08102687525070196 0.035228988424760944 0.04011231448054552
13 0.7674886763965777 0.4929803449659045 0.04529441368897836 0.03369434416365824
5 0.7453447408152994 0.8032490974729242 0.03724207347760443 0.03810669875651825
13 0.463009562154001 0.3692338547934216 0.02315047810770005 0.0421179302045728
16 0.7770508303975843 0.4560770156438026 0.043281328636134875 0.03128760529482551
13 0.37216909914443885 0.47352587244283995 0.0498238550578762 0.03168872843963096
16 0.5515853044791142 0.22543120738066585 0.03925515853044791 0.03128760529482551
21 0.8253648716658278 0.8419574809466506 0.03824861600402617 0.036101083032490974
1 0.2619526925012582 0.24227837946249497 0.033719174635128336 0.0304853590052146
3 0.5606441872169099 0.2972322503008423 0.050327126321087066 0.02968311271560369
21 0.4622546552591847 0.2569193742478941 0.034725717161550075 0.03489771359807461
9 0.6678409662808253 0.8812675491375852 0.060392551585304474 0.058563979141596466
23 0.5775037745344741 0.7898114721219414 0.03875188726723704 0.03208985158443642
20 0.2065928535480624 0.7284396309667067 0.04680422747861097 0.03128760529482551
5 0.7179164569703069 0.6636582430806257 0.03975842979365878 0.034095467308463696
5 0.48188223452440865 0.831327717609306 0.0548565676899849 0.03730445246690734
22 0.6222949169602415 0.4053349378259125 0.02466029189733266 0.03650220617729643
11 0.5747357825868142 0.6560369033293221 0.042274786109713136 0.033293221018852785
1 0.8054856567689985 0.8008423586040914 0.034725717161550075 0.03168872843963096
6 0.4146955208857574 0.7386682711592458 0.042274786109713136 0.034095467308463696
22 0.6147458480120785 0.26052948255114317 0.01560140915953699 0.034095467308463696
5 0.45319577252138904 0.7366626554352186 0.042778057372924005 0.03489771359807461
11 0.6409159536990438 0.26393902928198953 0.04177151484650227 0.03208985158443642
6 0.7868646200301963 0.4219815483353389 0.03673880221439356 0.036101083032490974
10 0.8185707096124811 0.5010028078620136 0.04479114242576749 0.04813477737665463
3 0.35958731756416706 0.7835940633774569 0.0548565676899849 0.030886482150020055
5 0.3626069451434323 0.7374649017248295 0.0548565676899849 0.033293221018852785
22 0.330649219929542 0.8196951464099478 0.021137393054856568 0.032490974729241874
13 0.3120281831907398 0.5120336943441637 0.04529441368897836 0.030886482150020055
12 0.7403120281831908 0.8820697954271961 0.03724207347760443 0.03289209787404733
21 0.6909914443885254 0.07360609707180103 0.04026170105686965 0.03971119133574007
1 0.7425767488676397 0.8427597272362615 0.04479114242576749 0.02968311271560369
5 0.6567689984901862 0.2300441235459286 0.03120281831907398 0.026875250701965503
7 0.8726723704076497 0.32270356999598876 0.0291897332662305 0.03489771359807461
13 0.2604428787116256 0.2823906939430405 0.04076497232008052 0.03369434416365824
10 0.5150981378963261 0.22703569995988768 0.03170608958228485 0.03931006819093461
22 0.5362355309511827 0.33433614119534694 0.02365374937091092 0.03168872843963096
5 0.5110719677906391 0.09566787003610108 0.035732259687971814 0.03971119133574007
13 0.20986411675893307 0.8640192539109506 0.04730749874182184 0.03369434416365824
22 0.12078510317060895 0.8273164861612514 0.02315047810770005 0.03489771359807461
21 0.7131353799698037 0.2629362214199759 0.03925515853044791 0.03489771359807461
21 0.47559134373427275 0.2932210188527878 0.03925515853044791 0.023265142398716406
20 0.7176648213387016 0.7525070196550341 0.04026170105686965 0.0377055756117128
1 0.34574735782586813 0.8680304853590052 0.04932058379466532 0.03369434416365824
16 0.35304479114242576 0.43882872041716803 0.043784599899345744 0.036903329322101885
17 0.18897835933568194 0.5016044925792218 0.04177151484650227 0.03168872843963096
23 0.258933064921993 0.6454071399919775 0.04479114242576749 0.03128760529482551
8 0.4159536990437846 0.36321700762133974 0.059889280322093605 0.027677496991576414
9 0.29894313034725717 0.826915363016446 0.04730749874182184 0.05575611712795828
5 0.4187216909914444 0.47733654231849176 0.042274786109713136 0.03128760529482551
5 0.6182687468545546 0.09887685519454471 0.04479114242576749 0.030886482150020055
21 0.47257171615500754 0.1762936221419976 0.042274786109713136 0.02527075812274368
13 0.5548565676899849 0.07099879663056557 0.051836940110719675 0.026474127557160047
16 0.8160543532964267 0.42338547934215803 0.027679919476597887 0.030886482150020055
12 0.7765475591343735 0.7970316887284395 0.025163563160543533 0.036101083032490974
1 0.7611977856064418 0.7073806658644204 0.06290890790135883 0.030886482150020055
10 0.6877201811776548 0.26333734456478136 0.04781077000503271 0.030084235860409144
21 0.6836940110719678 0.45046129161652626 0.03069954705586311 0.02727637384677096
21 0.6089582284851535 0.4486562374649017 0.03623553095118269 0.030886482150020055
21 0.4224962254655259 0.55736060970718 0.042778057372924005 0.032490974729241874
0 0.4796175138399597 0.22162053750501404 0.03120281831907398 0.029281989570798233
10 0.39657775541016604 0.7890092258323305 0.05435329642677403 0.0457280385078219
1 0.2825868142929039 0.5511432009626955 0.04781077000503271 0.03208985158443642
21 0.7747861097131353 0.3840754111512234 0.03271263210870659 0.027677496991576414
3 0.27679919476597886 0.5982751704773365 0.03623553095118269 0.03569995988768552
5 0.5938600905888274 0.6987565182511031 0.04831404126824358 0.036101083032490974
22 0.2921489682939104 0.4711191335740072 0.04479114242576749 0.03650220617729643
0 0.35581278309008557 0.5986762936221419 0.050327126321087066 0.03489771359807461
15 0.6356316054353296 0.14620938628158844 0.04126824358329139 0.030886482150020055
13 0.6409159536990438 0.29743281187324505 0.04479114242576749 0.033293221018852785
11 0.38978359335681934 0.8744484556758925 0.04177151484650227 0.03128760529482551
10 0.7705083039758429 0.8933012434817489 0.03824861600402617 0.04492579221821099
1 0.6680926019124308 0.15383072603289208 0.02466029189733266 0.03971119133574007
11 0.6935078007045797 0.8483754512635379 0.05737292400603925 0.03850782190132371
5 0.32008052340211374 0.7819895707982351 0.04529441368897836 0.03810669875651825
21 0.4290387518872672 0.8746490172482951 0.03875188726723704 0.030886482150020055
17 0.6524911927528938 0.7950260730044123 0.04579768495218923 0.03449659045326915
3 0.29969803724207345 0.40052146008824707 0.0377453447408153 0.03489771359807461
22 0.4715651736285858 0.44765342960288806 0.021137393054856568 0.03449659045326915
1 0.3482637141419225 0.24969915764139589 0.043281328636134875 0.032490974729241874
3 0.575742325113236 0.4478539911752908 0.03623553095118269 0.032490974729241874
11 0.4703069954705586 0.09426393902928198 0.04680422747861097 0.03369434416365824
3 0.5231504781077 0.5244685118331327 0.03673880221439356 0.04292017649418371
1 0.6031706089582285 0.2962294424388287 0.03875188726723704 0.028479743281187322
22 0.535228988424761 0.2571199358202968 0.01560140915953699 0.0304853590052146
3 0.4204831404126824 0.2565182511030886 0.035732259687971814 0.032490974729241874
6 0.2986914947156517 0.867428800641797 0.0498238550578762 0.03730445246690734
16 0.5810266733769501 0.8321299638989169 0.04881731253145445 0.03730445246690734
22 0.27101157523905384 0.4358202968311271 0.020634121791645695 0.032490974729241874
8 0.33392048314041267 0.2862013638186923 0.03673880221439356 0.032490974729241874
5 0.4823855057876195 0.13437625350982751 0.042778057372924005 0.04251905334937826
13 0.5792652239557121 0.8700361010830324 0.02415702063412179 0.03529883674288006
22 0.21917463512833416 0.5966706778981147 0.026673376950176145 0.038908945046129156
16 0.3095118268746854 0.5990774167669474 0.042274786109713136 0.03971119133574007
22 0.5231504781077 0.7398716405936622 0.035732259687971814 0.05174488567990373
6 0.40588827377956715 0.6542318491776975 0.043784599899345744 0.03529883674288006
19 0.5883241066935078 0.1438026474127557 0.042274786109713136 0.04131568391496189
13 0.6814292903875189 0.4887685519454472 0.0463009562154001 0.030886482150020055
3 0.5893306492199295 0.6012835940633774 0.05334675390035229 0.0377055756117128
1 0.4267740312028183 0.33212996389891697 0.0463009562154001 0.02968311271560369
8 0.4828887770508304 0.7876052948255113 0.06794162053346754 0.03569995988768552
17 0.5450427780573729 0.096470116325712 0.035228988424760944 0.04131568391496189
1 0.7372924006039255 0.609707180104292 0.06139909411172622 0.036101083032490974
9 0.4011071967790639 0.44384275972723625 0.055359838953195774 0.050140393100681906
1 0.5649219929542023 0.41034897713598073 0.03673880221439356 0.04251905334937826
13 0.8870156014091595 0.8888888888888888 0.06391545042778057 0.04251905334937826
5 0.3842476094614997 0.2517047733654232 0.029693004529441368 0.03569995988768552
1 0.5025163563160543 0.331327717609306 0.0498238550578762 0.03529883674288006
10 0.7614494212380473 0.6690734055354993 0.04126824358329139 0.036101083032490974
22 0.6545042778057373 0.838748495788207 0.021640664318067437 0.04332129963898917
0 0.6834423754403623 0.2976333734456478 0.042274786109713136 0.03369434416365824
15 0.3585807750377453 0.8277176093060569 0.03673880221439356 0.03810669875651825
14 0.8208354302969301 0.7099879663056557 0.05234021137393055 0.04011231448054552
21 0.807498741821842 0.6708784596871239 0.03975842979365878 0.032490974729241874
20 0.24257674886763966 0.5503409546730846 0.043281328636134875 0.0304853590052146
3 0.32008052340211374 0.439630966706779 0.0291897332662305 0.03128760529482551
23 0.3661298439859084 0.6961492178098676 0.04177151484650227 0.03650220617729643
21 0.27101157523905384 0.5108303249097472 0.042778057372924005 0.02366626554352186
1 0.29944640161046804 0.6496189330124348 0.05234021137393055 0.034095467308463696
19 0.8039758429793659 0.3822703569995989 0.03271263210870659 0.03128760529482551
5 0.2372924006039255 0.7811873245086242 0.0498238550578762 0.04372242278379462
21 0.29944640161046804 0.2839951865222623 0.03623553095118269 0.0304853590052146
14 0.5530951182687468 0.7396710790212595 0.043281328636134875 0.03369434416365824
5 0.28661298439859084 0.6951464099478539 0.03875188726723704 0.04011231448054552
13 0.30548565676899847 0.7374649017248295 0.05636638147961751 0.034095467308463696
22 0.6366381479617513 0.23124749298034494 0.018117765475591345 0.033293221018852785
20 0.43105183694011073 0.29502607300441236 0.06290890790135883 0.029281989570798233
12 0.8007045797684952 0.7605294825511432 0.03724207347760443 0.040914560770156434
7 0.6394061399094112 0.6012835940633774 0.07297433316557625 0.03208985158443642
5 0.5500754906894816 0.4514640994785399 0.04932058379466532 0.05334937825912555
1 0.37695017614494214 0.5549538708383474 0.04730749874182184 0.03489771359807461
7 0.8706592853548062 0.49177697553148814 0.044287871162556613 0.03128760529482551
16 0.2493709109209864 0.4691135178499799 0.0498238550578762 0.03489771359807461
1 0.3920483140412682 0.8305254713196951 0.051333668847508805 0.034095467308463696
21 0.7274786109713135 0.5673886883273165 0.03069954705586311 0.03569995988768552
0 0.4967287367891293 0.4791415964701163 0.04730749874182184 0.032490974729241874
5 0.24182184197282336 0.6969514640994785 0.043784599899345744 0.044524669073405534
13 0.91620533467539 0.4929803449659045 0.03875188726723704 0.036903329322101885
10 0.8409662808253648 0.42719614921780985 0.03220936084549572 0.04412354592860008
19 0.27403120281831905 0.7882069795427196 0.04881731253145445 0.03208985158443642
1 0.8349270256668344 0.38367428800641795 0.035228988424760944 0.03489771359807461
12 0.6995470558631102 0.15443241075010028 0.034222445898339206 0.02968311271560369
1 0.5533467539003523 0.13858804653028478 0.033719174635128336 0.03168872843963096
21 0.5958731756416709 0.1865222623345367 0.03321590337191746 0.02968311271560369
22 0.865374937091092 0.38567990373044525 0.029693004529441368 0.038908945046129156
13 0.3314041268243583 0.5523465703971119 0.0498238550578762 0.03289209787404733
5 0.4189733266230498 0.3997192137986362 0.04579768495218923 0.03489771359807461
3 0.6409159536990438 0.751103088648215 0.050830397584297936 0.03489771359807461
8 0.5284348263714141 0.8331327717609306 0.05636638147961751 0.036101083032490974
16 0.827126321087066 0.8900922583233052 0.04579768495218923 0.0377055756117128
9 0.657775541016608 0.1909346169273967 0.05636638147961751 0.028078620136381866
5 0.6459486663311524 0.485960689931809 0.05686965274282838 0.029281989570798233
20 0.5201308505284348 0.17910148415563576 0.034725717161550075 0.032490974729241874
1 0.7171615500754907 0.11452065784195747 0.05636638147961751 0.03650220617729643
5 0.25968797181680925 0.824709185720016 0.043281328636134875 0.03208985158443642
22 0.8598389531957725 0.8429602888086642 0.02264720684448918 0.04372242278379462
13 0.7337695017614494 0.41436020858403527 0.0463009562154001 0.03128760529482551
13 0.6016607951685958 0.5270758122743682 0.04680422747861097 0.036903329322101885
5 0.6567689984901862 0.5258724428399518 0.06643180674383492 0.0304853590052146
1 0.3779567186713639 0.29382270356999596 0.04126824358329139 0.027677496991576414
5 0.49924509310518367 0.7362615322904131 0.04026170105686965 0.03650220617729643
13 0.6182687468545546 0.9083433614119534 0.051836940110719675 0.045326915363016446
11 0.8314041268243583 0.32049739269955874 0.04831404126824358 0.03208985158443642
3 0.7003019627579266 0.569995988768552 0.051836940110719675 0.04813477737665463
23 0.5840463009562153 0.2264340152426795 0.025666834423754403 0.029281989570798233
3 0.3968293910417715 0.5216606498194946 0.03875188726723704 0.032490974729241874
16 0.2526421741318571 0.7356598475732049 0.05737292400603925 0.03529883674288006
13 0.37418218419728233 0.4001203369434416 0.04076497232008052 0.03569995988768552
21 0.7171615500754907 0.4961893301243481 0.043281328636134875 0.02727637384677096
1 0.352038248616004 0.5142398716405936 0.04479114242576749 0.02968311271560369
8 0.6819325616507297 0.7087845968712394 0.059386009058882736 0.04011231448054552
20 0.6643180674383492 0.1089049338146811 0.04932058379466532 0.03489771359807461
3 0.6313537996980372 0.8337344564781387 0.04579768495218923 0.029281989570798233
3 0.7443381982888777 0.3820697954271961 0.03925515853044791 0.03650220617729643
8 0.6585304479114242 0.412354592860008 0.06089582284851535 0.03289209787404733
21 0.3314041268243583 0.47533092659446446 0.03069954705586311 0.03208985158443642
5 0.5968797181680926 0.3684316085038106 0.04126824358329139 0.032490974729241874
14 0.3331655762455964 0.3628158844765343 0.04529441368897836 0.034095467308463696
22 0.16909914443885254 0.8206979542719615 0.03120281831907398 0.03931006819093461
23 0.14720684448917967 0.8295226634576814 0.03271263210870659 0.03529883674288006
5 0.8933064921992954 0.8421580425190534 0.04126824358329139 0.03569995988768552
8 0.22345244086562657 0.5094263939029282 0.05334675390035229 0.036101083032490974
23 0.2941620533467539 0.4398315282791817 0.02264720684448918 0.026875250701965503
1 0.7267237040764972 0.15563578018451663 0.028183190739808756 0.03128760529482551
22 0.6653246099647709 0.562575210589651 0.021137393054856568 0.03569995988768552
21 0.5573729240060392 0.25752105896510225 0.027679919476597887 0.02968311271560369
6 0.3012078510317061 0.24508624147613317 0.04579768495218923 0.0377055756117128