17 0.5873269435569756 0.24358974358974358 0.04579339723109692 0.0554561717352415
16 0.42997870074547395 0.6911150864639236 0.0676251331203408 0.06678592725104353
5 0.8200212992545262 0.22570065593321406 0.05005324813631523 0.06141920095408467
6 0.17039403620873272 0.5444245676803816 0.05644302449414271 0.06917113893858079
19 0.6134185303514378 0.7656529516994632 0.05537806176783813 0.06440071556350625
5 0.25026624068157616 0.4779367918902802 0.05644302449414271 0.059033989266547404
6 0.8296059637912674 0.30053667262969586 0.04898828541001066 0.060822898032200354
11 0.645101171458999 0.31097197376267144 0.056975505857295 0.0661896243291592
14 0.6448349307774228 0.46392367322599876 0.043663471778487756 0.07036374478234943
22 0.29233226837060705 0.4752534287418008 0.0362087326943557 0.06440071556350625
21 0.7228434504792333 0.23076923076923075 0.05910543130990416 0.06201550387596899
8 0.8104366347177849 0.37298747763864043 0.05324813631522897 0.06738223017292784
3 0.24893503727369545 0.6216457960644007 0.06123535676251332 0.06499701848539058
20 0.42172523961661346 0.6198568872987478 0.059637912673056445 0.06141920095408467
17 0.6078274760383388 0.4666070363744782 0.06443024494142706 0.07692307692307691
23 0.5913205537806178 0.3166368515205724 0.053780617678381264 0.06320810971973763
12 0.44888178913738025 0.3246869409660107 0.05005324813631523 0.07215265354800238
11 0.18290734824281152 0.4773404889683959 0.06656017039403621 0.060226595110316035
7 0.321618743343983 0.6261180679785331 0.07987220447284346 0.06201550387596899
22 0.7904685835995741 0.3091830649970185 0.03461128860489883 0.08050089445438283
1 0.44488817891373805 0.3944543828264758 0.06017039403620874 0.07334525939177101
23 0.7734291799787009 0.23076923076923075 0.04419595314164005 0.05963029218843172
22 0.5351437699680511 0.39564698867024445 0.029818956336528223 0.07334525939177101
7 0.1834398296059638 0.40608228980322003 0.0516506922257721 0.06201550387596899
5 0.5630990415335464 0.7701252236135957 0.03461128860489883 0.07334525939177101
12 0.49361022364217255 0.32528324388789503 0.04898828541001066 0.07096004770423375
5 0.40095846645367417 0.5456171735241503 0.05005324813631523 0.06201550387596899
13 0.5308839190628328 0.5432319618366129 0.06815761448349308 0.06440071556350625
3 0.5894568690095847 0.5390578413834227 0.05431309904153355 0.07036374478234943
5 0.49760383386581475 0.3917710196779964 0.049520766773162944 0.06797853309481217
10 0.7526624068157615 0.3091830649970185 0.04313099041533547 0.07334525939177101
23 0.6922257720979766 0.5408467501490757 0.05537806176783813 0.07394156231365533
23 0.1970181043663472 0.610912343470483 0.05111821086261981 0.0554561717352415
21 0.26251331203407885 0.2534287418008348 0.052183173588924395 0.06320810971973763
1 0.7635782747603834 0.1648777579010137 0.05537806176783813 0.056648777579010136
8 0.7079339723109692 0.1648777579010137 0.050585729499467526 0.06380441264162194
1 0.40441959531416405 0.47227191413237923 0.06123535676251332 0.0727489564698867
22 0.3982960596379127 0.3983303518187239 0.03727369542066028 0.06320810971973763
1 0.3567625133120341 0.39564698867024445 0.052183173588924395 0.05784138342277877
8 0.3501064962726305 0.3249850924269529 0.07401490947816827 0.07036374478234943
0 0.54419595314164 0.24239713774597493 0.052183173588924395 0.0554561717352415
21 0.47444089456869015 0.5444245676803816 0.05005324813631523 0.05963029218843172
5 0.6373801916932907 0.5420393559928444 0.047923322683706075 0.07155635062611806
1 0.7473375931842386 0.3723911747167561 0.04739084132055379 0.0554561717352415
20 0.36874334398296066 0.25163983303518184 0.0676251331203408 0.07155635062611806
11 0.8072417465388713 0.4508050089445438 0.046858359957401494 0.0763267740011926
6 0.34451544195953143 0.4746571258199165 0.06070287539936103 0.07036374478234943
21 0.538604898828541 0.3208109719737626 0.045260915867944625 0.07155635062611806
20 0.5756123535676252 0.38133571854502085 0.05537806176783813 0.07453786523553965
5 0.5375399361022365 0.6935002981514609 0.0516506922257721 0.06797853309481217
22 0.8232161874334399 0.6052474657125819 0.04259850905218318 0.06917113893858079
13 0.1458998935037274 0.3330351818723912 0.05431309904153355 0.08288610614192009
0 0.29898828541001066 0.3995229576624925 0.05484558040468584 0.07036374478234943
13 0.17305644302449416 0.2498509242695289 0.059637912673056445 0.06320810971973763
22 0.40441959531416405 0.32319618366129993 0.041001064962726305 0.06917113893858079
13 0.5985090521831736 0.6943947525342874 0.07880724174653887 0.07334525939177101
22 0.663471778487753 0.6932021466905187 0.05324813631522897 0.08288610614192009
3 0.45899893503727374 0.4728682170542635 0.052183173588924395 0.06917113893858079
5 0.703940362087327 0.30799045915324985 0.05005324813631523 0.0626118067978533
3 0.21512247071352505 0.25193798449612403 0.043663471778487756 0.07573047107930829
10 0.2973908413205538 0.32945736434108525 0.03567625133120341 0.07692307692307691
13 0.4432907348242812 0.7540250447227191 0.04739084132055379 0.0626118067978533
7 0.48216187433439833 0.616577221228384 0.07401490947816827 0.06320810971973763
5 0.7412140575079873 0.5342874180083482 0.05324813631522897 0.07155635062611806
21 0.6288604898828541 0.3858079904591532 0.05324813631522897 0.06797853309481217
23 0.4842917997870075 0.6920095408467501 0.049520766773162944 0.06499701848539058
11 0.6767838125665603 0.6141920095408467 0.06389776357827477 0.06797853309481217
1 0.22577209797657083 0.5480023852116875 0.052183173588924395 0.06678592725104353
13 0.6861022364217253 0.3870005963029219 0.06123535676251332 0.06559332140727489
22 0.5002662406815762 0.2477638640429338 0.03567625133120341 0.056648777579010136
1 0.6147497337593185 0.6159809183064997 0.058040468583599576 0.06201550387596899
8 0.6509584664536742 0.23732856290995824 0.09211927582534613 0.06320810971973763
6 0.2835463258785943 0.5456171735241503 0.056975505857295 0.06201550387596899
5 0.7380191693290735 0.6076326774001193 0.05324813631522897 0.06440071556350625
10 0.7822151224707136 0.6058437686344663 0.04259850905218318 0.07036374478234943
20 0.5585729499467519 0.4645199761478831 0.06070287539936103 0.07155635062611806
8 0.7577209797657083 0.45408467501490757 0.05537806176783813 0.07930828861061419
17 0.31043663471778493 0.2546213476446034 0.05324813631522897 0.058437686344663085
3 0.4675186368477104 0.25670840787119853 0.029818956336528223 0.08169350029815145
5 0.5053248136315229 0.46988670244484193 0.052183173588924395 0.07751937984496124
8 0.5529818956336529 0.6201550387596899 0.07401490947816827 0.06797853309481217
22 0.4387646432374867 0.5491949910554561 0.027689030883919066 0.06917113893858079
2 0.7960596379126731 0.5345855694692904 0.052183173588924395 0.07453786523553965
22 0.3738019169329074 0.6875372689326177 0.031948881789137386 0.06320810971973763
5 0.42279020234291803 0.25104353011329755 0.06176783812566561 0.06320810971973763
1 0.6914270500532482 0.45676803816338696 0.06123535676251332 0.06678592725104353
9 0.2052715654952077 0.3375074537865235 0.058040468583599576 0.09302325581395349
21 0.2579872204472844 0.327072152653548 0.041001064962726305 0.056648777579010136
6 0.34504792332268375 0.5503875968992248 0.06389776357827477 0.07394156231365533
13 0.24148029818956337 0.3983303518187239 0.06123535676251332 0.07036374478234943
1 0.8471778487752929 0.5307096004770423 0.04579339723109692 0.0763267740011926