12 0.17371885284438174 0.3857479387514723 0.0390220968500235 0.030624263839811542
6 0.23342736248236953 0.8944346289752649 0.04466384579219558 0.02797408716136631
17 0.25763986835919134 0.5008833922261484 0.044193700047014575 0.03415783274440518
7 0.26915843911612597 0.7189340400471143 0.0540667606958157 0.030918727915194344
5 0.28091208274565116 0.23836866902237924 0.03620122237893747 0.03386336866902238
22 0.4492242595204513 0.5097173144876325 0.022096850023507288 0.03239104829210836
13 0.3866948754113775 0.34673144876325085 0.04936530324400564 0.030329799764428737
11 0.36459802538787023 0.5413722025912838 0.056887635166901734 0.03150765606595995
3 0.1998119417019276 0.6073321554770318 0.04231311706629055 0.030329799764428737
22 0.3340385519511048 0.4674617196702002 0.0230371415138693 0.03386336866902238
23 0.32910202162670427 0.8320082449941106 0.040432534085566525 0.03327444051825677
13 0.29642689233662434 0.9260895170789163 0.04936530324400564 0.021790341578327443
17 0.8220498354489891 0.3685217903415783 0.0540667606958157 0.03680800942285041
1 0.3627174424071462 0.19228504122497053 0.0390220968500235 0.030035335689045935
5 0.8909261871180065 0.5191401648998821 0.045133991537376586 0.03297997644287397
8 0.7557592853784673 0.5845111896348645 0.030559473436765395 0.0270906949352179
6 0.1323460272684532 0.42682567726737336 0.05124588622472966 0.03386336866902238
3 0.34555712270803945 0.8932567726737337 0.040432534085566525 0.030329799764428737
1 0.43511988716502115 0.5768551236749117 0.03996238834038552 0.03297997644287397
23 0.8429713211095439 0.5904004711425206 0.035731076633756464 0.02767962308598351
0 0.2628114715561824 0.5742049469964664 0.041372825575928536 0.03180212014134275
23 0.1699576868829337 0.8970848056537102 0.03808180535966149 0.028563015312131918
21 0.3020686412787964 0.64811542991755 0.04466384579219558 0.030624263839811542
11 0.29854254818993886 0.4680506478209658 0.05453690644099671 0.03150765606595995
20 0.38575458392101547 0.647379269729093 0.04466384579219558 0.03504122497055359
13 0.2545839210155148 0.3486454652532391 0.053126469205453684 0.03180212014134275
22 0.8596614950634697 0.4770318021201413 0.02867889045604137 0.03828032979976442
0 0.3615420780441937 0.46775618374558303 0.04231311706629055 0.03445229681978798
22 0.16549130230371414 0.15459363957597172 0.022566995768688293 0.03297997644287397
21 0.41537376586741886 0.5079505300353356 0.04466384579219558 0.030035335689045935
22 0.18147625763986835 0.3127208480565371 0.02632816173013634 0.029446407538280327
3 0.8803479078514339 0.3396643109540636 0.04184297132110954 0.026207302709069492
21 0.2000470145745181 0.7187868080094229 0.03808180535966149 0.030035335689045935
11 0.25693464974141983 0.64811542991755 0.0540667606958157 0.03533568904593639
10 0.3789374706158909 0.5098645465253239 0.0310296191819464 0.03386336866902238
11 0.1619652092148566 0.34746760895170786 0.052186177715091674 0.029446407538280327
8 0.20192759755524212 0.6453180212014133 0.055947343676539724 0.03327444051825677
22 0.5176304654442877 0.6124852767962308 0.020686412787964268 0.037102473498233215
5 0.13540197461212974 0.3870730270906949 0.044193700047014575 0.030918727915194344
22 0.7994828396803009 0.5849528857479387 0.04184297132110954 0.02797408716136631
13 0.44546309355900326 0.31345700824499406 0.04748472026328161 0.03327444051825677
1 0.4080865068171133 0.5426972909305064 0.044193700047014575 0.03297997644287397
16 0.4026798307475317 0.3113957597173145 0.0390220968500235 0.03327444051825677
22 0.8192289609779031 0.43830977620730266 0.0390220968500235 0.03268551236749116
1 0.15796897038081806 0.7569199057714958 0.039492242595204514 0.02974087161366313
21 0.2703338034790785 0.8948763250883391 0.039492242595204514 0.0270906949352179
14 0.7693935119887164 0.5173733804475854 0.04184297132110954 0.035924617196702
23 0.4717912552891396 0.5815665488810364 0.04466384579219558 0.029446407538280327
16 0.2919605077574048 0.2776796230859835 0.044193700047014575 0.031213191990577146
1 0.2606958157028679 0.3111012956419317 0.0390220968500235 0.03150765606595995
1 0.7764456981664315 0.3667550058892815 0.04278326281147155 0.03504122497055359
5 0.22990126939351196 0.15547703180212014 0.04231311706629055 0.030624263839811542
20 0.3095909732016925 0.6846289752650176 0.04278326281147155 0.03239104829210836
3 0.4583921015514809 0.6133686690223792 0.0385519511048425 0.03180212014134275
3 0.8537846732487071 0.5569787985865724 0.048895157498824636 0.03327444051825677
21 0.3810531264692054 0.8936984687868079 0.04748472026328161 0.028268551236749116
8 0.7870239774330042 0.4028268551236749 0.06017865538316878 0.035924617196702
23 0.2233192289609779 0.8287691401648998 0.036671368124118475 0.0267962308598351
2 0.8417959567465914 0.5167844522968198 0.04748472026328161 0.037102473498233215
22 0.17559943582510576 0.2781213191990577 0.02773859896567936 0.03268551236749116
17 0.8067700987306065 0.5549175500588928 0.04701457451810061 0.03209658421672556
11 0.35966149506346967 0.5781802120141343 0.0460742830277386 0.03150765606595995
2 0.14151386929948284 0.682567726737338 0.0310296191819464 0.036513545347467605
1 0.48989186647860833 0.6123380447585394 0.036671368124118475 0.03386336866902238
17 0.11894687353079454 0.3121319199057715 0.0385519511048425 0.028268551236749116
13 0.27433004231311703 0.15518256772673733 0.053126469205453684 0.03356890459363957
3 0.8803479078514339 0.592756183745583 0.04184297132110954 0.030624263839811542
17 0.1076633756464504 0.1971436984687868 0.045133991537376586 0.03445229681978798
6 0.21720733427362482 0.49985276796230854 0.044193700047014575 0.03268551236749116
6 0.11048425011753643 0.2776796230859835 0.032910202162670425 0.03356890459363957
7 0.35613540197461213 0.6855123674911661 0.059708509637987774 0.030035335689045935
7 0.3413258110014104 0.3483510011778563 0.05829807240244476 0.029446407538280327
21 0.26022566995768687 0.7947585394581861 0.04372355430183356 0.030035335689045935
11 0.34461683121767744 0.6127797408716136 0.04701457451810061 0.03239104829210836
7 0.8034790785143394 0.30020612485276793 0.07146215326751293 0.03150765606595995
21 0.1941701927597555 0.5371024734982331 0.037611659614480486 0.02767962308598351
17 0.12247296661965208 0.5387220259128386 0.03620122237893747 0.029151943462897525
17 0.18735307945463092 0.7572143698468786 0.0390220968500235 0.03150765606595995
22 0.25763986835919134 0.9272673733804475 0.02632816173013634 0.025323910482921083
13 0.3091208274565115 0.8929623085983509 0.0465444287729196 0.029151943462897525
1 0.15279736718382697 0.7909305064782096 0.040432534085566525 0.03180212014134275
17 0.28702397743300423 0.19567137809187277 0.03620122237893747 0.03268551236749116
22 0.8044193700047014 0.5182567726737337 0.03008932769158439 0.034746760895170786
1 0.2082745651151857 0.34658421672555945 0.045133991537376586 0.030624263839811542
22 0.5072872590503056 0.5188457008244993 0.019746121297602257 0.04004711425206125
1 0.20639398213446167 0.2770906949352179 0.034790785143394454 0.034746760895170786
16 0.17465914433474375 0.8610129564193167 0.0465444287729196 0.035924617196702
1 0.17465914433474375 0.6831566548881036 0.03996238834038552 0.030035335689045935
21 0.2543488481429243 0.7579505300353356 0.036671368124118475 0.028268551236749116
1 0.14480488951574988 0.2772379269729093 0.037611659614480486 0.03386336866902238
3 0.13657733897508226 0.15429917550058891 0.04184297132110954 0.03356890459363957
10 0.24541607898448517 0.3850117785630153 0.033850493653032436 0.03386336866902238
10 0.20756934649741418 0.42653121319199055 0.02773859896567936 0.030918727915194344
8 0.22096850023507286 0.31095406360424027 0.06017865538316878 0.030624263839811542
16 0.8441466854724964 0.4062131919905771 0.04372355430183356 0.03209658421672556
11 0.30465444287729193 0.5029446407538279 0.05547719793135872 0.03239104829210836
17 0.8326281147155618 0.3339222614840989 0.05171603196991067 0.03297997644287397
6 0.21415138692994828 0.4649587750294464 0.04936530324400564 0.037102473498233215
13 0.17277856135401973 0.23895759717314485 0.05030559473436765 0.03504122497055359
23 0.26845322049835446 0.6086572438162544 0.036671368124118475 0.026501766784452294
20 0.773859896567936 0.43565959952885747 0.05829807240244476 0.03386336866902238
22 0.28960977903149976 0.576266195524146 0.019746121297602257 0.031213191990577146
17 0.26915843911612597 0.4243227326266195 0.04184297132110954 0.036513545347467605
1 0.21133051245886222 0.3851590106007067 0.04372355430183356 0.03180212014134275
1 0.23037141513869297 0.9272673733804475 0.035731076633756464 0.025912838633686687
17 0.3805829807240244 0.23748527679623085 0.03149976492712741 0.03504122497055359
14 0.2940761636107193 0.3121319199057715 0.0390220968500235 0.03180212014134275
23 0.3239304184297132 0.19316843345111895 0.04231311706629055 0.03180212014134275
3 0.20357310766337564 0.6816843345111896 0.0385519511048425 0.02885747938751472
3 0.15021156558533144 0.3112485276796231 0.03714151386929948 0.0270906949352179
6 0.22143864598025387 0.7937279151943463 0.05171603196991067 0.03445229681978798
22 0.13634226610249175 0.23807420494699644 0.018805829807240243 0.03386336866902238
1 0.32816173013634226 0.30962897526501765 0.0385519511048425 0.030918727915194344
5 0.2536436295251528 0.465547703180212 0.04560413728255759 0.03415783274440518
7 0.38246356370474843 0.2785630153121319 0.056887635166901734 0.03415783274440518
5 0.8946873530794546 0.4770318021201413 0.041372825575928536 0.03415783274440518
16 0.39774330042313116 0.5774440518256773 0.040432534085566525 0.03180212014134275
16 0.4029149036201222 0.4695229681978798 0.04795486600846262 0.035630153121319195
20 0.8521391631405736 0.2622202591283863 0.05876821814762576 0.03857479387514723
23 0.4795486600846262 0.5147232037691402 0.036671368124118475 0.034746760895170786
6 0.7778561354019746 0.4740871613663133 0.052186177715091674 0.03769140164899882
21 0.3794076163610719 0.6116018845700824 0.034790785143394454 0.02767962308598351
21 0.34626234132581096 0.5064782096584216 0.04090267983074753 0.0270906949352179
3 0.2244945933239304 0.7575088339222614 0.04090267983074753 0.03150765606595995
23 0.15961448048895158 0.574057714958775 0.04278326281147155 0.02974087161366313
1 0.14386459802538787 0.46260306242638394 0.0460742830277386 0.03239104829210836
13 0.34532204983544895 0.6485571260306242 0.04560413728255759 0.03150765606595995
23 0.27997179125528915 0.6841872791519434 0.03996238834038552 0.029151943462897525
1 0.7863187588152327 0.3325971731448763 0.04372355430183356 0.03268551236749116
1 0.47249647390691113 0.4739399293286219 0.044193700047014575 0.03504122497055359
5 0.21321109543958627 0.1969964664310954 0.04560413728255759 0.029446407538280327
22 0.5016455101081335 0.4754122497055359 0.02162670427832628 0.03386336866902238
21 0.2550540667606958 0.1981743227326266 0.04090267983074753 0.02885747938751472
22 0.23131170662905498 0.7198174322732626 0.028208744710860365 0.03386336866902238
1 0.8232251998119416 0.4746760895170789 0.0460742830277386 0.035924617196702
21 0.2837329572167372 0.3857479387514723 0.0465444287729196 0.030624263839811542
19 0.1605547719793136 0.1993521790341578 0.052186177715091674 0.037102473498233215
1 0.24118476727785612 0.4249116607773851 0.0460742830277386 0.03533568904593639
5 0.8730606488011283 0.37176089517078914 0.0460742830277386 0.03386336866902238
13 0.4188998589562764 0.614399293286219 0.04795486600846262 0.029151943462897525
3 0.29595674659144333 0.3490871613663133 0.0390220968500235 0.02974087161366313
22 0.1852374236013164 0.7934334511189635 0.028208744710860365 0.03150765606595995
23 0.19275975552421248 0.15429917550058891 0.035731076633756464 0.03356890459363957
5 0.3027738598965679 0.6105712603062426 0.04325340855665256 0.028563015312131918
13 0.311706629055007 0.42697290930506476 0.05265632346027268 0.035924617196702
22 0.12764456981664316 0.3490871613663133 0.021156558533145273 0.02797408716136631
13 0.22261401034320638 0.8618963486454652 0.053126469205453684 0.031213191990577146
13 0.1549130230371415 0.6101295641931684 0.05876821814762576 0.030624263839811542
5 0.2397743300423131 0.6844817432273262 0.040432534085566525 0.03209658421672556
23 0.40479548660084624 0.23777974087161363 0.037611659614480486 0.03150765606595995
20 0.36483309826046073 0.30992343934040045 0.04701457451810061 0.03150765606595995
22 0.1765397273154678 0.46275029446407534 0.02679830747531735 0.03268551236749116
1 0.19793135872120357 0.5722909305064782 0.044193700047014575 0.03209658421672556
22 0.37470615890926184 0.3854534746760895 0.023507287259050304 0.03356890459363957
8 0.3342736248236953 0.27488221436984683 0.04795486600846262 0.030918727915194344
11 0.24588622472966618 0.2772379269729093 0.0535966149506347 0.03150765606595995
16 0.7940761636107193 0.2629564193168433 0.06017865538316878 0.04004711425206125
22 0.16713681241184766 0.7193757361601884 0.02867889045604137 0.02885747938751472
22 0.1993417959567466 0.896643109540636 0.027268453220498354 0.03239104829210836
1 0.12482369534555711 0.5727326266195524 0.030559473436765395 0.030035335689045935
13 0.4292430653502586 0.2788574793875147 0.04231311706629055 0.03415783274440518
23 0.8634226610249177 0.30182567726737336 0.053126469205453684 0.03828032979976442
17 0.28890456041372825 0.7553003533568904 0.04184297132110954 0.02767962308598351
23 0.34508697696285845 0.3854534746760895 0.039492242595204514 0.03180212014134275
7 0.16831217677480018 0.5001472320376914 0.06393982134461683 0.025618374558303885
17 0.1612599905970851 0.8258244994110718 0.034790785143394454 0.03268551236749116
1 0.10977903149976492 0.23851590106007065 0.03149976492712741 0.03297997644287397
1 0.43723554301833567 0.2351295641931684 0.04231311706629055 0.03680800942285041
13 0.4494593323930418 0.5440223792697291 0.05453690644099671 0.03209658421672556
22 0.3149976492712741 0.3860424028268551 0.028208744710860365 0.030624263839811542
17 0.2940761636107193 0.8275912838633686 0.03620122237893747 0.02974087161366313
5 0.2381288199341796 0.6089517078916372 0.04090267983074753 0.028268551236749116
21 0.3159379407616361 0.5771495877502945 0.040432534085566525 0.029446407538280327
6 0.3154677950164551 0.23895759717314485 0.039492242595204514 0.03504122497055359
3 0.4395862717442407 0.47128975265017664 0.039492242595204514 0.04093050647820966
11 0.23577809120827456 0.538133097762073 0.05030559473436765 0.03150765606595995
5 0.15749882463563705 0.5375441696113074 0.04325340855665256 0.027385159010600704
8 0.31852374236013165 0.5391637220259128 0.053126469205453684 0.030624263839811542
1 0.21744240714621532 0.23866313309776205 0.04466384579219558 0.037396937573616014
23 0.19158439116125997 0.8293580683156654 0.03338034790785143 0.02797408716136631
5 0.17512929007992475 0.42579505300353354 0.0390220968500235 0.030624263839811542
23 0.12106252938410907 0.5020612485276796 0.03338034790785143 0.030624263839811542
5 0.4299482839680301 0.6462014134275618 0.05124588622472966 0.02797408716136631
1 0.7653972731546779 0.5531507656065959 0.032910202162670425 0.03504122497055359
21 0.348613070051716 0.23822143698468784 0.04090267983074753 0.03356890459363957
10 0.10178655383168782 0.34732037691401646 0.02679830747531735 0.028563015312131918
11 0.8664786083685942 0.4391931684334511 0.05923836389280677 0.03680800942285041
1 0.27903149976492714 0.5390164899882214 0.03714151386929948 0.03386336866902238
1 0.13939821344616832 0.7198174322732626 0.03244005641748942 0.028563015312131918
5 0.26046074283027737 0.828474676089517 0.045133991537376586 0.02974087161366313
5 0.1006111894687353 0.15547703180212014 0.035731076633756464 0.029446407538280327
7 0.3606017865538317 0.42623674911660775 0.05547719793135872 0.03150765606595995
22 0.23107663375646448 0.5724381625441696 0.0230371415138693 0.03239104829210836
17 0.15867418899858957 0.6445818610129563 0.04090267983074753 0.03828032979976442