16 0.31439393939393945 0.1352617079889807 0.029040404040404044 0.020385674931129475
8 0.3869949494949495 0.727823691460055 0.030303030303030304 0.025344352617079888
11 0.38573232323232326 0.32920110192837465 0.02777777777777778 0.02148760330578512
1 0.8863636363636365 0.6173553719008263 0.01893939393939394 0.019283746556473826
22 0.4441287878787879 0.3636363636363636 0.010732323232323234 0.026446280991735537
17 0.8488005050505051 0.3887052341597796 0.017045454545454548 0.017079889807162532
5 0.8418560606060607 0.46997245179063357 0.02335858585858586 0.01983471074380165
5 0.7023358585858587 0.17355371900826444 0.02335858585858586 0.0209366391184573
5 0.3898358585858586 0.30165289256198347 0.0220959595959596 0.019283746556473826
13 0.24621212121212124 0.6322314049586776 0.030303030303030304 0.028099173553719006
13 0.8273358585858587 0.38567493112947654 0.02335858585858586 0.0209366391184573
1 0.4507575757575758 0.33443526170798893 0.02398989898989899 0.023140495867768594
14 0.6291035353535354 0.7402203856749311 0.0220959595959596 0.019283746556473826
20 0.33901515151515155 0.8561983471074379 0.030303030303030304 0.022038567493112945
21 0.4889520202020202 0.6203856749311294 0.015782828282828284 0.013223140495867768
5 0.5296717171717172 0.4517906336088154 0.022727272727272728 0.023140495867768594
5 0.26988636363636365 0.6336088154269972 0.0220959595959596 0.02424242424242424
1 0.6972853535353536 0.7925619834710743 0.019570707070707072 0.019283746556473826
8 0.4352904040404041 0.39201101928374654 0.0321969696969697 0.02258953168044077
8 0.6180555555555556 0.17768595041322313 0.02777777777777778 0.015977961432506887
21 0.7474747474747475 0.34931129476584016 0.016414141414141416 0.015426997245179062
5 0.5154671717171717 0.36666666666666664 0.018308080808080808 0.020385674931129475
5 0.4785353535353536 0.4782369146005509 0.022727272727272728 0.0209366391184573
3 0.5533459595959597 0.4223140495867768 0.024621212121212124 0.01818181818181818
21 0.32323232323232326 0.49118457300275475 0.01893939393939394 0.02258953168044077
0 0.7244318181818182 0.4608815426997245 0.025883838383838387 0.025895316804407712
17 0.9570707070707072 0.47878787878787876 0.03156565656565657 0.02424242424242424
22 0.9362373737373738 0.1190082644628099 0.011363636363636364 0.022038567493112945
10 0.4573863636363637 0.36556473829201097 0.014520202020202022 0.020385674931129475
5 0.8847853535353536 0.24380165289256195 0.0220959595959596 0.02148760330578512
7 0.6477272727272728 0.712396694214876 0.02777777777777778 0.017630853994490357
0 0.8617424242424243 0.23884297520661155 0.02398989898989899 0.023691460055096418
13 0.46717171717171724 0.3074380165289256 0.025252525252525256 0.016528925619834708
10 0.37500000000000006 0.8884297520661156 0.01893939393939394 0.02148760330578512
5 0.8402777777777779 0.88099173553719 0.015151515151515152 0.0209366391184573
22 0.759469696969697 0.9027548209366391 0.011363636363636364 0.026997245179063357
7 0.2771464646464647 0.5118457300275482 0.03156565656565657 0.023140495867768594
1 0.8197601010101011 0.23719008264462807 0.02335858585858586 0.020385674931129475
14 0.8469065656565657 0.6702479338842975 0.017045454545454548 0.02148760330578512
5 0.3832070707070707 0.468595041322314 0.020202020202020204 0.01818181818181818
12 0.4835858585858586 0.8115702479338842 0.01388888888888889 0.01983471074380165
1 0.3816287878787879 0.4143250688705234 0.018308080808080808 0.023140495867768594
21 0.5975378787878788 0.23002754820936638 0.015782828282828284 0.013774104683195591
0 0.2960858585858586 0.8545454545454545 0.020202020202020204 0.02424242424242424
3 0.31818181818181823 0.34793388429752065 0.026515151515151516 0.024793388429752063
21 0.3885732323232324 0.27575757575757576 0.013257575757575758 0.011570247933884297
13 0.7967171717171718 0.6115702479338843 0.026515151515151516 0.023140495867768594
21 0.39993686868686873 0.4961432506887052 0.014520202020202022 0.015977961432506887
21 0.5287247474747475 0.6209366391184572 0.013257575757575758 0.015426997245179062
1 0.6878156565656566 0.46198347107438015 0.019570707070707072 0.025895316804407712
23 0.5915404040404041 0.17630853994490356 0.022727272727272728 0.015426997245179062
7 0.8914141414141414 0.8322314049586776 0.029040404040404044 0.02148760330578512
3 0.6950757575757577 0.924793388429752 0.01893939393939394 0.02148760330578512
11 0.593118686868687 0.8418732782369145 0.025883838383838387 0.01983471074380165
16 0.4526515151515152 0.527823691460055 0.021464646464646468 0.017630853994490357
8 0.7989267676767677 0.7206611570247933 0.03345959595959596 0.0209366391184573
8 0.5088383838383839 0.6214876033057851 0.022727272727272728 0.018732782369146005
14 0.9195075757575758 0.8837465564738292 0.013257575757575758 0.018732782369146005
20 0.4810606060606061 0.9159779614325068 0.030303030303030304 0.020385674931129475
1 0.6047979797979799 0.10523415977961431 0.02777777777777778 0.02424242424242424
11 0.29229797979797983 0.5699724517906336 0.02398989898989899 0.019283746556473826
22 0.4330808080808081 0.47410468319559224 0.00883838383838384 0.02148760330578512
23 0.2998737373737374 0.7206611570247933 0.01893939393939394 0.0209366391184573
5 0.6376262626262627 0.5426997245179063 0.021464646464646468 0.018732782369146005
23 0.9043560606060607 0.21322314049586774 0.019570707070707072 0.015426997245179062
22 0.8083964646464648 0.5531680440771349 0.010732323232323234 0.026446280991735537
13 0.9169823232323233 0.8330578512396694 0.020833333333333336 0.018732782369146005
19 0.5981691919191919 0.26143250688705233 0.020833333333333336 0.02148760330578512
20 0.37121212121212127 0.6688705234159779 0.036616161616161616 0.033057851239669415
1 0.31660353535353536 0.8548209366391184 0.0220959595959596 0.023691460055096418
0 0.8885732323232324 0.1815426997245179 0.019570707070707072 0.02148760330578512
10 0.42550505050505055 0.3349862258953168 0.02398989898989899 0.023140495867768594
1 0.9343434343434345 0.5900826446280991 0.016414141414141416 0.02424242424242424
21 0.37689393939393945 0.8589531680440771 0.015151515151515152 0.015426997245179062
5 0.24715909090909094 0.4052341597796143 0.027146464646464648 0.02258953168044077
21 0.3207070707070707 0.46363636363636357 0.01767676767676768 0.01818181818181818
5 0.8686868686868687 0.20826446280991734 0.01893939393939394 0.017630853994490357
1 0.7500000000000001 0.659228650137741 0.015151515151515152 0.02258953168044077
1 0.8693181818181819 0.9305785123966941 0.021464646464646468 0.022038567493112945
23 0.579229797979798 0.2845730027548209 0.020833333333333336 0.015977961432506887
13 0.7525252525252526 0.5212121212121211 0.022727272727272728 0.017630853994490357
6 0.5590277777777778 0.621763085399449 0.024621212121212124 0.023691460055096418
23 0.40309343434343436 0.5818181818181818 0.018308080808080808 0.015426997245179062
1 0.2831439393939394 0.8267217630853994 0.017045454545454548 0.02148760330578512
11 0.6818181818181819 0.1721763085399449 0.022727272727272728 0.020385674931129475
3 0.8184974747474748 0.29531680440771346 0.020833333333333336 0.0209366391184573
21 0.7746212121212122 0.5793388429752065 0.020202020202020204 0.023691460055096418
17 0.720959595959596 0.9022038567493113 0.02398989898989899 0.028099173553719006
1 0.2758838383838384 0.09972451790633607 0.02777777777777778 0.026446280991735537
5 0.7279040404040404 0.10633608815426997 0.02398989898989899 0.026446280991735537
0 0.9277146464646465 0.4482093663911845 0.017045454545454548 0.024793388429752063
21 0.7474747474747475 0.8771349862258953 0.016414141414141416 0.022038567493112945
22 0.7844065656565657 0.23388429752066114 0.013257575757575758 0.02148760330578512
5 0.968118686868687 0.42561983471074377 0.02335858585858586 0.02258953168044077
16 0.8746843434343435 0.8584022038567493 0.0220959595959596 0.02424242424242424
14 0.8125000000000001 0.6661157024793388 0.016414141414141416 0.0209366391184573
10 0.44286616161616166 0.5581267217630853 0.015782828282828284 0.01983471074380165
13 0.9122474747474748 0.6688705234159779 0.025252525252525256 0.01983471074380165
17 0.2743055555555556 0.32203856749311294 0.03345959595959596 0.02148760330578512
8 0.45012626262626265 0.7261707988980716 0.03282828282828283 0.023140495867768594
16 0.5246212121212122 0.7859504132231404 0.022727272727272728 0.019283746556473826
13 0.7146464646464648 0.7159779614325068 0.025252525252525256 0.024793388429752063
21 0.4820075757575758 0.33443526170798893 0.011994949494949496 0.017630853994490357
21 0.2417929292929293 0.8823691460055095 0.020202020202020204 0.013774104683195591
17 0.4627525252525253 0.5578512396694214 0.02398989898989899 0.02148760330578512
3 0.8923611111111112 0.8600550964187327 0.019570707070707072 0.01983471074380165
21 0.6155303030303031 0.2584022038567493 0.01388888888888889 0.014325068870523415
21 0.7935606060606061 0.4611570247933884 0.022727272727272728 0.02424242424242424
21 0.369949494949495 0.6964187327823691 0.016414141414141416 0.015426997245179062
5 0.5 0.8887052341597795 0.01893939393939394 0.01983471074380165
10 0.5056818181818182 0.6771349862258953 0.01388888888888889 0.0209366391184573
3 0.6047979797979799 0.1465564738292011 0.015151515151515152 0.02424242424242424
11 0.835858585858586 0.36005509641873273 0.029040404040404044 0.023691460055096418
11 0.4438131313131313 0.8630853994490357 0.02398989898989899 0.020385674931129475
15 0.7105429292929294 0.7462809917355371 0.029671717171717175 0.0303030303030303
23 0.3068181818181818 0.18760330578512396 0.025252525252525256 0.015977961432506887
10 0.5375631313131314 0.3972451790633608 0.015782828282828284 0.018732782369146005
5 0.9832702020202021 0.7545454545454545 0.017045454545454548 0.020385674931129475
23 0.5659722222222223 0.31349862258953165 0.018308080808080808 0.016528925619834708
8 0.77114898989899 0.4611570247933884 0.027146464646464648 0.022038567493112945
1 0.881628787878788 0.47190082644628095 0.0220959595959596 0.01818181818181818
1 0.561868686868687 0.5388429752066115 0.01893939393939394 0.018732782369146005
1 0.7143308080808082 0.6570247933884297 0.020833333333333336 0.02258953168044077
23 0.8869949494949496 0.6705234159779614 0.012626262626262628 0.0209366391184573
3 0.8560606060606062 0.88099173553719 0.016414141414141416 0.017630853994490357
8 0.492739898989899 0.36721763085399445 0.029671717171717175 0.019283746556473826
2 0.6998106060606061 0.37603305785123964 0.020833333333333336 0.028099173553719006
10 0.5492424242424243 0.5137741046831955 0.016414141414141416 0.02148760330578512
13 0.36553030303030304 0.7515151515151515 0.020202020202020204 0.018732782369146005
21 0.7146464646464648 0.3449035812672176 0.016414141414141416 0.017630853994490357
21 0.7146464646464648 0.7707988980716253 0.01388888888888889 0.011019283746556472
12 0.658459595959596 0.8754820936639117 0.016414141414141416 0.018732782369146005
19 0.5568181818181819 0.7606060606060605 0.026515151515151516 0.01818181818181818
23 0.7654671717171718 0.26225895316804404 0.020833333333333336 0.018732782369146005
7 0.836489898989899 0.8292011019283746 0.02777777777777778 0.01983471074380165
11 0.9277146464646465 0.3972451790633608 0.020833333333333336 0.0209366391184573
17 0.4191919191919192 0.1396694214876033 0.022727272727272728 0.017079889807162532
0 0.6303661616161617 0.6264462809917355 0.013257575757575758 0.02424242424242424
13 0.9747474747474748 0.3432506887052341 0.022727272727272728 0.018732782369146005
5 0.5773358585858587 0.25922865013774105 0.017045454545454548 0.019283746556473826
3 0.8140782828282829 0.8283746556473829 0.018308080808080808 0.02258953168044077
13 0.42171717171717177 0.8867768595041321 0.02398989898989899 0.020385674931129475
23 0.5751262626262627 0.2024793388429752 0.01767676767676768 0.02148760330578512
23 0.7339015151515152 0.6570247933884297 0.017045454545454548 0.02148760330578512
6 0.5309343434343434 0.6487603305785123 0.025252525252525256 0.024793388429752063
21 0.31660353535353536 0.3798898071625344 0.017045454545454548 0.015977961432506887
5 0.9463383838383839 0.3977961432506887 0.01767676767676768 0.0209366391184573
13 0.8289141414141414 0.5553719008264463 0.026515151515151516 0.023140495867768594
23 0.3273358585858586 0.7765840220385675 0.015782828282828284 0.017079889807162532
5 0.43655303030303033 0.9132231404958677 0.018308080808080808 0.02258953168044077
6 0.4103535353535354 0.552892561983471 0.02398989898989899 0.025895316804407712
3 0.33712121212121215 0.24407713498622588 0.02777777777777778 0.018732782369146005
5 0.7945075757575758 0.5512396694214875 0.015782828282828284 0.019283746556473826
22 0.2964015151515152 0.8269972451790633 0.013257575757575758 0.02424242424242424
7 0.7569444444444445 0.7710743801652892 0.025252525252525256 0.014876033057851238
5 0.36300505050505055 0.49283746556473823 0.020202020202020204 0.020385674931129475
22 0.9191919191919192 0.21542699724517905 0.011363636363636364 0.022038567493112945
13 0.8642676767676768 0.8314049586776858 0.02398989898989899 0.0209366391184573
13 0.6111111111111112 0.28512396694214875 0.022727272727272728 0.01818181818181818
3 0.912878787878788 0.7005509641873278 0.020202020202020204 0.02148760330578512
3 0.7525252525252526 0.20495867768595039 0.015151515151515152 0.01983471074380165
5 0.5530303030303031 0.8674931129476583 0.02398989898989899 0.019283746556473826
22 0.5861742424242424 0.78732782369146 0.017045454545454548 0.023140495867768594
16 0.5183080808080809 0.3101928374655647 0.025252525252525256 0.018732782369146005
23 0.27493686868686873 0.4859504132231405 0.0220959595959596 0.01983471074380165
12 0.7329545454545455 0.7961432506887052 0.016414141414141416 0.0209366391184573
11 0.8096590909090909 0.9052341597796142 0.020833333333333336 0.018732782369146005
10 0.9914772727272728 0.29008264462809913 0.013257575757575758 0.02258953168044077
7 0.3595328282828283 0.4421487603305785 0.029671717171717175 0.020385674931129475
9 0.6268939393939394 0.6548209366391184 0.02398989898989899 0.026997245179063357
23 0.8065025252525253 0.4950413223140495 0.018308080808080808 0.017079889807162532
19 0.8806818181818182 0.7283746556473829 0.030303030303030304 0.029752066115702476
22 0.8102904040404041 0.6349862258953167 0.011994949494949496 0.023691460055096418
8 0.7657828282828284 0.14517906336088152 0.02777777777777778 0.023691460055096418
7 0.24873737373737376 0.4355371900826446 0.036616161616161616 0.01818181818181818
10 0.6158459595959597 0.6016528925619834 0.015782828282828284 0.022038567493112945
21 0.6786616161616162 0.8473829201101928 0.016414141414141416 0.017630853994490357
1 0.28535353535353536 0.21349862258953167 0.020202020202020204 0.015977961432506887
23 0.53125 0.562258953168044 0.017045454545454548 0.015977961432506887
22 0.4384469696969697 0.5831955922865013 0.008207070707070708 0.01818181818181818
10 0.2651515151515152 0.7212121212121212 0.01893939393939394 0.02424242424242424
22 0.3503787878787879 0.40853994490358125 0.010101010101010102 0.024793388429752063
13 0.2547348484848485 0.26831955922865014 0.02335858585858586 0.01983471074380165
6 0.45517676767676774 0.7002754820936639 0.02398989898989899 0.031955922865013774
1 0.5072601010101011 0.14269972451790633 0.017045454545454548 0.0209366391184573
20 0.24810606060606064 0.5179063360881542 0.02777777777777778 0.027548209366391182
23 0.3254419191919192 0.5735537190082645 0.019570707070707072 0.015426997245179062
5 0.8607954545454546 0.7280991735537189 0.020833333333333336 0.0303030303030303
18 0.24589646464646467 0.602754820936639 0.03724747474747475 0.04077134986225895
23 0.32986111111111116 0.3256198347107438 0.019570707070707072 0.017630853994490357
20 0.4580176767676768 0.10633608815426997 0.025883838383838387 0.025344352617079888
8 0.2720959595959596 0.15922865013774104 0.03282828282828283 0.018732782369146005
16 0.4608585858585859 0.78099173553719 0.020202020202020204 0.020385674931129475
16 0.5400883838383839 0.17465564738292008 0.024621212121212124 0.017630853994490357
5 0.6521464646464648 0.6269972451790633 0.02398989898989899 0.02424242424242424
8 0.9624368686868687 0.36942148760330573 0.030934343434343436 0.02258953168044077
3 0.28914141414141414 0.1330578512396694 0.02777777777777778 0.02148760330578512
6 0.5943813131313131 0.5683195592286501 0.0220959595959596 0.025895316804407712
20 0.40246212121212127 0.8586776859504132 0.020833333333333336 0.023691460055096418
14 0.9195075757575758 0.15316804407713497 0.020833333333333336 0.02424242424242424
23 0.26736111111111116 0.13443526170798897 0.02335858585858586 0.017630853994490357
12 0.48074494949494956 0.39035812672176307 0.015782828282828284 0.020385674931129475
5 0.6202651515151516 0.31597796143250684 0.0220959595959596 0.02148760330578512
5 0.728219696969697 0.7429752066115701 0.019570707070707072 0.023691460055096418
1 0.6369949494949495 0.20165289256198346 0.025252525252525256 0.016528925619834708
3 0.9384469696969697 0.7311294765840219 0.020833333333333336 0.027548209366391182
1 0.5088383838383839 0.705785123966942 0.021464646464646468 0.022038567493112945
21 0.5751262626262627 0.6245179063360881 0.015151515151515152 0.013774104683195591
17 0.439709595959596 0.30633608815426994 0.0220959595959596 0.015426997245179062
22 0.4905303030303031 0.7019283746556473 0.01388888888888889 0.0418732782369146
6 0.7657828282828284 0.29366391184573 0.020202020202020204 0.018732782369146005
7 0.24715909090909094 0.5396694214876032 0.029671717171717175 0.023691460055096418
10 0.7073863636363636 0.6898071625344352 0.015782828282828284 0.0209366391184573
22 0.8873106060606062 0.5289256198347106 0.00946969696969697 0.023140495867768594
7 0.5454545454545455 0.734159779614325 0.030303030303030304 0.024793388429752063
10 0.43371212121212127 0.6743801652892562 0.016414141414141416 0.025344352617079888
21 0.485479797979798 0.5303030303030303 0.015151515151515152 0.012672176308539944
5 0.910669191919192 0.18457300275482091 0.018308080808080808 0.0209366391184573
22 0.9305555555555556 0.33911845730027546 0.01388888888888889 0.025895316804407712
10 0.773989898989899 0.8027548209366391 0.01388888888888889 0.022038567493112945
23 0.8405934343434344 0.23966942148760328 0.0220959595959596 0.015426997245179062
21 0.915719696969697 0.337465564738292 0.013257575757575758 0.014876033057851238
7 0.9551767676767677 0.4515151515151515 0.03787878787878788 0.01818181818181818
13 0.5220959595959597 0.7330578512396694 0.022727272727272728 0.024793388429752063
22 0.4113005050505051 0.4953168044077135 0.008207070707070708 0.01983471074380165
16 0.4046717171717172 0.8057851239669421 0.026515151515151516 0.020385674931129475
8 0.9138257575757577 0.27575757575757576 0.02840909090909091 0.02258953168044077
5 0.5707070707070707 0.8410468319559228 0.020202020202020204 0.01818181818181818
3 0.7720959595959597 0.23443526170798895 0.01767676767676768 0.015977961432506887
5 0.3200757575757576 0.8027548209366391 0.01893939393939394 0.01983471074380165
11 0.24494949494949497 0.6920110192837465 0.02398989898989899 0.026446280991735537
21 0.7913510101010102 0.4955922865013774 0.015782828282828284 0.014876033057851238
1 0.2635732323232323 0.7757575757575756 0.020833333333333336 0.027548209366391182
5 0.39867424242424243 0.13663911845730026 0.019570707070707072 0.0209366391184573
22 0.3137626262626263 0.4380165289256198 0.012626262626262628 0.025344352617079888
13 0.7992424242424243 0.412396694214876 0.026515151515151516 0.025895316804407712
22 0.8696338383838385 0.8815426997245178 0.013257575757575758 0.022038567493112945
5 0.5726010101010102 0.5661157024793388 0.022727272727272728 0.020385674931129475
22 0.3055555555555556 0.7479338842975206 0.015151515151515152 0.02148760330578512
16 0.6562500000000001 0.3983471074380165 0.02335858585858586 0.0209366391184573
5 0.7815656565656567 0.353168044077135 0.016414141414141416 0.018732782369146005
1 0.34090909090909094 0.3548209366391184 0.01893939393939394 0.0209366391184573
21 0.6152146464646465 0.7636363636363636 0.020833333333333336 0.0209366391184573
19 0.2831439393939394 0.24380165289256195 0.03598484848484849 0.020385674931129475
8 0.7531565656565657 0.10771349862258953 0.02777777777777778 0.02148760330578512
10 0.7989267676767677 0.6942148760330578 0.015782828282828284 0.027548209366391182
13 0.5344065656565657 0.36776859504132225 0.019570707070707072 0.019283746556473826
13 0.7660984848484849 0.8501377410468319 0.0220959595959596 0.01983471074380165
17 0.5445075757575758 0.2537190082644628 0.02335858585858586 0.020385674931129475
22 0.8727904040404041 0.6699724517906336 0.011994949494949496 0.027548209366391182
22 0.5476641414141414 0.5369146005509642 0.017045454545454548 0.028099173553719006
16 0.2809343434343435 0.26831955922865014 0.022727272727272728 0.017630853994490357
0 0.5978535353535354 0.7856749311294765 0.021464646464646468 0.023140495867768594
14 0.9375000000000001 0.15564738292011018 0.02398989898989899 0.025895316804407712
23 0.7095959595959597 0.28650137741046827 0.016414141414141416 0.017630853994490357
8 0.3071338383838384 0.5159779614325068 0.030934343434343436 0.015977961432506887
7 0.5148358585858587 0.3358126721763085 0.025883838383838387 0.017079889807162532
1 0.34627525252525254 0.5754820936639118 0.02335858585858586 0.019283746556473826
7 0.3585858585858586 0.8297520661157024 0.030303030303030304 0.017630853994490357
22 0.5416666666666667 0.6214876033057851 0.011363636363636364 0.025344352617079888
22 0.6903409090909092 0.7418732782369145 0.011994949494949496 0.023691460055096418
11 0.415719696969697 0.9140495867768594 0.02335858585858586 0.023140495867768594
3 0.32133838383838387 0.9118457300275481 0.02398989898989899 0.018732782369146005
16 0.4753787878787879 0.22424242424242422 0.020202020202020204 0.017630853994490357
16 0.4996843434343435 0.7584022038567493 0.019570707070707072 0.015977961432506887
3 0.9772727272727274 0.25730027548209367 0.00883838383838384 0.017630853994490357
5 0.6322601010101011 0.28595041322314046 0.019570707070707072 0.018732782369146005
21 0.600378787878788 0.5942148760330578 0.016414141414141416 0.02148760330578512
10 0.42203282828282834 0.7812672176308539 0.015782828282828284 0.02424242424242424
5 0.7244318181818182 0.19999999999999998 0.019570707070707072 0.018732782369146005
13 0.9191919191919192 0.7300275482093663 0.02777777777777778 0.026446280991735537
8 0.24621212121212124 0.4614325068870523 0.026515151515151516 0.02258953168044077
1 0.4908459595959596 0.6793388429752065 0.0220959595959596 0.03526170798898071
19 0.8724747474747475 0.4482093663911845 0.025252525252525256 0.019283746556473826
5 0.696969696969697 0.3173553719008264 0.01388888888888889 0.018732782369146005
3 0.7960858585858587 0.20688705234159777 0.026515151515151516 0.02258953168044077
12 0.3854166666666667 0.777961432506887 0.018308080808080808 0.018732782369146005
11 0.24400252525252528 0.07052341597796143 0.024621212121212124 0.029752066115702476
8 0.7080176767676768 0.2283746556473829 0.0321969696969697 0.020385674931129475
0 0.9169823232323233 0.3688705234159779 0.015782828282828284 0.02258953168044077
1 0.8731060606060607 0.7542699724517906 0.021464646464646468 0.0209366391184573
1 0.9188762626262627 0.5038567493112948 0.0220959595959596 0.02258953168044077
10 0.36458333333333337 0.7804407713498622 0.015782828282828284 0.023691460055096418
13 0.8759469696969697 0.9052341597796142 0.025883838383838387 0.01983471074380165
10 0.7077020202020202 0.4327823691460055 0.021464646464646468 0.020385674931129475
5 0.8172348484848485 0.10578512396694215 0.024621212121212124 0.025344352617079888
22 0.8582702020202021 0.9035812672176308 0.013257575757575758 0.027548209366391182
6 0.5514520202020202 0.1399449035812672 0.027146464646464648 0.033057851239669415
3 0.6976010101010102 0.6581267217630853 0.021464646464646468 0.02258953168044077
14 0.8547979797979799 0.584022038567493 0.01893939393939394 0.0209366391184573
13 0.9043560606060607 0.5559228650137741 0.06123737373737374 0.02424242424242424
10 0.5921717171717172 0.6264462809917355 0.01893939393939394 0.0209366391184573
3 0.4368686868686869 0.4512396694214876 0.020202020202020204 0.0209366391184573
16 0.43623737373737376 0.25179063360881543 0.020202020202020204 0.023140495867768594
22 0.4738005050505051 0.1396694214876033 0.014520202020202022 0.025895316804407712
8 0.7948232323232324 0.5798898071625344 0.029040404040404044 0.024793388429752063
23 0.268939393939394 0.5680440771349862 0.01767676767676768 0.015426997245179062
5 0.5653409090909092 0.33939393939393936 0.027146464646464648 0.0209366391184573
13 0.6581439393939394 0.9206611570247933 0.02335858585858586 0.01983471074380165
3 0.2809343434343435 0.9085399449035811 0.01893939393939394 0.0209366391184573
7 0.4138257575757576 0.4449035812672176 0.030934343434343436 0.020385674931129475
10 0.7266414141414143 0.26033057851239666 0.01388888888888889 0.02258953168044077
23 0.3955176767676768 0.912121212121212 0.018308080808080808 0.01818181818181818
14 0.30397727272727276 0.26969696969696966 0.025883838383838387 0.019283746556473826
22 0.4703282828282829 0.730853994490358 0.012626262626262628 0.028099173553719006
3 0.8374368686868687 0.32727272727272727 0.018308080808080808 0.0209366391184573
1 0.33238636363636365 0.5184573002754821 0.025883838383838387 0.018732782369146005
0 0.557449494949495 0.681267217630854 0.021464646464646468 0.0303030303030303
5 0.893939393939394 0.4473829201101928 0.01893939393939394 0.0209366391184573
21 0.655618686868687 0.343526170798898 0.02335858585858586 0.02148760330578512
21 0.5684974747474748 0.42121212121212115 0.014520202020202022 0.015977961432506887
1 0.8469065656565657 0.6132231404958677 0.013257575757575758 0.018732782369146005
1 0.2787247474747475 0.6002754820936639 0.02840909090909091 0.02148760330578512
22 0.8595328282828284 0.11267217630853993 0.018308080808080808 0.028099173553719006
7 0.3188131313131313 0.6628099173553719 0.029040404040404044 0.02424242424242424
10 0.5707070707070707 0.14738292011019283 0.012626262626262628 0.02148760330578512
20 0.8882575757575758 0.39256198347107435 0.022727272727272728 0.023691460055096418
5 0.8434343434343435 0.2674931129476584 0.020202020202020204 0.019283746556473826
22 0.36111111111111116 0.8038567493112947 0.012626262626262628 0.0209366391184573
1 0.7291666666666667 0.28760330578512394 0.020202020202020204 0.0209366391184573
1 0.3465909090909091 0.7741046831955922 0.021464646464646468 0.022038567493112945
19 0.699179292929293 0.346831955922865 0.02335858585858586 0.02920110192837465
10 0.835858585858586 0.6170798898071624 0.012626262626262628 0.022038567493112945
22 0.3888888888888889 0.8586776859504132 0.012626262626262628 0.020385674931129475
13 0.7916666666666667 0.1096418732782369 0.02398989898989899 0.01983471074380165
5 0.6022727272727273 0.6534435261707988 0.02398989898989899 0.025344352617079888
21 0.4280303030303031 0.5559228650137741 0.015151515151515152 0.013223140495867768
16 0.5325126262626263 0.5068870523415977 0.020833333333333336 0.025344352617079888
23 0.8352272727272728 0.6964187327823691 0.015151515151515152 0.0209366391184573
13 0.44949494949494956 0.8338842975206611 0.022727272727272728 0.01818181818181818
17 0.40309343434343436 0.5242424242424242 0.02840909090909091 0.023691460055096418
6 0.42361111111111116 0.7509641873278237 0.020202020202020204 0.022038567493112945
17 0.2989267676767677 0.10330578512396693 0.019570707070707072 0.02258953168044077
13 0.9068813131313133 0.6184573002754821 0.0220959595959596 0.020385674931129475
13 0.8686868686868687 0.3914600550964187 0.021464646464646468 0.01818181818181818
22 0.4422348484848485 0.10716253443526169 0.00946969696969697 0.031404958677685946
6 0.667929292929293 0.4589531680440771 0.022727272727272728 0.0209366391184573
21 0.860479797979798 0.6694214876033058 0.012626262626262628 0.014325068870523415
13 0.7152777777777778 0.5449035812672176 0.022727272727272728 0.017630853994490357
20 0.6259469696969697 0.7104683195592286 0.017045454545454548 0.026997245179063357
21 0.6401515151515152 0.1771349862258953 0.015151515151515152 0.013774104683195591
23 0.5205176767676768 0.25013774104683195 0.02335858585858586 0.022038567493112945
1 0.9823232323232324 0.40192837465564735 0.01893939393939394 0.01818181818181818
0 0.2402146464646465 0.8002754820936638 0.03724747474747475 0.025895316804407712
23 0.9283459595959597 0.6449035812672176 0.011994949494949496 0.013774104683195591
11 0.48800505050505055 0.6493112947658402 0.025252525252525256 0.025895316804407712
13 0.33428030303030304 0.8831955922865014 0.025883838383838387 0.025344352617079888
16 0.26452020202020204 0.7443526170798898 0.022727272727272728 0.016528925619834708
17 0.5577651515151516 0.2845730027548209 0.027146464646464648 0.01818181818181818
23 0.7260101010101011 0.49366391184573 0.015151515151515152 0.017630853994490357
21 0.8633207070707072 0.49834710743801647 0.014520202020202022 0.014876033057851238
3 0.537878787878788 0.7052341597796142 0.020202020202020204 0.02424242424242424
21 0.42613636363636365 0.22203856749311293 0.016414141414141416 0.01212121212121212
18 0.430239898989899 0.5292011019283747 0.025883838383838387 0.03691460055096418
5 0.6224747474747475 0.1465564738292011 0.020202020202020204 0.022038567493112945
10 0.49905303030303033 0.5881542699724517 0.015782828282828284 0.02258953168044077
13 0.6098484848484849 0.20385674931129474 0.02777777777777778 0.023140495867768594
10 0.7146464646464648 0.7969696969696969 0.016414141414141416 0.023691460055096418
14 0.45517676767676774 0.25234159779614324 0.020202020202020204 0.023140495867768594
22 0.59375 0.2834710743801653 0.011994949494949496 0.02148760330578512
7 0.8589015151515152 0.5542699724517905 0.03345959595959596 0.023140495867768594
5 0.6158459595959597 0.7851239669421487 0.018308080808080808 0.0209366391184573
14 0.701388888888889 0.2027548209366391 0.029040404040404044 0.018732782369146005
8 0.4510732323232324 0.22258953168044074 0.029671717171717175 0.018732782369146005
1 0.8996212121212122 0.11377410468319558 0.020202020202020204 0.024793388429752063
2 0.24400252525252528 0.7490358126721762 0.02840909090909091 0.025895316804407712
6 0.5397727272727273 0.8887052341597795 0.025252525252525256 0.025344352617079888
5 0.32702020202020204 0.26997245179063356 0.022727272727272728 0.01983471074380165
11 0.8712121212121213 0.33223140495867765 0.021464646464646468 0.022038567493112945
13 0.8405934343434344 0.7236914600550963 0.02335858585858586 0.028099173553719006
3 0.6180555555555556 0.871625344352617 0.021464646464646468 0.025344352617079888
17 0.276199494949495 0.37603305785123964 0.02840909090909091 0.02258953168044077
3 0.8068181818181819 0.2650137741046832 0.021464646464646468 0.022038567493112945
21 0.2828282828282829 0.718457300275482 0.015151515151515152 0.018732782369146005
13 0.526199494949495 0.759228650137741 0.027146464646464648 0.0209366391184573
1 0.569128787878788 0.512396694214876 0.02335858585858586 0.022038567493112945
13 0.5047348484848485 0.22699724517906333 0.02840909090909091 0.017630853994490357
6 0.8652146464646465 0.47190082644628095 0.02335858585858586 0.02148760330578512
17 0.9359217171717172 0.3710743801652892 0.0220959595959596 0.01818181818181818
3 0.7054924242424243 0.40247933884297515 0.024621212121212124 0.025895316804407712
1 0.7351641414141414 0.5460055096418732 0.020833333333333336 0.0209366391184573
17 0.6373106060606061 0.8738292011019283 0.02335858585858586 0.0209366391184573
5 0.34911616161616166 0.27162534435261704 0.01893939393939394 0.01983471074380165
6 0.4715909090909091 0.618732782369146 0.02777777777777778 0.023140495867768594
17 0.29766414141414144 0.602754820936639 0.030934343434343436 0.018732782369146005
0 0.588699494949495 0.9159779614325068 0.024621212121212124 0.02920110192837465
21 0.8440656565656567 0.9041322314049586 0.015151515151515152 0.015426997245179062
23 0.8525883838383839 0.6977961432506886 0.011994949494949496 0.02148760330578512
5 0.773989898989899 0.20578512396694212 0.022727272727272728 0.020385674931129475
10 0.9043560606060607 0.9333333333333332 0.017045454545454548 0.027548209366391182
8 0.5729166666666667 0.2286501377410468 0.034722222222222224 0.017630853994490357
5 0.953598484848485 0.7280991735537189 0.019570707070707072 0.023691460055096418
21 0.8222853535353536 0.14793388429752063 0.014520202020202022 0.015977961432506887
21 0.31470959595959597 0.6914600550964187 0.015782828282828284 0.017630853994490357
12 0.9005681818181819 0.7831955922865013 0.020833333333333336 0.023691460055096418
3 0.8203914141414143 0.855922865013774 0.017045454545454548 0.02148760330578512
13 0.6145833333333334 0.5432506887052341 0.02335858585858586 0.018732782369146005
5 0.3412247474747475 0.9104683195592286 0.020833333333333336 0.02258953168044077
10 0.9024621212121213 0.337465564738292 0.011994949494949496 0.02258953168044077
20 0.38604797979797983 0.16473829201101928 0.02335858585858586 0.023140495867768594
5 0.36300505050505055 0.8575757575757575 0.026515151515151516 0.02148760330578512
21 0.48074494949494956 0.41845730027548206 0.013257575757575758 0.014876033057851238
21 0.77114898989899 0.5231404958677686 0.014520202020202022 0.014876033057851238
5 0.5637626262626263 0.5933884297520661 0.01767676767676768 0.01983471074380165
21 0.9409722222222223 0.47272727272727266 0.015782828282828284 0.016528925619834708
8 0.3465909090909091 0.1630853994490358 0.030303030303030304 0.017630853994490357
14 0.7155934343434344 0.8484848484848484 0.025883838383838387 0.0209366391184573
8 0.324179292929293 0.7504132231404959 0.024621212121212124 0.016528925619834708
22 0.49715909090909094 0.3349862258953168 0.014520202020202022 0.02865013774104683
10 0.7632575757575758 0.40909090909090906 0.015151515151515152 0.024793388429752063
1 0.8702651515151516 0.6426997245179062 0.017045454545454548 0.019283746556473826
22 0.829229797979798 0.9297520661157024 0.00946969696969697 0.017079889807162532
5 0.7133838383838385 0.14573002754820935 0.020202020202020204 0.024793388429752063
14 0.9662247474747475 0.7573002754820936 0.020833333333333336 0.024793388429752063
6 0.6742424242424243 0.2305785123966942 0.01767676767676768 0.015977961432506887
19 0.45202020202020204 0.4798898071625344 0.029040404040404044 0.023140495867768594
3 0.4078282828282829 0.6983471074380164 0.02398989898989899 0.023691460055096418
21 0.4264520202020202 0.8071625344352616 0.015782828282828284 0.014325068870523415
13 0.3873106060606061 0.8311294765840219 0.02335858585858586 0.020385674931129475
3 0.5773358585858587 0.10468319559228649 0.027146464646464648 0.017630853994490357
3 0.5009469696969697 0.7853994490358126 0.019570707070707072 0.02148760330578512
23 0.4715909090909091 0.1724517906336088 0.025252525252525256 0.017630853994490357
21 0.7032828282828283 0.8977961432506886 0.020202020202020204 0.024793388429752063
23 0.33333333333333337 0.13415977961432507 0.01893939393939394 0.019283746556473826
11 0.5965909090909092 0.7360881542699724 0.020202020202020204 0.023140495867768594
13 0.6720328282828283 0.7143250688705234 0.02335858585858586 0.02148760330578512
5 0.8551136363636365 0.35977961432506883 0.019570707070707072 0.02424242424242424
21 0.5694444444444445 0.7887052341597796 0.01893939393939394 0.019283746556473826
14 0.797979797979798 0.6658402203856749 0.015151515151515152 0.020385674931129475
22 0.46054292929292934 0.8887052341597795 0.011994949494949496 0.022038567493112945
5 0.3898358585858586 0.24435261707988978 0.027146464646464648 0.024793388429752063
6 0.7184343434343435 0.5181818181818182 0.026515151515151516 0.024793388429752063
7 0.6347853535353536 0.8476584022038567 0.025883838383838387 0.02258953168044077
6 0.4434974747474748 0.1377410468319559 0.0220959595959596 0.026446280991735537
21 0.8904671717171718 0.33168044077134984 0.014520202020202022 0.013223140495867768
23 0.6808712121212122 0.39944903581267216 0.0220959595959596 0.023140495867768594
21 0.31849747474747475 0.6314049586776859 0.030934343434343436 0.0209366391184573
7 0.6887626262626263 0.543526170798898 0.02777777777777778 0.019283746556473826
9 0.8661616161616162 0.26914600550964185 0.02777777777777778 0.0303030303030303
1 0.8690025252525253 0.1815426997245179 0.019570707070707072 0.02148760330578512
13 0.5489267676767677 0.78732782369146 0.02335858585858586 0.022038567493112945
1 0.8851010101010102 0.4195592286501377 0.01893939393939394 0.019283746556473826
16 0.2705176767676768 0.8013774104683195 0.02335858585858586 0.019283746556473826
17 0.7465277777777778 0.46198347107438015 0.025883838383838387 0.02148760330578512
5 0.8882575757575758 0.5859504132231405 0.020202020202020204 0.02148760330578512
20 0.2951388888888889 0.4892561983471074 0.027146464646464648 0.025344352617079888
16 0.6843434343434344 0.818457300275482 0.025252525252525256 0.020385674931129475
10 0.31155303030303033 0.5468319559228649 0.015782828282828284 0.023691460055096418
12 0.5599747474747475 0.3964187327823691 0.02398989898989899 0.024793388429752063
17 0.29292929292929293 0.34903581267217626 0.01767676767676768 0.019283746556473826
14 0.951388888888889 0.12038567493112946 0.022727272727272728 0.025895316804407712
3 0.24873737373737376 0.34848484848484845 0.034090909090909095 0.01818181818181818
5 0.4611742424242425 0.39228650137741045 0.0220959595959596 0.018732782369146005
8 0.7803030303030304 0.7721763085399448 0.026515151515151516 0.02148760330578512
3 0.4214015151515152 0.4730027548209366 0.018308080808080808 0.020385674931129475
7 0.3863636363636364 0.6415977961432506 0.029040404040404044 0.02258953168044077
5 0.37941919191919193 0.10495867768595041 0.022727272727272728 0.026997245179063357
11 0.33743686868686873 0.38319559228650135 0.02335858585858586 0.025895316804407712
23 0.8825757575757577 0.8818181818181817 0.015151515151515152 0.02148760330578512
13 0.7970328282828284 0.7471074380165289 0.024621212121212124 0.01983471074380165
5 0.694128787878788 0.7137741046831956 0.019570707070707072 0.017079889807162532
1 0.6051136363636365 0.5159779614325068 0.015782828282828284 0.02258953168044077
21 0.6521464646464648 0.1415977961432507 0.026515151515151516 0.01983471074380165
8 0.7518939393939394 0.7451790633608815 0.02777777777777778 0.014876033057851238
23 0.901199494949495 0.474931129476584 0.018308080808080808 0.016528925619834708
0 0.5448232323232324 0.22424242424242422 0.02398989898989899 0.016528925619834708
1 0.46243686868686873 0.8630853994490357 0.019570707070707072 0.02148760330578512
5 0.4839015151515152 0.5862258953168044 0.017045454545454548 0.0209366391184573
5 0.5621843434343435 0.8922865013774104 0.018308080808080808 0.019283746556473826
13 0.8184974747474748 0.32534435261707983 0.018308080808080808 0.017079889807162532
5 0.3538510101010101 0.13663911845730026 0.0220959595959596 0.01983471074380165
11 0.7332702020202021 0.7713498622589531 0.024621212121212124 0.0209366391184573
20 0.36174242424242425 0.606060606060606 0.03156565656565657 0.02424242424242424
5 0.6581439393939394 0.6520661157024793 0.020833333333333336 0.02258953168044077
6 0.2916666666666667 0.8019283746556473 0.01893939393939394 0.02148760330578512
3 0.2840909090909091 0.8815426997245178 0.025252525252525256 0.02424242424242424
5 0.8907828282828284 0.2730027548209366 0.01893939393939394 0.01818181818181818
16 0.530618686868687 0.42121212121212115 0.029671717171717175 0.01818181818181818
16 0.7720959595959597 0.4947658402203856 0.02398989898989899 0.0209366391184573
17 0.47758838383838387 0.4509641873278237 0.025883838383838387 0.02148760330578512
23 0.7070707070707072 0.8201101928374654 0.01893939393939394 0.017079889807162532
5 0.5833333333333334 0.4523415977961432 0.02398989898989899 0.018732782369146005
22 0.49684343434343436 0.5325068870523415 0.012626262626262628 0.023691460055096418
13 0.7291666666666667 0.8782369146005509 0.02398989898989899 0.01983471074380165
8 0.8033459595959597 0.3542699724517906 0.029671717171717175 0.023140495867768594
17 0.2632575757575758 0.8815426997245178 0.03156565656565657 0.01983471074380165
1 0.27083333333333337 0.4611570247933884 0.025252525252525256 0.022038567493112945
13 0.7692550505050506 0.6611570247933883 0.020833333333333336 0.02424242424242424
22 0.7998737373737375 0.8264462809917354 0.010101010101010102 0.0209366391184573
1 0.7077020202020202 0.2556473829201102 0.02398989898989899 0.0209366391184573
13 0.8898358585858587 0.7 0.02335858585858586 0.025895316804407712
21 0.8993055555555556 0.7253443526170799 0.018308080808080808 0.020385674931129475
11 0.40498737373737376 0.2212121212121212 0.02335858585858586 0.01818181818181818
1 0.8178661616161617 0.7493112947658401 0.014520202020202022 0.0209366391184573
1 0.6429924242424243 0.5707988980716253 0.019570707070707072 0.02424242424242424
1 0.6455176767676768 0.68732782369146 0.020833333333333336 0.020385674931129475
1 0.6452020202020202 0.8991735537190082 0.02398989898989899 0.02424242424242424
1 0.6019570707070707 0.8950413223140495 0.017045454545454548 0.023691460055096418
13 0.4131944444444445 0.6426997245179062 0.0220959595959596 0.024793388429752063
1 0.46559343434343436 0.8071625344352616 0.02335858585858586 0.018732782369146005
13 0.38604797979797983 0.5509641873278236 0.02335858585858586 0.01983471074380165
13 0.27335858585858586 0.4063360881542699 0.026515151515151516 0.019283746556473826
8 0.6849747474747475 0.8771349862258953 0.034090909090909095 0.022038567493112945
14 0.7563131313131314 0.5490358126721763 0.02777777777777778 0.02258953168044077
5 0.4696969696969697 0.834159779614325 0.021464646464646468 0.0209366391184573
11 0.509469696969697 0.11074380165289255 0.022727272727272728 0.025344352617079888
19 0.9182449494949496 0.1143250688705234 0.024621212121212124 0.02148760330578512
22 0.6578282828282829 0.7920110192837465 0.01388888888888889 0.024793388429752063
3 0.8914141414141414 0.3027548209366391 0.012626262626262628 0.02258953168044077
1 0.2755681818181818 0.34931129476584016 0.017045454545454548 0.01983471074380165
11 0.40435606060606066 0.10633608815426997 0.025883838383838387 0.026446280991735537
14 0.7506313131313131 0.49366391184573 0.01893939393939394 0.025344352617079888
23 0.7771464646464648 0.43691460055096415 0.016414141414141416 0.016528925619834708
5 0.7569444444444445 0.43498622589531677 0.01893939393939394 0.020385674931129475
23 0.2575757575757576 0.2426997245179063 0.021464646464646468 0.01818181818181818
5 0.6057449494949495 0.42038567493112944 0.024621212121212124 0.0209366391184573
19 0.23768939393939395 0.8294765840220385 0.0422979797979798 0.02148760330578512
5 0.49873737373737376 0.8630853994490357 0.01893939393939394 0.017079889807162532
11 0.42739898989898994 0.6143250688705234 0.025252525252525256 0.0209366391184573
5 0.5782828282828283 0.4845730027548209 0.022727272727272728 0.026997245179063357
13 0.31502525252525254 0.8269972451790633 0.025252525252525256 0.0209366391184573
19 0.7796717171717172 0.8267217630853994 0.036616161616161616 0.02148760330578512
5 0.7572601010101011 0.3785123966942148 0.020833333333333336 0.016528925619834708
22 0.704229797979798 0.4617079889807162 0.011994949494949496 0.026446280991735537
16 0.9381313131313133 0.27658402203856747 0.021464646464646468 0.023140495867768594
5 0.5126262626262627 0.5606060606060606 0.022727272727272728 0.019283746556473826
17 0.5078914141414141 0.6517906336088154 0.020833333333333336 0.022038567493112945
17 0.8806818181818182 0.49999999999999994 0.022727272727272728 0.023691460055096418
23 0.8860479797979799 0.2121212121212121 0.017045454545454548 0.014325068870523415
16 0.4835858585858586 0.1096418732782369 0.021464646464646468 0.02424242424242424
11 0.33333333333333337 0.4410468319559228 0.02398989898989899 0.02148760330578512
17 0.8371212121212122 0.7515151515151515 0.025252525252525256 0.02424242424242424
16 0.41887626262626265 0.1958677685950413 0.0220959595959596 0.023691460055096418
1 0.835858585858586 0.29559228650137737 0.015151515151515152 0.019283746556473826
0 0.7544191919191919 0.7157024793388429 0.022727272727272728 0.029752066115702476
17 0.6625631313131314 0.9008264462809916 0.024621212121212124 0.0209366391184573
17 0.5217803030303031 0.7060606060606059 0.0220959595959596 0.02258953168044077
23 0.5782828282828283 0.5410468319559228 0.01893939393939394 0.015426997245179062
5 0.627209595959596 0.3939393939393939 0.027146464646464648 0.025344352617079888
5 0.5978535353535354 0.8694214876033057 0.02777777777777778 0.01983471074380165
1 0.4747474747474748 0.7016528925619834 0.021464646464646468 0.02258953168044077
17 0.6950757575757577 0.8501377410468319 0.025252525252525256 0.018732782369146005
22 0.9387626262626263 0.6454545454545454 0.01388888888888889 0.020385674931129475
0 0.4867424242424243 0.5586776859504132 0.03156565656565657 0.01983471074380165
20 0.36174242424242425 0.46501377410468314 0.025252525252525256 0.022038567493112945
13 0.9349747474747475 0.8608815426997244 0.022727272727272728 0.019283746556473826
14 0.30271464646464646 0.46391184573002753 0.017045454545454548 0.018732782369146005
7 0.6496212121212122 0.42754820936639115 0.025252525252525256 0.01983471074380165
8 0.46022727272727276 0.41928374655647377 0.034090909090909095 0.017630853994490357
11 0.4141414141414142 0.668595041322314 0.026515151515151516 0.023691460055096418
22 0.831439393939394 0.6382920110192837 0.007575757575757576 0.019283746556473826
14 0.6906565656565657 0.6289256198347107 0.025252525252525256 0.020385674931129475
17 0.7534722222222223 0.7986225895316804 0.02335858585858586 0.023691460055096418
5 0.5012626262626263 0.8104683195592286 0.01893939393939394 0.01983471074380165
13 0.6044823232323233 0.4517906336088154 0.019570707070707072 0.01983471074380165
21 0.2383207070707071 0.908815426997245 0.019570707070707072 0.020385674931129475
13 0.9352904040404041 0.5325068870523415 0.0220959595959596 0.01818181818181818
5 0.8639520202020202 0.1493112947658402 0.020833333333333336 0.023140495867768594
20 0.545138888888889 0.5920110192837466 0.024621212121212124 0.02258953168044077
5 0.42613636363636365 0.10606060606060605 0.020202020202020204 0.024793388429752063
10 0.5833333333333334 0.4245179063360881 0.01767676767676768 0.024793388429752063
1 0.49715909090909094 0.39256198347107435 0.02335858585858586 0.023691460055096418
17 0.4090909090909091 0.7253443526170799 0.025252525252525256 0.023691460055096418
11 0.8090277777777779 0.8035812672176308 0.02335858585858586 0.01818181818181818
5 0.9018308080808082 0.1537190082644628 0.018308080808080808 0.026446280991735537
10 0.7099116161616162 0.606060606060606 0.014520202020202022 0.025344352617079888
22 0.5874368686868687 0.6493112947658402 0.014520202020202022 0.023691460055096418
21 0.7736742424242425 0.10826446280991735 0.013257575757575758 0.01818181818181818
14 0.5991161616161617 0.7644628099173553 0.01893939393939394 0.01818181818181818
10 0.5877525252525253 0.5162534435261708 0.01767676767676768 0.02424242424242424
20 0.6038510101010102 0.6807162534435262 0.025883838383838387 0.028099173553719006
1 0.8077651515151516 0.7754820936639117 0.018308080808080808 0.015977961432506887
5 0.3885732323232324 0.7498622589531679 0.018308080808080808 0.016528925619834708
17 0.29577020202020204 0.16143250688705232 0.02840909090909091 0.0209366391184573
7 0.6332070707070707 0.9203856749311294 0.026515151515151516 0.015977961432506887
14 0.28125 0.7768595041322314 0.02335858585858586 0.02865013774104683
16 0.5457702020202021 0.20330578512396694 0.02335858585858586 0.01983471074380165
11 0.415719696969697 0.25234159779614324 0.0220959595959596 0.02424242424242424
23 0.27809343434343436 0.4380165289256198 0.019570707070707072 0.015426997245179062
11 0.6982323232323233 0.7702479338842975 0.021464646464646468 0.01983471074380165
15 0.8484848484848485 0.8055096418732781 0.020202020202020204 0.0209366391184573
1 0.7256944444444445 0.8203856749311293 0.017045454545454548 0.016528925619834708
3 0.3421717171717172 0.4917355371900826 0.022727272727272728 0.020385674931129475
5 0.9071969696969697 0.39283746556473825 0.020202020202020204 0.017630853994490357
22 0.9144570707070708 0.6426997245179062 0.014520202020202022 0.023691460055096418
13 0.4570707070707071 0.918457300275482 0.02398989898989899 0.022038567493112945
23 0.4681186868686869 0.755922865013774 0.017045454545454548 0.022038567493112945
22 0.3778409090909091 0.1939393939393939 0.013257575757575758 0.01983471074380165
13 0.5823863636363636 0.8931129476584021 0.019570707070707072 0.0209366391184573
1 0.9053030303030304 0.3024793388429752 0.015151515151515152 0.017630853994490357
15 0.7361111111111112 0.37658402203856745 0.02398989898989899 0.025895316804407712
13 0.42897727272727276 0.16611570247933882 0.018308080808080808 0.02148760330578512
22 0.9226641414141415 0.2994490358126721 0.019570707070707072 0.017079889807162532
20 0.7190656565656566 0.5730027548209365 0.02398989898989899 0.030853994490358125
13 0.5956439393939394 0.3942148760330578 0.034722222222222224 0.024793388429752063
0 0.8529040404040404 0.5253443526170798 0.01767676767676768 0.019283746556473826
23 0.8753156565656567 0.362258953168044 0.017045454545454548 0.019283746556473826
5 0.9071969696969697 0.24187327823691457 0.02398989898989899 0.027548209366391182
1 0.7168560606060607 0.37493112947658397 0.025883838383838387 0.024793388429752063
1 0.26799242424242425 0.6887052341597796 0.02335858585858586 0.018732782369146005
16 0.53125 0.28099173553719003 0.02840909090909091 0.01983471074380165
23 0.7922979797979799 0.5225895316804408 0.016414141414141416 0.02148760330578512
23 0.367739898989899 0.2721763085399449 0.020833333333333336 0.018732782369146005
2 0.5268308080808082 0.5358126721763085 0.020833333333333336 0.023691460055096418
21 0.9356060606060607 0.7008264462809917 0.021464646464646468 0.022038567493112945
5 0.8197601010101011 0.6129476584022038 0.017045454545454548 0.020385674931129475
13 0.8276515151515152 0.7768595041322314 0.021464646464646468 0.017630853994490357
13 0.33743686868686873 0.6041322314049586 0.02335858585858586 0.01818181818181818
22 0.37184343434343436 0.24765840220385674 0.01388888888888889 0.023691460055096418
23 0.4090909090909091 0.38595041322314044 0.022727272727272728 0.026997245179063357
16 0.7380050505050506 0.23112947658402203 0.025252525252525256 0.019283746556473826
21 0.47316919191919193 0.36501377410468316 0.015782828282828284 0.01046831955922865
8 0.8267045454545455 0.4429752066115702 0.030934343434343436 0.022038567493112945
21 0.7228535353535355 0.40137741046831954 0.016414141414141416 0.017079889807162532
23 0.6619318181818182 0.5738292011019284 0.02335858585858586 0.025895316804407712
1 0.3311237373737374 0.5432506887052341 0.024621212121212124 0.026446280991735537
22 0.5890151515151516 0.2024793388429752 0.011363636363636364 0.020385674931129475
10 0.2828282828282829 0.7460055096418732 0.01388888888888889 0.0209366391184573
20 0.3570075757575758 0.8840220385674931 0.024621212121212124 0.026997245179063357
23 0.4056186868686869 0.7506887052341598 0.018308080808080808 0.014876033057851238
7 0.44286616161616166 0.6462809917355371 0.027146464646464648 0.022038567493112945
3 0.4037247474747475 0.8311294765840219 0.0220959595959596 0.01818181818181818
17 0.7844065656565657 0.14573002754820935 0.018308080808080808 0.020385674931129475
5 0.960858585858586 0.1584022038567493 0.025252525252525256 0.031404958677685946
16 0.8295454545454546 0.6669421487603305 0.021464646464646468 0.019283746556473826
5 0.4264520202020202 0.3617079889807162 0.02335858585858586 0.017079889807162532
0 0.773989898989899 0.9024793388429752 0.021464646464646468 0.026446280991735537
17 0.7288510101010102 0.6035812672176308 0.024621212121212124 0.02258953168044077
3 0.3368055555555556 0.40881542699724516 0.018308080808080808 0.0209366391184573
1 0.29387626262626265 0.5410468319559228 0.018308080808080808 0.023140495867768594
23 0.5325126262626263 0.8388429752066114 0.019570707070707072 0.017079889807162532
23 0.48074494949494956 0.8639118457300274 0.018308080808080808 0.017630853994490357
13 0.6777146464646465 0.42920110192837463 0.027146464646464648 0.01983471074380165
14 0.8213383838383839 0.5275482093663911 0.025252525252525256 0.020385674931129475
23 0.5214646464646465 0.9137741046831955 0.020202020202020204 0.023691460055096418
23 0.6240530303030304 0.10495867768595041 0.019570707070707072 0.028099173553719006
21 0.5233585858585859 0.6798898071625343 0.01388888888888889 0.017630853994490357
5 0.7765151515151516 0.5495867768595041 0.020202020202020204 0.020385674931129475
5 0.43087121212121215 0.7 0.0220959595959596 0.02258953168044077
17 0.26073232323232326 0.9077134986225894 0.02777777777777778 0.02148760330578512
23 0.9005681818181819 0.5322314049586776 0.014520202020202022 0.015426997245179062
1 0.6385732323232324 0.10495867768595041 0.020833333333333336 0.028099173553719006
23 0.5265151515151516 0.14297520661157023 0.020202020202020204 0.02148760330578512
9 0.9655934343434345 0.39972451790633606 0.020833333333333336 0.0303030303030303
16 0.7705176767676768 0.9256198347107437 0.027146464646464648 0.02424242424242424
22 0.780618686868687 0.48126721763085395 0.00946969696969697 0.01818181818181818
11 0.4040404040404041 0.6132231404958677 0.01893939393939394 0.017630853994490357
8 0.49337121212121215 0.8360881542699724 0.02335858585858586 0.020385674931129475
8 0.6606691919191919 0.5429752066115702 0.020833333333333336 0.014876033057851238
23 0.9450757575757577 0.33939393939393936 0.012626262626262628 0.013223140495867768
22 0.8068181818181819 0.4410468319559228 0.010101010101010102 0.024793388429752063
5 0.8317550505050506 0.8038567493112947 0.017045454545454548 0.017630853994490357
14 0.7386363636363636 0.17603305785123965 0.03282828282828283 0.024793388429752063
3 0.297979797979798 0.32506887052341593 0.020202020202020204 0.022038567493112945
21 0.8541666666666667 0.33278236914600545 0.015151515151515152 0.026446280991735537
13 0.8178661616161617 0.4663911845730027 0.024621212121212124 0.020385674931129475
10 0.3639520202020202 0.5801652892561983 0.011994949494949496 0.02424242424242424
13 0.3765782828282829 0.13553719008264462 0.024621212121212124 0.0209366391184573
22 0.561868686868687 0.2559228650137741 0.00883838383838384 0.019283746556473826
21 0.5101010101010102 0.5314049586776859 0.01388888888888889 0.013774104683195591
21 0.45517676767676774 0.6126721763085399 0.02777777777777778 0.0209366391184573
20 0.4867424242424243 0.7297520661157024 0.02398989898989899 0.024793388429752063
20 0.795138888888889 0.9278236914600551 0.019570707070707072 0.018732782369146005
14 0.9652777777777779 0.12451790633608814 0.026515151515151516 0.027548209366391182
8 0.509469696969697 0.17438016528925618 0.03787878787878788 0.020385674931129475
22 0.7591540404040404 0.2305785123966942 0.018308080808080808 0.01818181818181818
10 0.627209595959596 0.5170798898071625 0.017045454545454548 0.024793388429752063
22 0.6328914141414141 0.5696969696969696 0.015782828282828284 0.02865013774104683
23 0.6764520202020202 0.656198347107438 0.015782828282828284 0.016528925619834708
10 0.8636363636363638 0.41900826446280987 0.01893939393939394 0.020385674931129475
12 0.8197601010101011 0.4126721763085399 0.0220959595959596 0.030853994490358125
8 0.36142676767676774 0.35730027548209364 0.038510101010101015 0.015977961432506887
1 0.5186237373737375 0.48071625344352614 0.0220959595959596 0.024793388429752063
13 0.3873106060606061 0.44380165289256196 0.024621212121212124 0.01818181818181818
7 0.3974116161616162 0.8859504132231404 0.027146464646464648 0.015426997245179062
0 0.9412878787878789 0.4223140495867768 0.029040404040404044 0.024793388429752063
17 0.5413510101010102 0.31129476584022037 0.02840909090909091 0.0209366391184573
22 0.3125 0.3256198347107438 0.012626262626262628 0.02424242424242424
8 0.6685606060606061 0.7396694214876033 0.034090909090909095 0.019283746556473826
22 0.7007575757575758 0.5727272727272726 0.012626262626262628 0.024793388429752063
1 0.449179292929293 0.2771349862258953 0.020833333333333336 0.018732782369146005
14 0.949179292929293 0.755922865013774 0.017045454545454548 0.022038567493112945
13 0.5546085858585859 0.6512396694214876 0.02335858585858586 0.023140495867768594
20 0.651199494949495 0.7672176308539944 0.018308080808080808 0.019283746556473826
11 0.6811868686868687 0.5746556473829201 0.026515151515151516 0.0209366391184573
5 0.478219696969697 0.25041322314049586 0.025883838383838387 0.025895316804407712
6 0.581439393939394 0.5928374655647383 0.021464646464646468 0.02865013774104683
7 0.780618686868687 0.17438016528925618 0.03345959595959596 0.01818181818181818
21 0.45012626262626265 0.6724517906336087 0.016414141414141416 0.020385674931129475
13 0.6600378787878789 0.8501377410468319 0.02335858585858586 0.022038567493112945
3 0.29229797979797983 0.6617079889807161 0.025252525252525256 0.025344352617079888
1 0.6101641414141414 0.34077134986225893 0.02335858585858586 0.017079889807162532
21 0.7919823232323233 0.9038567493112947 0.015782828282828284 0.017079889807162532
14 0.6294191919191919 0.2578512396694215 0.012626262626262628 0.015426997245179062
0 0.7500000000000001 0.6914600550964187 0.029040404040404044 0.025344352617079888
5 0.3118686868686869 0.24187327823691457 0.021464646464646468 0.01983471074380165
1 0.773358585858586 0.6063360881542699 0.020202020202020204 0.023691460055096418
1 0.31470959595959597 0.8812672176308539 0.0220959595959596 0.01818181818181818
14 0.4434974747474748 0.755922865013774 0.0220959595959596 0.018732782369146005
21 0.2512626262626263 0.29421487603305785 0.015151515151515152 0.011019283746556472
17 0.6202651515151516 0.6834710743801652 0.024621212121212124 0.024793388429752063
5 0.24589646464646467 0.8537190082644628 0.024621212121212124 0.024793388429752063
5 0.42171717171717177 0.8597796143250688 0.025252525252525256 0.02148760330578512
10 0.6382575757575758 0.14876033057851237 0.010101010101010102 0.02865013774104683
22 0.9232954545454546 0.9325068870523415 0.020833333333333336 0.028099173553719006
22 0.5785984848484849 0.31349862258953165 0.010732323232323234 0.023140495867768594
10 0.3238636363636364 0.16363636363636364 0.025252525252525256 0.026446280991735537
5 0.8320707070707072 0.17906336088154268 0.021464646464646468 0.0209366391184573
23 0.40340909090909094 0.47217630853994486 0.020202020202020204 0.018732782369146005
19 0.4264520202020202 0.5022038567493112 0.029671717171717175 0.017079889807162532
11 0.42424242424242425 0.5831955922865013 0.022727272727272728 0.02148760330578512
17 0.40340909090909094 0.7804407713498622 0.01893939393939394 0.01818181818181818
1 0.3863636363636364 0.5820936639118457 0.01767676767676768 0.01818181818181818
22 0.571969696969697 0.17438016528925618 0.01388888888888889 0.023691460055096418
1 0.5946969696969697 0.5415977961432507 0.020202020202020204 0.01983471074380165
11 0.4696969696969697 0.6727272727272726 0.022727272727272728 0.026446280991735537
22 0.3109217171717172 0.5699724517906336 0.010732323232323234 0.020385674931129475
2 0.6704545454545455 0.4845730027548209 0.029040404040404044 0.031404958677685946
23 0.3633207070707071 0.41074380165289254 0.017045454545454548 0.019283746556473826
5 0.360479797979798 0.3283746556473829 0.022727272727272728 0.023140495867768594
14 0.2657828282828283 0.8292011019283746 0.025252525252525256 0.01983471074380165
7 0.24779040404040406 0.4851239669421487 0.0321969696969697 0.017079889807162532
21 0.39236111111111116 0.38732782369146 0.013257575757575758 0.014325068870523415
20 0.4570707070707071 0.5856749311294766 0.034090909090909095 0.023140495867768594
1 0.9450757575757577 0.25096418732782366 0.01388888888888889 0.02258953168044077
6 0.2863005050505051 0.29449035812672175 0.02335858585858586 0.025895316804407712
1 0.7850378787878789 0.6622589531680441 0.017045454545454548 0.023140495867768594
20 0.5394570707070707 0.33966942148760326 0.025883838383838387 0.024793388429752063
5 0.64614898989899 0.7388429752066115 0.018308080808080808 0.017630853994490357
13 0.7998737373737375 0.29449035812672175 0.01893939393939394 0.020385674931129475
5 0.7471590909090909 0.2892561983471074 0.018308080808080808 0.016528925619834708
0 0.8061868686868687 0.1418732782369146 0.01893939393939394 0.0303030303030303
3 0.36016414141414144 0.6396694214876032 0.02335858585858586 0.01983471074380165
3 0.46496212121212127 0.3363636363636363 0.0220959595959596 0.02148760330578512
5 0.34595959595959597 0.2983471074380165 0.01893939393939394 0.020385674931129475
20 0.8251262626262627 0.8801652892561983 0.01767676767676768 0.02258953168044077
16 0.6976010101010102 0.10743801652892561 0.022727272727272728 0.02865013774104683
1 0.7443181818181819 0.25950413223140495 0.020202020202020204 0.0209366391184573
7 0.9125631313131314 0.8606060606060605 0.027146464646464648 0.0209366391184573
16 0.6410984848484849 0.515702479338843 0.015782828282828284 0.027548209366391182
8 0.5833333333333334 0.7093663911845729 0.03282828282828283 0.02148760330578512
13 0.47758838383838387 0.8895316804407712 0.02335858585858586 0.023691460055096418
21 0.5025252525252526 0.7314049586776858 0.01767676767676768 0.01046831955922865
9 0.8194444444444445 0.5829201101928374 0.026515151515151516 0.034159779614325064
23 0.6761363636363636 0.793388429752066 0.020202020202020204 0.017630853994490357
9 0.24526515151515155 0.3724517906336088 0.0321969696969697 0.03746556473829201
11 0.8484848484848485 0.9269972451790632 0.022727272727272728 0.026997245179063357
6 0.9283459595959597 0.24600550964187326 0.018308080808080808 0.02920110192837465
1 0.24905303030303033 0.5672176308539945 0.02840909090909091 0.023691460055096418
22 0.5946969696969697 0.8140495867768595 0.02777777777777778 0.02148760330578512
6 0.5419823232323233 0.9140495867768594 0.0220959595959596 0.027548209366391182
14 0.8513257575757577 0.18264462809917353 0.02335858585858586 0.019283746556473826
13 0.5047348484848485 0.4520661157024793 0.025883838383838387 0.02148760330578512
13 0.7528409090909092 0.6063360881542699 0.020833333333333336 0.024793388429752063
3 0.7828282828282829 0.8523415977961432 0.020202020202020204 0.022038567493112945
1 0.2446338383838384 0.6586776859504132 0.024621212121212124 0.023691460055096418
3 0.9242424242424243 0.4768595041322314 0.034090909090909095 0.02148760330578512
3 0.3503787878787879 0.521487603305785 0.011363636363636364 0.015977961432506887
7 0.732638888888889 0.42837465564738286 0.029671717171717175 0.020385674931129475
6 0.33428030303030304 0.6947658402203856 0.020833333333333336 0.02865013774104683
21 0.3661616161616162 0.5479338842975207 0.01388888888888889 0.012672176308539944
21 0.5782828282828283 0.6534435261707988 0.021464646464646468 0.025344352617079888
13 0.9422348484848486 0.5055096418732782 0.025883838383838387 0.025895316804407712
10 0.35921717171717177 0.10523415977961431 0.015151515151515152 0.025344352617079888
7 0.8405934343434344 0.2074380165289256 0.034722222222222224 0.02258953168044077
1 0.3188131313131313 0.4057851239669421 0.025252525252525256 0.024793388429752063
23 0.518939393939394 0.8914600550964187 0.021464646464646468 0.017630853994490357
11 0.35827020202020204 0.19311294765840217 0.025883838383838387 0.01818181818181818
5 0.5003156565656566 0.915151515151515 0.020833333333333336 0.01983471074380165
3 0.31976010101010105 0.10358126721763085 0.024621212121212124 0.025344352617079888
14 0.8895202020202021 0.6435261707988981 0.01767676767676768 0.023140495867768594
23 0.922348484848485 0.5906336088154269 0.015151515151515152 0.022038567493112945
13 0.3623737373737374 0.7267217630853994 0.021464646464646468 0.023140495867768594
22 0.3851010101010101 0.6107438016528925 0.010101010101010102 0.017079889807162532
5 0.713699494949495 0.8749311294765839 0.029671717171717175 0.022038567493112945
6 0.5918560606060607 0.34049586776859503 0.0220959595959596 0.022038567493112945
23 0.9059343434343435 0.5892561983471074 0.016414141414141416 0.01818181818181818
13 0.5969065656565657 0.31432506887052336 0.024621212121212124 0.01818181818181818
5 0.7765151515151516 0.7457300275482093 0.01767676767676768 0.02148760330578512
5 0.34595959595959597 0.7509641873278237 0.01893939393939394 0.017630853994490357
13 0.3797348484848485 0.8063360881542699 0.0220959595959596 0.02148760330578512
10 0.2998737373737374 0.69366391184573 0.01388888888888889 0.02424242424242424
23 0.4993686868686869 0.4801652892561983 0.01893939393939394 0.020385674931129475
3 0.6376262626262627 0.7881542699724517 0.022727272727272728 0.015977961432506887
5 0.67739898989899 0.3713498622589531 0.02398989898989899 0.018732782369146005
13 0.879419191919192 0.1096418732782369 0.021464646464646468 0.02424242424242424
17 0.8058712121212122 0.8804407713498622 0.0220959595959596 0.022038567493112945
21 0.679608585858586 0.9223140495867768 0.015782828282828284 0.016528925619834708
23 0.9706439393939394 0.7314049586776858 0.015782828282828284 0.02148760330578512
17 0.44318181818181823 0.19752066115702477 0.022727272727272728 0.019283746556473826
23 0.910669191919192 0.4495867768595041 0.018308080808080808 0.017630853994490357
22 0.9144570707070708 0.5314049586776859 0.013257575757575758 0.024793388429752063
11 0.4441287878787879 0.8881542699724517 0.0220959595959596 0.02424242424242424
3 0.5748106060606061 0.8688705234159779 0.024621212121212124 0.022038567493112945
23 0.9498106060606062 0.8818181818181817 0.020833333333333336 0.023691460055096418
23 0.4633838383838384 0.2002754820936639 0.01388888888888889 0.014876033057851238
1 0.7582070707070707 0.32066115702479336 0.02398989898989899 0.025344352617079888
3 0.7780934343434344 0.3801652892561983 0.02335858585858586 0.018732782369146005
13 0.5088383838383839 0.5074380165289256 0.025252525252525256 0.017630853994490357
22 0.8153409090909092 0.9292011019283746 0.017045454545454548 0.028099173553719006
1 0.48327020202020204 0.27823691460055094 0.019570707070707072 0.018732782369146005
1 0.533459595959596 0.11101928374655647 0.025252525252525256 0.035812672176308534
13 0.9185606060606062 0.9057851239669421 0.029040404040404044 0.027548209366391182
1 0.24873737373737376 0.32011019283746556 0.025252525252525256 0.02424242424242424
13 0.3412247474747475 0.465564738292011 0.024621212121212124 0.018732782369146005
21 0.6950757575757577 0.6019283746556473 0.015151515151515152 0.015977961432506887
22 0.9558080808080809 0.34049586776859503 0.012626262626262628 0.02424242424242424
5 0.4488636363636364 0.17052341597796142 0.01893939393939394 0.01818181818181818
17 0.7755681818181819 0.7206611570247933 0.029671717171717175 0.02424242424242424
23 0.7629419191919192 0.3526170798898071 0.015782828282828284 0.014325068870523415
3 0.8828914141414143 0.1515151515151515 0.018308080808080808 0.02865013774104683
13 0.5028409090909092 0.42038567493112944 0.027146464646464648 0.018732782369146005
1 0.6739267676767677 0.7661157024793388 0.0220959595959596 0.02258953168044077
5 0.5808080808080809 0.6787878787878787 0.02398989898989899 0.031955922865013774
21 0.5123106060606061 0.837190082644628 0.017045454545454548 0.015977961432506887
5 0.8500631313131314 0.7793388429752065 0.024621212121212124 0.020385674931129475
22 0.4561237373737374 0.7545454545454545 0.00946969696969697 0.012672176308539944
22 0.4820075757575758 0.7556473829201101 0.013257575757575758 0.023691460055096418
23 0.6543560606060607 0.6013774104683195 0.015782828282828284 0.01818181818181818
13 0.5732323232323233 0.7377410468319558 0.026515151515151516 0.023140495867768594
5 0.8731060606060607 0.2997245179063361 0.021464646464646468 0.017630853994490357
0 0.29671717171717177 0.40468319559228644 0.020202020202020204 0.02148760330578512
8 0.667929292929293 0.1096418732782369 0.036616161616161616 0.0209366391184573
13 0.6685606060606061 0.6865013774104682 0.026515151515151516 0.0209366391184573
21 0.44760101010101017 0.5046831955922865 0.01893939393939394 0.018732782369146005
21 0.8702651515151516 0.5856749311294766 0.020833333333333336 0.02424242424242424
16 0.8172348484848485 0.6931129476584021 0.020833333333333336 0.022038567493112945
13 0.5530303030303031 0.10853994490358125 0.020202020202020204 0.02865013774104683
5 0.3412247474747475 0.724793388429752 0.02335858585858586 0.02258953168044077
11 0.3431186868686869 0.8044077134986225 0.024621212121212124 0.018732782369146005
6 0.42266414141414144 0.4162534435261708 0.027146464646464648 0.02148760330578512
3 0.550189393939394 0.5647382920110192 0.02335858585858586 0.0209366391184573
23 0.2724116161616162 0.5407713498622589 0.0220959595959596 0.019283746556473826
1 0.34090909090909094 0.10192837465564737 0.020202020202020204 0.025344352617079888
0 0.55239898989899 0.48154269972451785 0.02777777777777778 0.027548209366391182
10 0.9444444444444445 0.6231404958677685 0.012626262626262628 0.026446280991735537
1 0.7995580808080809 0.237465564738292 0.018308080808080808 0.015426997245179062
20 0.3734217171717172 0.38292011019283745 0.0220959595959596 0.027548209366391182
17 0.9602272727272728 0.31404958677685946 0.021464646464646468 0.017630853994490357
20 0.3257575757575758 0.29504132231404956 0.029040404040404044 0.023691460055096418
13 0.7660984848484849 0.8768595041322313 0.024621212121212124 0.025895316804407712
14 0.39867424242424243 0.415426997245179 0.015782828282828284 0.02424242424242424
10 0.3506944444444445 0.5493112947658402 0.017045454545454548 0.0209366391184573
11 0.8563762626262627 0.8600550964187327 0.019570707070707072 0.02424242424242424
11 0.7784090909090909 0.32286501377410465 0.022727272727272728 0.018732782369146005
10 0.7660984848484849 0.6336088154269972 0.024621212121212124 0.022038567493112945
11 0.732638888888889 0.14545454545454545 0.019570707070707072 0.0209366391184573
1 0.48516414141414144 0.5052341597796143 0.020833333333333336 0.017630853994490357
5 0.391729797979798 0.6663911845730027 0.018308080808080808 0.015977961432506887
5 0.6111111111111112 0.9179063360881542 0.016414141414141416 0.023140495867768594
21 0.5220959595959597 0.203030303030303 0.016414141414141416 0.012672176308539944
5 0.6139520202020202 0.8440771349862258 0.017045454545454548 0.018732782369146005
8 0.5558712121212122 0.45344352617079886 0.034722222222222224 0.01983471074380165
1 0.5684974747474748 0.8151515151515151 0.025883838383838387 0.023691460055096418
13 0.34627525252525254 0.6674931129476583 0.025883838383838387 0.0303030303030303
21 0.5580808080808082 0.7082644628099173 0.021464646464646468 0.020385674931129475
1 0.30397727272727276 0.29614325068870523 0.019570707070707072 0.017079889807162532
3 0.3835227272727273 0.4953168044077135 0.02335858585858586 0.018732782369146005
11 0.6234217171717172 0.8983471074380165 0.02335858585858586 0.023691460055096418
17 0.6123737373737375 0.6267217630853994 0.022727272727272728 0.020385674931129475
0 0.9507575757575758 0.18842975206611567 0.012626262626262628 0.01983471074380165
22 0.5255681818181819 0.22727272727272727 0.013257575757575758 0.02258953168044077
21 0.6139520202020202 0.737465564738292 0.015782828282828284 0.019283746556473826
13 0.31439393939393945 0.21597796143250686 0.026515151515151516 0.023140495867768594
21 0.9895833333333334 0.2556473829201102 0.015782828282828284 0.015426997245179062
23 0.44476010101010105 0.8074380165289256 0.018308080808080808 0.01818181818181818
13 0.8421717171717172 0.146831955922865 0.02398989898989899 0.024793388429752063
5 0.7998737373737375 0.38319559228650135 0.020202020202020204 0.023691460055096418
22 0.8042929292929294 0.5223140495867769 0.011363636363636364 0.018732782369146005
23 0.8522727272727273 0.29752066115702475 0.01767676767676768 0.015426997245179062
16 0.5827020202020202 0.7611570247933883 0.022727272727272728 0.01818181818181818
3 0.2828282828282829 0.6920110192837465 0.021464646464646468 0.0209366391184573
23 0.8409090909090909 0.10826446280991735 0.020202020202020204 0.024793388429752063
23 0.8194444444444445 0.6393939393939393 0.012626262626262628 0.014876033057851238
23 0.6714015151515152 0.6280991735537189 0.014520202020202022 0.018732782369146005
22 0.369949494949495 0.16501377410468318 0.012626262626262628 0.023691460055096418
23 0.5157828282828283 0.865564738292011 0.01767676767676768 0.015426997245179062
1 0.39046717171717177 0.3564738292011019 0.02840909090909091 0.022038567493112945
14 0.3535353535353536 0.6955922865013774 0.02398989898989899 0.02148760330578512
13 0.5047348484848485 0.2801652892561983 0.02335858585858586 0.01818181818181818
10 0.4277146464646465 0.7267217630853994 0.017045454545454548 0.02424242424242424
5 0.7452651515151516 0.5765840220385674 0.02335858585858586 0.02258953168044077
21 0.783459595959596 0.29476584022038566 0.01388888888888889 0.014325068870523415
14 0.3566919191919192 0.24545454545454543 0.021464646464646468 0.019283746556473826
23 0.792929292929293 0.4385674931129476 0.016414141414141416 0.01983471074380165
23 0.6452020202020202 0.45619834710743795 0.021464646464646468 0.01983471074380165
14 0.46906565656565663 0.5292011019283747 0.01767676767676768 0.015977961432506887
22 0.44128787878787884 0.4168044077134986 0.011363636363636364 0.020385674931129475
23 0.6780303030303031 0.3446280991735537 0.021464646464646468 0.02258953168044077
14 0.7307449494949495 0.3523415977961432 0.025883838383838387 0.02148760330578512
14 0.29545454545454547 0.3774104683195592 0.030303030303030304 0.02865013774104683
21 0.36363636363636365 0.5195592286501377 0.016414141414141416 0.015426997245179062
0 0.3191287878787879 0.7203856749311294 0.019570707070707072 0.028099173553719006
14 0.9071969696969697 0.8837465564738292 0.012626262626262628 0.017630853994490357
5 0.9261363636363638 0.7815426997245178 0.022727272727272728 0.02148760330578512
20 0.6963383838383839 0.1449035812672176 0.016414141414141416 0.025344352617079888
17 0.29040404040404044 0.6336088154269972 0.02777777777777778 0.017630853994490357
17 0.6351010101010102 0.5991735537190082 0.022727272727272728 0.020385674931129475
23 0.7433712121212122 0.8225895316804407 0.018308080808080808 0.018732782369146005
22 0.47979797979797983 0.20055096418732782 0.01893939393939394 0.0209366391184573
21 0.787878787878788 0.8790633608815426 0.01388888888888889 0.013774104683195591
22 0.8996212121212122 0.6688705234159779 0.012626262626262628 0.026446280991735537
1 0.5861742424242424 0.14545454545454545 0.0220959595959596 0.025344352617079888
21 0.8207070707070708 0.7195592286501377 0.01767676767676768 0.0209366391184573
22 0.7165404040404041 0.17300275482093663 0.010101010101010102 0.023140495867768594
5 0.7275883838383839 0.6906336088154269 0.0220959595959596 0.020385674931129475
20 0.8636363636363638 0.6137741046831955 0.01767676767676768 0.02424242424242424
22 0.7386363636363636 0.19972451790633608 0.012626262626262628 0.025895316804407712
21 0.7900883838383839 0.8013774104683195 0.013257575757575758 0.012672176308539944
22 0.5369318181818182 0.6787878787878787 0.014520202020202022 0.02424242424242424
5 0.30208333333333337 0.909366391184573 0.0220959595959596 0.02148760330578512
19 0.6505681818181819 0.2889807162534435 0.018308080808080808 0.023691460055096418
22 0.3551136363636364 0.3815426997245179 0.011994949494949496 0.024793388429752063
11 0.667929292929293 0.515426997245179 0.03535353535353536 0.025895316804407712
23 0.3882575757575758 0.696694214876033 0.01893939393939394 0.014876033057851238
14 0.28661616161616166 0.46336088154269967 0.016414141414141416 0.0209366391184573
3 0.6856060606060607 0.9013774104683194 0.02398989898989899 0.02424242424242424
1 0.7537878787878789 0.17355371900826444 0.021464646464646468 0.017630853994490357
5 0.8974116161616162 0.36639118457300274 0.020833333333333336 0.023140495867768594
10 0.824179292929293 0.2674931129476584 0.017045454545454548 0.024793388429752063
1 0.7017045454545455 0.48898071625344347 0.02840909090909091 0.024793388429752063
16 0.9289772727272728 0.6184573002754821 0.019570707070707072 0.020385674931129475
8 0.6833964646464648 0.3173553719008264 0.011994949494949496 0.018732782369146005
1 0.8734217171717172 0.8044077134986225 0.029671717171717175 0.01983471074380165
17 0.6328914141414141 0.7647382920110192 0.02335858585858586 0.01983471074380165
6 0.5328282828282829 0.8658402203856749 0.01767676767676768 0.023691460055096418
21 0.9030934343434344 0.643801652892562 0.014520202020202022 0.015977961432506887
1 0.9046717171717172 0.42038567493112944 0.020202020202020204 0.026446280991735537
22 0.26830808080808083 0.29449035812672175 0.010101010101010102 0.02258953168044077
6 0.6328914141414141 0.3426997245179063 0.02335858585858586 0.023140495867768594
5 0.32986111111111116 0.1909090909090909 0.024621212121212124 0.017079889807162532
21 0.8980429292929294 0.9057851239669421 0.017045454545454548 0.014325068870523415
1 0.893939393939394 0.8845730027548209 0.012626262626262628 0.020385674931129475
23 0.5192550505050505 0.8132231404958677 0.019570707070707072 0.016528925619834708
7 0.6571969696969697 0.256198347107438 0.039141414141414144 0.0209366391184573
23 0.9292929292929294 0.1859504132231405 0.01893939393939394 0.017079889807162532
7 0.6464646464646465 0.3162534435261708 0.029040404040404044 0.017630853994490357
1 0.6139520202020202 0.5680440771349862 0.0220959595959596 0.022038567493112945
5 0.6912878787878789 0.6878787878787879 0.020202020202020204 0.019283746556473826
7 0.36489898989898994 0.9118457300275481 0.02777777777777778 0.0209366391184573
9 0.8497474747474748 0.6393939393939393 0.025252525252525256 0.024793388429752063
13 0.8083964646464648 0.17851239669421487 0.0220959595959596 0.023140495867768594
3 0.5583964646464646 0.17520661157024792 0.0220959595959596 0.01983471074380165
5 0.607638888888889 0.7074380165289256 0.019570707070707072 0.023140495867768594
5 0.8030303030303031 0.8515151515151514 0.01767676767676768 0.02258953168044077
22 0.7768308080808082 0.41074380165289254 0.018308080808080808 0.024793388429752063
21 0.7900883838383839 0.6371900826446281 0.020833333333333336 0.020385674931129475
22 0.9330808080808082 0.7550964187327823 0.012626262626262628 0.01818181818181818
7 0.7405303030303031 0.8487603305785123 0.029040404040404044 0.020385674931129475
5 0.5176767676767677 0.3942148760330578 0.021464646464646468 0.023691460055096418
1 0.4283459595959596 0.8319559228650137 0.020833333333333336 0.022038567493112945
21 0.3191287878787879 0.602754820936639 0.015782828282828284 0.015426997245179062
22 0.8377525252525253 0.5256198347107438 0.012626262626262628 0.018732782369146005
22 0.7351641414141414 0.5184573002754821 0.010732323232323234 0.022038567493112945
10 0.454229797979798 0.4520661157024793 0.017045454545454548 0.02148760330578512
6 0.24526515151515155 0.7757575757575756 0.025883838383838387 0.02424242424242424
17 0.3819444444444445 0.21845730027548207 0.029040404040404044 0.01818181818181818
7 0.8746843434343435 0.7807162534435261 0.0321969696969697 0.022038567493112945
23 0.3809974747474748 0.5201101928374655 0.015782828282828284 0.0209366391184573
0 0.3434343434343435 0.2190082644628099 0.03535353535353536 0.026997245179063357
23 0.9816919191919192 0.3146005509641873 0.01893939393939394 0.01983471074380165
10 0.46717171717171724 0.28044077134986223 0.01388888888888889 0.02424242424242424
11 0.24400252525252528 0.7203856749311294 0.02840909090909091 0.02148760330578512
2 0.27083333333333337 0.07107438016528925 0.02777777777777778 0.02865013774104683
17 0.26736111111111116 0.6617079889807161 0.029671717171717175 0.02424242424242424
1 0.8248106060606061 0.4950413223140495 0.024621212121212124 0.024793388429752063
13 0.679608585858586 0.1446280991735537 0.025883838383838387 0.019283746556473826
6 0.6745580808080809 0.5994490358126722 0.02335858585858586 0.025344352617079888
21 0.7992424242424243 0.3239669421487603 0.01893939393939394 0.018732782369146005
1 0.8547979797979799 0.44462809917355367 0.022727272727272728 0.022038567493112945
11 0.2635732323232323 0.21267217630853993 0.027146464646464648 0.017630853994490357
5 0.7885101010101011 0.2661157024793388 0.022727272727272728 0.018732782369146005
21 0.9321338383838385 0.8829201101928373 0.017045454545454548 0.019283746556473826
11 0.7436868686868687 0.40468319559228644 0.025252525252525256 0.020385674931129475
5 0.5659722222222223 0.915426997245179 0.0220959595959596 0.02920110192837465
14 0.6578282828282829 0.8165289256198346 0.02398989898989899 0.0209366391184573
7 0.9738005050505051 0.1911845730027548 0.02840909090909091 0.018732782369146005
6 0.8465909090909092 0.49779614325068866 0.021464646464646468 0.025895316804407712
0 0.5009469696969697 0.2002754820936639 0.02335858585858586 0.020385674931129475
1 0.7632575757575758 0.8264462809917354 0.021464646464646468 0.022038567493112945
21 0.4996843434343435 0.25206611570247933 0.015782828282828284 0.012672176308539944
1 0.7436868686868687 0.9033057851239669 0.021464646464646468 0.024793388429752063
16 0.30618686868686873 0.77465564738292 0.025252525252525256 0.018732782369146005
1 0.3358585858585859 0.8294765840220385 0.01893939393939394 0.015977961432506887
17 0.696969696969697 0.515702479338843 0.026515151515151516 0.029752066115702476
13 0.3383838383838384 0.6355371900826445 0.022727272727272728 0.02148760330578512
13 0.48989898989898994 0.1421487603305785 0.020202020202020204 0.0209366391184573
23 0.9015151515151516 0.502754820936639 0.01767676767676768 0.020385674931129475
23 0.480429292929293 0.7812672176308539 0.01893939393939394 0.017630853994490357
1 0.7364267676767677 0.7165289256198346 0.02335858585858586 0.028099173553719006
10 0.8914141414141414 0.7556473829201101 0.01893939393939394 0.02148760330578512
21 0.9390782828282829 0.3146005509641873 0.025883838383838387 0.0209366391184573
22 0.7364267676767677 0.49283746556473823 0.00946969696969697 0.026997245179063357
3 0.9529671717171718 0.2823691460055096 0.024621212121212124 0.023691460055096418
23 0.963699494949495 0.2537190082644628 0.019570707070707072 0.01818181818181818
13 0.46401515151515155 0.5046831955922865 0.021464646464646468 0.017630853994490357
21 0.8690025252525253 0.6986225895316803 0.014520202020202022 0.0209366391184573
11 0.367739898989899 0.2997245179063361 0.02335858585858586 0.018732782369146005
13 0.49179292929292934 0.3077134986225895 0.02398989898989899 0.01818181818181818
13 0.3936237373737374 0.19476584022038565 0.020833333333333336 0.017079889807162532
3 0.8847853535353536 0.9316804407713498 0.020833333333333336 0.0209366391184573
21 0.40845959595959597 0.16611570247933882 0.022727272727272728 0.02148760330578512
22 0.752209595959596 0.1490358126721763 0.018308080808080808 0.03360881542699724
23 0.4652777777777778 0.6476584022038567 0.020202020202020204 0.02148760330578512
1 0.8374368686868687 0.5837465564738291 0.02335858585858586 0.017079889807162532
10 0.8162878787878789 0.20661157024793386 0.016414141414141416 0.016528925619834708
21 0.8712121212121213 0.5267217630853994 0.016414141414141416 0.017630853994490357
22 0.5284090909090909 0.5887052341597796 0.01388888888888889 0.025895316804407712
10 0.46212121212121215 0.14077134986225895 0.01388888888888889 0.023691460055096418
23 0.7559974747474748 0.5768595041322313 0.019570707070707072 0.02424242424242424
0 0.5410353535353536 0.8126721763085398 0.026515151515151516 0.0209366391184573
22 0.9501262626262627 0.5895316804407713 0.016414141414141416 0.026446280991735537
23 0.9210858585858587 0.4228650137741046 0.01767676767676768 0.025895316804407712
3 0.8601641414141414 0.7542699724517906 0.0220959595959596 0.01983471074380165
0 0.7342171717171718 0.31570247933884293 0.01893939393939394 0.025344352617079888
5 0.297979797979798 0.4380165289256198 0.022727272727272728 0.0209366391184573
1 0.2840909090909091 0.18760330578512396 0.026515151515151516 0.019283746556473826
1 0.836489898989899 0.8564738292011018 0.01893939393939394 0.024793388429752063
7 0.9845328282828284 0.37410468319559226 0.025883838383838387 0.018732782369146005
13 0.6180555555555556 0.23415977961432505 0.026515151515151516 0.022038567493112945
8 0.7411616161616162 0.928099173553719 0.029040404040404044 0.020385674931129475
7 0.7774621212121213 0.6909090909090908 0.030934343434343436 0.026446280991735537
5 0.7149621212121213 0.9250688705234159 0.0220959595959596 0.022038567493112945
13 0.27272727272727276 0.8553719008264462 0.02777777777777778 0.020385674931129475
5 0.8456439393939394 0.41790633608815425 0.02335858585858586 0.02148760330578512
6 0.5505050505050505 0.8391184573002755 0.020202020202020204 0.0209366391184573
5 0.44128787878787884 0.7804407713498622 0.01767676767676768 0.019283746556473826
1 0.8276515151515152 0.9038567493112947 0.01893939393939394 0.020385674931129475
16 0.9741161616161617 0.2837465564738292 0.01893939393939394 0.0209366391184573
5 0.5157828282828283 0.5884297520661157 0.015151515151515152 0.02424242424242424