1 0.7021116138763197 0.49338165773715725 0.03871292106586224 0.03435234793570753
23 0.1897938662644545 0.3410022061140876 0.03971845148315736 0.03151591553734636
5 0.35118149824032174 0.22344784115978567 0.03971845148315736 0.03277655215884021
22 0.19984917043740572 0.21698707847462967 0.02061337355455002 0.033722029624960605
20 0.1644042232277526 0.38244563504569806 0.054298642533936646 0.03309171131421368
14 0.7156862745098038 0.13945792625275763 0.0457516339869281 0.032461393003466746
1 0.4341377576671694 0.18326504884966907 0.03569632981397687 0.033722029624960605
5 0.608848667672197 0.1813740939174283 0.05630970336852689 0.03183107469271982
6 0.729260935143288 0.6295304128584935 0.049773755656108594 0.029309801449732113
1 0.7770236299648063 0.5899779388591239 0.049773755656108594 0.03151591553734636
7 0.5032679738562091 0.22439331862590606 0.05832076420311714 0.02395209580838323
3 0.5869783810960281 0.6738102741884652 0.050779286073403714 0.03844941695556255
11 0.16767219708396178 0.21493854396470216 0.049773755656108594 0.03088559722659943
20 0.7772750125691301 0.40025212732429877 0.05731523378582201 0.0302552789158525
22 0.6716943187531422 0.40230066183422625 0.028154851684263446 0.03309171131421368
22 0.5165912518853695 0.3988339111251182 0.022624434389140267 0.03435234793570753
13 0.09954751131221719 0.6136148755121336 0.054298642533936646 0.03971005357705641
20 0.3868778280542986 0.850141821619918 0.05279034690799396 0.03435234793570753
16 0.7378079436902966 0.26426095178064923 0.04776269482151835 0.03624330286794831
1 0.559577677224736 0.809013551843681 0.05630970336852689 0.0371887803340687
16 0.5894922071392659 0.6284273558146863 0.060834590246354944 0.03151591553734636
5 0.8511814982403216 0.18216199180586196 0.034188034188034185 0.0302552789158525
23 0.6475615887380592 0.35549952726126693 0.04826546003016591 0.03277655215884021
6 0.7335344394167923 0.4502048534509927 0.04725992961287079 0.032461393003466746
23 0.3735545500251382 0.39142767097384173 0.044243338360985415 0.03277655215884021
10 0.6724484665661136 0.7672549637566971 0.033685268979386625 0.04254648597541758
1 0.6096028154851684 0.39993696816892527 0.050779286073403714 0.03340687046958714
23 0.4180492709904474 0.754963756697132 0.03971845148315736 0.03435234793570753
5 0.23051784816490697 0.5721714465805231 0.0457516339869281 0.03687362117869524
8 0.7936148818501759 0.5453829183737787 0.059829059829059825 0.03561298455720138
1 0.7199597787833081 0.86306334699023 0.05329311211664152 0.05074062401512763
1 0.37204625439919553 0.5304128584935393 0.05832076420311714 0.025843050740624013
8 0.3034188034188034 0.21840529467381026 0.06787330316742081 0.029624960605105576
11 0.6483157365510306 0.26394579262527573 0.049773755656108594 0.03561298455720138
22 0.611111111111111 0.5811534825086668 0.03670186023127199 0.0302552789158525
22 0.12192056309703367 0.3860699653324929 0.03569632981397687 0.03466750709108099
22 0.6108597285067873 0.26693980460132366 0.027149321266968323 0.03466750709108099
10 0.45274007038712916 0.5352978254018279 0.033685268979386625 0.02994011976047904
17 0.6538461538461537 0.18216199180586196 0.050779286073403714 0.029624960605105576
16 0.48039215686274506 0.3529782540182792 0.05178481649069884 0.029624960605105576
16 0.5970336852689794 0.5343523479357075 0.049773755656108594 0.03624330286794831
2 0.47109100050276514 0.44595020485345094 0.044243338360985415 0.03088559722659943
23 0.06359979889391654 0.2934131736526946 0.03670186023127199 0.02899464229435865
21 0.6852689793866263 0.5865111881500157 0.044243338360985415 0.034037188780334064
1 0.7456008044243337 0.5409706901985503 0.04122674710910004 0.03498266624645446
3 0.5603318250377073 0.4900724866057359 0.03670186023127199 0.03151591553734636
21 0.602061337355455 0.7593759848723605 0.04675716440422322 0.03498266624645446
22 0.2001005530417295 0.3882760794201071 0.024132730015082954 0.04160100850929719
7 0.6151332327802915 0.22518121651433973 0.07893413775766717 0.028049164828238257
22 0.41880341880341876 0.3098014497321147 0.0261437908496732 0.03277655215884021
13 0.5427350427350427 0.6684525685471162 0.05279034690799396 0.0371887803340687
20 0.5598290598290597 0.754963756697132 0.054801407742584206 0.03561298455720138
0 0.8227752639517345 0.7644185313583359 0.04675716440422322 0.04002521273242987
3 0.41654097536450474 0.5318310746927197 0.05178481649069884 0.02994011976047904
14 0.5776772247360482 0.713835486920895 0.054298642533936646 0.03277655215884021
5 0.8265460030165912 0.40025212732429877 0.04725992961287079 0.03277655215884021
1 0.40070387129210655 0.4859754175858808 0.04625439919557566 0.03151591553734636
22 0.7978883861236802 0.681531673495115 0.02312719959778783 0.03561298455720138
20 0.8355957767722473 0.6752284903876458 0.05329311211664152 0.03309171131421368
7 0.31724484665661135 0.5721714465805231 0.07139265962795374 0.026158209895997476
6 0.35620915032679734 0.482351087299086 0.049773755656108594 0.02994011976047904
21 0.5550527903469079 0.26693980460132366 0.04122674710910004 0.032146233848093286
23 0.49974861739567616 0.8567601638827608 0.0392156862745098 0.03750393948944217
3 0.24459527400703868 0.26110936022691456 0.05178481649069884 0.031200756381972894
1 0.4509803921568627 0.2259691144027734 0.054298642533936646 0.03340687046958714
1 0.30392156862745096 0.3034982666246454 0.04776269482151835 0.03277655215884021
6 0.7111613876319758 0.30869839268830757 0.050779286073403714 0.03624330286794831
17 0.6166415284062342 0.715568862275449 0.049773755656108594 0.03624330286794831
19 0.23956762192056308 0.17822250236369366 0.05681246857717445 0.03435234793570753
13 0.3808446455505279 0.5742199810904506 0.05580693815987933 0.03844941695556255
9 0.18350930115635997 0.5735896627797037 0.05329311211664152 0.056098329656476514
21 0.7496229260935142 0.3132682004412228 0.04122674710910004 0.03277655215884021
21 0.6711915535444947 0.1411913016073117 0.044243338360985415 0.0302552789158525
2 0.7755153343388637 0.13945792625275763 0.03569632981397687 0.033722029624960605
22 0.671945701357466 0.4927513394264103 0.02564102564102564 0.03309171131421368
5 0.7161890397184514 0.715568862275449 0.04273504273504273 0.03498266624645446
11 0.26872800402212166 0.3424204223132682 0.06787330316742081 0.03183107469271982
14 0.3961789844142785 0.18279231011660887 0.0392156862745098 0.036558462023321775
5 0.8202614379084966 0.4922786006933501 0.03670186023127199 0.039079735266309486
12 0.7091503267973855 0.5441222817522848 0.04172951231774761 0.03435234793570753
8 0.3964303670186023 0.2259691144027734 0.054801407742584206 0.029624960605105576
16 0.23755656108597284 0.3863851244878663 0.04876822523881347 0.03277655215884021
21 0.46254399195575663 0.4848723605420737 0.03821015585721468 0.03624330286794831
7 0.602061337355455 0.3088559722659943 0.06586224233283056 0.03088559722659943
8 0.6133735545500251 0.13819728963126376 0.07038712921065862 0.03309171131421368
23 0.5565610859728506 0.22360542073747242 0.044243338360985415 0.026158209895997476
23 0.5467571644042232 0.30822565395524737 0.050779286073403714 0.03151591553734636
22 0.7410759175465057 0.3964702174598172 0.03720462543991955 0.036558462023321775
21 0.7775263951734539 0.6296879924361802 0.04876822523881347 0.03781909864481563
1 0.6900452488687782 0.3558146864166404 0.049773755656108594 0.03340687046958714
1 0.776269482151835 0.7647336905137093 0.05530417295123177 0.03750393948944217
10 0.27023629964806434 0.5767412543334384 0.03670186023127199 0.03781909864481563
23 0.13298139768728004 0.2554364954301922 0.04776269482151835 0.03183107469271982
16 0.3262946204122674 0.3890639773085408 0.05530417295123177 0.03624330286794831
6 0.47913524384112616 0.7143082256539552 0.05630970336852689 0.03561298455720138
8 0.21191553544494718 0.48298140560983294 0.06686777275012569 0.028679483138985187
10 0.3504273504273504 0.18720453829183736 0.024132730015082954 0.03844941695556255
13 0.48290598290598286 0.6238575480617712 0.050779286073403714 0.03309171131421368
23 0.8423831070889893 0.7201386700283643 0.03569632981397687 0.03088559722659943
21 0.8117144293614881 0.1397730854081311 0.03871292106586224 0.03561298455720138
13 0.42885872297637 0.35408131106208635 0.05530417295123177 0.03183107469271982
16 0.4117647058823529 0.6649858178380081 0.05329311211664152 0.03151591553734636
13 0.5055304172951232 0.14150646076268514 0.04876822523881347 0.03592814371257485
21 0.3735545500251382 0.26804286164513075 0.04223227752639517 0.03309171131421368
11 0.4534942182001005 0.3088559722659943 0.043237807943690296 0.032146233848093286
13 0.3614881850175967 0.8020800504254648 0.060331825037707384 0.03844941695556255
5 0.2888386123680241 0.1824771509612354 0.03670186023127199 0.032146233848093286
5 0.45651080945198586 0.8539237314843996 0.04927099044746103 0.033722029624960605
13 0.5020110608345902 0.7595335644500473 0.053795877325289086 0.03277655215884021
21 0.17546505781799898 0.5288370627166719 0.05630970336852689 0.029624960605105576
21 0.1530920060331825 0.3421052631578947 0.03770739064856712 0.029309801449732113
2 0.16918049270990446 0.6612039079735266 0.04876822523881347 0.032146233848093286
23 0.3883861236802413 0.7106838953671604 0.0457516339869281 0.03781909864481563
5 0.48567119155354443 0.5304128584935393 0.0392156862745098 0.02899464229435865
17 0.6397687280040221 0.7600063031831074 0.03569632981397687 0.033722029624960605
13 0.4193061840120663 0.4456350456980775 0.05329311211664152 0.03151591553734636
0 0.1543489190548014 0.43255594075007875 0.04122674710910004 0.03183107469271982
22 0.32453494218200096 0.18531358335959658 0.02564102564102564 0.03340687046958714
23 0.5889894419306183 0.44500472738733055 0.03971845148315736 0.03277655215884021
20 0.6289592760180995 0.4461077844311377 0.05530417295123177 0.028049164828238257
7 0.2104072398190045 0.6128269776237 0.06586224233283056 0.03687362117869524
20 0.4690799396681749 0.26883075953356445 0.044243338360985415 0.03151591553734636
3 0.486173956762192 0.39867633154743143 0.044243338360985415 0.03151591553734636
16 0.643288084464555 0.6714465805231642 0.05279034690799396 0.03498266624645446
22 0.2624434389140271 0.21793255594075006 0.014077425842131723 0.02994011976047904
22 0.5364504776269482 0.9029309801449732 0.04725992961287079 0.034037188780334064
8 0.8217697335344394 0.31011660888748815 0.06787330316742081 0.03466750709108099
14 0.7357968828557063 0.3584935392373148 0.053795877325289086 0.033722029624960605
3 0.34565108094519853 0.43996218090135514 0.050779286073403714 0.04034037188780334
13 0.6561085972850678 0.30601953986763314 0.05128205128205128 0.03340687046958714
13 0.5532931121166415 0.1824771509612354 0.054801407742584206 0.03088559722659943
23 0.26068376068376065 0.6189725811534824 0.043740573152337855 0.03277655215884021
21 0.5153343388637506 0.44642294358651113 0.04223227752639517 0.03435234793570753
5 0.679989944695827 0.622754491017964 0.044746103569632975 0.03781909864481563
14 0.6995977878330819 0.26851560037819094 0.04876822523881347 0.03971005357705641
13 0.4180492709904474 0.26977623699968484 0.050779286073403714 0.03340687046958714
3 0.1282051282051282 0.5300976993381658 0.05128205128205128 0.03466750709108099
5 0.43112116641528403 0.7106838953671604 0.033685268979386625 0.03781909864481563
17 0.3099547511312217 0.48408446265364 0.04876822523881347 0.03466750709108099
12 0.3174962292609351 0.5253703120075638 0.050779286073403714 0.03340687046958714
11 0.7765208647561588 0.4951150330917113 0.049773755656108594 0.03781909864481563
5 0.2066365007541478 0.30097699338165773 0.0392156862745098 0.03844941695556255
6 0.7760180995475112 0.18326504884966907 0.053795877325289086 0.03183107469271982
5 0.6701860231271995 0.8101166088874882 0.04625439919557566 0.03624330286794831
21 0.4142785319255907 0.39536716041601006 0.045248868778280535 0.02994011976047904
8 0.5671191553544495 0.5789473684210525 0.07139265962795374 0.03277655215884021
6 0.25565610859728505 0.43098014497321147 0.06385118149824032 0.03750393948944217
5 0.1372549019607843 0.5713835486920895 0.0392156862745098 0.03151591553734636
17 0.45550527903469074 0.39946422943586507 0.060331825037707384 0.03561298455720138
17 0.7275012569130216 0.1824771509612354 0.04826546003016591 0.029624960605105576
5 0.7604323780794369 0.22281752284903875 0.03871292106586224 0.0302552789158525
23 0.737305178481649 0.4946422943586511 0.033685268979386625 0.03435234793570753
13 0.25163398692810457 0.30018909549322403 0.05279034690799396 0.04002521273242987
17 0.2104072398190045 0.663252442483454 0.044746103569632975 0.03498266624645446
10 0.8195072900955253 0.18263473053892215 0.03217697335344394 0.02994011976047904
23 0.5143288084464555 0.35329341317365265 0.02916038210155857 0.03151591553734636
21 0.3250377073906485 0.34856602584305074 0.050779286073403714 0.0302552789158525
21 0.3056812468577174 0.622754491017964 0.04826546003016591 0.03088559722659943
16 0.5540472599296128 0.14040340371887802 0.05128205128205128 0.033722029624960605
13 0.8768225238813473 0.6350456980775291 0.061337355455002504 0.03781909864481563
8 0.8315736551030668 0.8104317680428615 0.07239819004524886 0.039394894421682945
7 0.11739567621920562 0.4350772139930665 0.044746103569632975 0.03624330286794831
23 0.11940673705379587 0.4749448471478096 0.05279034690799396 0.034037188780334064
17 0.5525389643036701 0.44673810274188464 0.04223227752639517 0.033722029624960605
14 0.7335344394167923 0.7639457926252757 0.04725992961287079 0.032146233848093286
1 0.8255404725992961 0.26441853135833593 0.054298642533936646 0.03971005357705641
17 0.3408748114630467 0.30696501733375353 0.0392156862745098 0.03844941695556255
21 0.5213675213675213 0.5817838008194137 0.043237807943690296 0.03277655215884021
5 0.43489190548014073 0.6218090135518436 0.04927099044746103 0.034037188780334064
21 0.28959276018099545 0.26158209895997475 0.04223227752639517 0.03088559722659943
18 0.6669180492709904 0.7223447841159785 0.05279034690799396 0.04979514654900725
19 0.5409753645047762 0.8586511188150016 0.05630970336852689 0.03498266624645446
3 0.7184514831573654 0.22376300031515914 0.0392156862745098 0.03088559722659943
5 0.776269482151835 0.44673810274188464 0.05128205128205128 0.030570438071225968
22 0.7478632478632478 0.13803971005357704 0.022624434389140267 0.029624960605105576
1 0.47008547008547 0.8069650173337535 0.04826546003016591 0.03813425780018909
1 0.2066365007541478 0.2559092341632524 0.045248868778280535 0.03340687046958714
1 0.22398190045248867 0.3400567286479672 0.04776269482151835 0.02836432398361172
9 0.6654097536450477 0.8559722659943271 0.05580693815987933 0.05294673810274188
11 0.4353946706887883 0.906555310431768 0.061337355455002504 0.04443744090765837
5 0.5965309200603318 0.8611723920579892 0.050779286073403714 0.03435234793570753
10 0.774007038712921 0.679167979829814 0.024635495223730514 0.039079735266309486
16 0.5992961287078934 0.35329341317365265 0.05630970336852689 0.03277655215884021
17 0.4532428355957767 0.7570122912070595 0.03871292106586224 0.0302552789158525
20 0.1488185017596782 0.612196659312953 0.05329311211664152 0.03813425780018909
22 0.7790346907993966 0.3132682004412228 0.0196078431372549 0.03151591553734636
4 0.3722976370035193 0.7574850299401197 0.0628456510809452 0.04254648597541758
13 0.6950729009552539 0.6749133312322723 0.05279034690799396 0.03498266624645446
21 0.7410759175465057 0.6769618657421997 0.043237807943690296 0.03340687046958714
6 0.7621920563097033 0.7195083517176173 0.04826546003016591 0.03088559722659943
23 0.6377576671694318 0.5354554049795146 0.044746103569632975 0.03088559722659943
1 0.6015585721468074 0.48660573589662776 0.053795877325289086 0.03277655215884021
21 0.26872800402212166 0.47715096123542383 0.050779286073403714 0.039079735266309486
0 0.384112619406737 0.3071225969114402 0.04122674710910004 0.03561298455720138
1 0.4969834087481146 0.6660888748818152 0.050779286073403714 0.028049164828238257
22 0.43589743589743585 0.4900724866057359 0.024132730015082954 0.03844941695556255
5 0.267219708396179 0.5286794831389852 0.049773755656108594 0.033722029624960605
20 0.553795877325289 0.5341947683580207 0.04776269482151835 0.036558462023321775
19 0.5598290598290597 0.3964702174598172 0.06787330316742081 0.029624960605105576
21 0.5301659125188536 0.6265364008824456 0.049773755656108594 0.0371887803340687
1 0.7657114127702362 0.809013551843681 0.05630970336852689 0.0371887803340687
1 0.6709401709401709 0.5414434289316105 0.049773755656108594 0.034037188780334064
10 0.11965811965811965 0.3424204223132682 0.02916038210155857 0.03309171131421368
14 0.6452991452991452 0.5817838008194137 0.04876822523881347 0.03277655215884021
1 0.804927099044746 0.7232902615820989 0.045248868778280535 0.034037188780334064
21 0.23328305681246855 0.21730223763000314 0.04625439919557566 0.031200756381972894
3 0.22021116138763194 0.5286794831389852 0.04826546003016591 0.03498266624645446
13 0.7033685268979386 0.4005672864796722 0.045248868778280535 0.039079735266309486
21 0.10105580693815987 0.296092026473369 0.04223227752639517 0.02994011976047904
7 0.8235294117647058 0.6378821304758903 0.05832076420311714 0.03088559722659943
23 0.637506284565108 0.6248030255278916 0.04223227752639517 0.03498266624645446
1 0.3049270990447461 0.4368105893476205 0.049773755656108594 0.03151591553734636
23 0.6804927099044745 0.22234478411597855 0.0457516339869281 0.03498266624645446
16 0.8853695324283559 0.6774346044752599 0.05731523378582201 0.028679483138985187
8 0.37430869783810955 0.34966908288685783 0.0628456510809452 0.03624330286794831
23 0.17194570135746604 0.2533879609202647 0.03217697335344394 0.03088559722659943
19 0.6166415284062342 0.809013551843681 0.06887883358471593 0.0371887803340687
22 0.7043740573152337 0.8145288370627166 0.030165912518853692 0.039394894421682945
3 0.5118149824032177 0.8077529152221872 0.04725992961287079 0.040970690198550264
4 0.7823026646556057 0.26835802080050425 0.043237807943690296 0.04317680428616451
5 0.21543489190548012 0.4286164513079105 0.04776269482151835 0.03971005357705641
7 0.6847662141779788 0.4487866372518121 0.06737053795877325 0.03340687046958714
7 0.504524886877828 0.18326504884966907 0.049773755656108594 0.031200756381972894
1 0.08044243338360985 0.4807752915222187 0.054298642533936646 0.028679483138985187
7 0.8818501759678229 0.7661519067128899 0.07139265962795374 0.032146233848093286
21 0.776269482151835 0.358966277970375 0.04223227752639517 0.03277655215884021
22 0.4992458521870286 0.4881815316734951 0.02916038210155857 0.039079735266309486
23 0.2792860734037204 0.38890639773085406 0.03871292106586224 0.03466750709108099
10 0.643288084464555 0.4026158209895997 0.03770739064856712 0.03876457611093602
23 0.12543991955756661 0.6615190671289001 0.04776269482151835 0.034037188780334064
3 0.33408748114630465 0.2653640088244563 0.049773755656108594 0.03151591553734636
21 0.16490698843640017 0.4777812795461708 0.04826546003016591 0.03971005357705641
21 0.6430367018602312 0.4878663725181216 0.04022121669180492 0.03151591553734636
22 0.8720462543991955 0.7322722975102426 0.017596782302664656 0.03813425780018909
12 0.9022121669180492 0.7294358651118814 0.0457516339869281 0.04506775921840529
1 0.42735042735042733 0.5762685156003782 0.04725992961287079 0.03687362117869524
17 0.8735545500251382 0.2650488496690829 0.04675716440422322 0.039079735266309486
13 0.7307692307692307 0.5877718247715096 0.05279034690799396 0.03971005357705641
8 0.15460030165912517 0.2970375039394894 0.06887883358471593 0.033722029624960605
22 0.5208647561588737 0.5327765521588401 0.025138260432378077 0.03624330286794831
19 0.8212669683257918 0.3573904821935077 0.053795877325289086 0.03277655215884021
23 0.4602815485168426 0.6660888748818152 0.044746103569632975 0.033722029624960605
10 0.6918049270990447 0.183895367160416 0.027149321266968323 0.030570438071225968
22 0.4223227752639517 0.8532934131736526 0.027149321266968323 0.03624330286794831
5 0.48944193061840113 0.9040340371887803 0.04876822523881347 0.03750393948944217
21 0.3790849673202614 0.4427986132997163 0.04022121669180492 0.032146233848093286
3 0.5517848164906988 0.35266309486290576 0.043740573152337855 0.02899464229435865
5 0.8908999497234791 0.8121651433974156 0.05731523378582201 0.044752600063031826
6 0.4223227752639517 0.801922470847778 0.05731523378582201 0.04569807752915222
13 0.8270487682252388 0.4495745351402458 0.05731523378582201 0.033722029624960605
23 0.529663147310206 0.4855026788528206 0.04675716440422322 0.030570438071225968
23 0.8501759678230265 0.13914276709738416 0.045248868778280535 0.03498266624645446
10 0.5867269984917043 0.26993381657737153 0.02916038210155857 0.03687362117869524
5 0.39115133232780286 0.8983611723920579 0.05128205128205128 0.04443744090765837
13 0.46832579185520357 0.5748502994011976 0.05178481649069884 0.03971005357705641
1 0.5158371040723981 0.2650488496690829 0.05630970336852689 0.03088559722659943
19 0.8293112116641528 0.5931295304128584 0.059829059829059825 0.03340687046958714