5 0.8566846292019502 0.2930344275420336 0.02386451116243264 0.033093141179610354
13 0.4636900179625353 0.3749666399786496 0.02874005645368232 0.03576194288764345
21 0.14087759815242495 0.2568721643981852 0.02874005645368232 0.03122497998398719
20 0.21965614575314343 0.21176941553242595 0.03233256351039261 0.029089938617560714
22 0.22786759045419552 0.7042967707499332 0.017449319989735694 0.03682946357085669
5 0.1716705157813703 0.4885241526554577 0.02412111880934052 0.03923138510808647
3 0.2790608160123172 0.3354683746997598 0.033102386451116246 0.029890579129970642
22 0.7680266871952784 0.33453429410194824 0.017449319989735694 0.03549506271684014
11 0.7891968180651784 0.5855350947424607 0.03874775468308956 0.029890579129970642
5 0.6816782140107776 0.7145716573258607 0.024377726456248396 0.04029890579129971
6 0.7808570695406724 0.6267680811315719 0.03541185527328714 0.03763010408326661
5 0.6626892481395945 0.45076060848678945 0.021298434693353862 0.02615425673872431
21 0.17025917372337696 0.21684013877768882 0.026943802925327175 0.03122497998398719
1 0.7891968180651784 0.45236188951160927 0.021298434693353862 0.032025620496397116
16 0.6496022581472928 0.29943955164131303 0.02745701821914293 0.03682946357085669
21 0.20297664870413137 0.37096343741659993 0.023094688221709007 0.029890579129970642
14 0.2449319989735694 0.36896183613557515 0.027970233512958687 0.02748865759274086
23 0.7637926610212984 0.3718975180144115 0.01924557351809084 0.03122497998398719
3 0.8140877598152425 0.4543634907926341 0.025404157043879907 0.03763010408326661
5 0.714267385168078 0.5823325326928209 0.024377726456248396 0.029890579129970642
5 0.1726969463690018 0.29743795036028825 0.02514754939697203 0.03175874032559381
1 0.7299204516294585 0.6689351481184947 0.024377726456248396 0.033893781692020286
22 0.1905311778290993 0.21497197758206565 0.020785219399538108 0.029089938617560714
11 0.6694893507826534 0.3728315986122231 0.0313061329227611 0.028823058446757407
1 0.5037208108801642 0.33706965572457964 0.030792917628945343 0.03416066186282359
21 0.2699512445470875 0.40605817987723514 0.02514754939697203 0.028556178275954098
21 0.6257377469848602 0.6638644248732319 0.02745701821914293 0.036562583400053375
17 0.2636643571978445 0.5763277288497465 0.029509879394405955 0.037096343741659994
17 0.2396715422119579 0.748065118761676 0.03900436232999743 0.03949826527888978
22 0.4956376700025661 0.25580464371497197 0.018732358224275082 0.030157459300773952
19 0.43494996150885296 0.44849212703496133 0.02874005645368232 0.03175874032559381
21 0.7494226327944573 0.488791032826261 0.025404157043879907 0.03496130237523352
5 0.5422119579163459 0.4511609287429944 0.023094688221709007 0.03175874032559381
14 0.7858609186553759 0.7127034961302375 0.03464203233256351 0.04990659194021884
22 0.5544008211444701 0.6238323992527355 0.01924557351809084 0.03763010408326661
13 0.6945085963561715 0.6262343207899653 0.033615601744932 0.03869762476647985
21 0.6168847831665384 0.37563384040565784 0.02514754939697203 0.03816386442487323
5 0.5859635617141391 0.4535628502802242 0.026943802925327175 0.03069121964238057
1 0.8044649730561971 0.6271684013877769 0.03181934821657685 0.03843074459567654
13 0.49153194765204006 0.7018948492127035 0.033615601744932 0.03576194288764345
17 0.6857839363613035 0.45009340805978115 0.03104952527585322 0.03122497998398719
5 0.5288683602771362 0.16586602615425675 0.02360790351552476 0.03496130237523352
20 0.3797793174236592 0.7033626901521217 0.028226841159866563 0.03869762476647985
5 0.9108288426995125 0.5388310648518815 0.024377726456248396 0.032025620496397116
12 0.44611239414934567 0.4826527888977849 0.03207595586348473 0.03549506271684014
19 0.6054657428791378 0.25580464371497197 0.029509879394405955 0.033893781692020286
8 0.1783423146009751 0.44382172404590337 0.03387220939183988 0.03362690152121697
3 0.8782396715422119 0.6271684013877769 0.03002309468822171 0.03682946357085669
5 0.621888632281242 0.5385641846810783 0.03002309468822171 0.03522818254603683
5 0.44085193738773415 0.333466773418735 0.020015396458814474 0.03122497998398719
3 0.4199384141647421 0.2514011208967174 0.026430587631511418 0.02722177742193755
5 0.7895817295355402 0.4117961035495063 0.019502181164998716 0.03095809981318388
10 0.4205799332820118 0.3342674139311449 0.019502181164998716 0.03496130237523352
12 0.47613548883756734 0.48452095009340806 0.03002309468822171 0.033893781692020286
5 0.6936104695919938 0.29850547104350145 0.022068257634077496 0.03122497998398719
2 0.59250705671029 0.4135308246597278 0.03541185527328714 0.036562583400053375
16 0.693225558121632 0.41126234320789967 0.026943802925327175 0.029890579129970642
19 0.5511932255581217 0.3781692020282893 0.032845778804208366 0.032025620496397116
17 0.26238131896330513 0.7052308513477449 0.042853477033615604 0.03496130237523352
21 0.5824993584808827 0.20763277288497464 0.025660764690787787 0.032025620496397116
14 0.22850910957146522 0.33293301307712836 0.026943802925327175 0.03496130237523352
9 0.447523736207339 0.7024286095543101 0.027200410572235052 0.04803843074459568
3 0.1760328457788042 0.4032559380838004 0.0313061329227611 0.03576194288764345
11 0.38478316653836286 0.5333600213504137 0.02386451116243264 0.03122497998398719
3 0.8084423915832691 0.49399519615692555 0.04182704644598409 0.03576194288764345
17 0.569412368488581 0.4140645850013344 0.01693610469591994 0.037096343741659994
13 0.6596099563767001 0.25433680277555376 0.03515524762637927 0.033093141179610354
1 0.3872209391839877 0.578462770216173 0.0313061329227611 0.03763010408326661
1 0.42160636386964334 0.7503336002135041 0.03181934821657685 0.04029890579129971
3 0.4676674364896074 0.2510008006405124 0.026943802925327175 0.03069121964238057
0 0.7245316910443931 0.5401654657058981 0.02745701821914293 0.03576194288764345
23 0.8264049268668207 0.5360288230584468 0.026943802925327175 0.03122497998398719
11 0.8657942006671799 0.7132372564718441 0.032845778804208366 0.03763010408326661
10 0.6898896587118296 0.16653322658126501 0.02283808057480113 0.029356818788364023
13 0.3678470618424429 0.6234320789965305 0.03926096997690531 0.04430210835334935
10 0.22004105722350525 0.4047237790232186 0.021298434693353862 0.03122497998398719
17 0.5278419296895047 0.2939685081398452 0.0266871952784193 0.033893781692020286
10 0.17051578137028484 0.2551374432879637 0.02181164998716962 0.03362690152121697
3 0.5352835514498332 0.25206832132372564 0.03695150115473441 0.03496130237523352
8 0.9091608929946112 0.4934614358153189 0.028226841159866563 0.04216706698692287
22 0.6915576084167309 0.21430477715505739 0.01693610469591994 0.032559380838003735
5 0.50846805234796 0.2941019482252469 0.023351295868616884 0.032559380838003735
5 0.5283551449833205 0.41313050440352284 0.02874005645368232 0.032559380838003735
1 0.2046445984090326 0.6643981852148385 0.02386451116243264 0.03763010408326661
19 0.3919681806517834 0.7499332799572992 0.03464203233256351 0.03949826527888978
14 0.9258403900436233 0.37123031758740327 0.022068257634077496 0.03362690152121697
10 0.7731588401334359 0.414998665599146 0.017449319989735694 0.03522818254603683
8 0.4984603541185527 0.5373632239124633 0.03566846292019502 0.03496130237523352
5 0.8955606877084937 0.45423005070723244 0.02258147292789325 0.03576194288764345
8 0.8645111624326405 0.45249532959701094 0.03541185527328714 0.03763010408326661
6 0.5574801129073647 0.3348011742727515 0.026943802925327175 0.03496130237523352
1 0.5411855273287144 0.5811315719242061 0.03643828586091866 0.029089938617560714
5 0.44534257120862203 0.2500667200427008 0.024377726456248396 0.028823058446757407
13 0.4896073903002309 0.4470242860955431 0.03181934821657685 0.032559380838003735
13 0.7743135745445214 0.5353616226314385 0.030536309982037466 0.03736322391246331
1 0.31755196304849886 0.5747264478249267 0.03207595586348473 0.03496130237523352
1 0.7875288683602771 0.2937016279690419 0.029253271747498075 0.0344275420336269
3 0.569412368488581 0.5823325326928209 0.025660764690787787 0.040565785962103015
20 0.5017962535283551 0.4096610621830798 0.027970233512958687 0.029356818788364023
6 0.8827303053630998 0.5400320256204963 0.034385424685655634 0.0344275420336269
0 0.6766743648960739 0.48839071257005606 0.027200410572235052 0.03576194288764345
23 0.5324608673338466 0.3357352548705631 0.023094688221709007 0.033093141179610354
5 0.258403900436233 0.6204963971176941 0.02514754939697203 0.03843074459567654
5 0.8701565306646138 0.2504670402989058 0.023094688221709007 0.04190018681611956
23 0.5423402617397999 0.07872965038697624 0.02181164998716962 0.032559380838003735
11 0.6644855016679497 0.21403789698425407 0.03566846292019502 0.029356818788364023
13 0.11200923787528869 0.21016813450760607 0.03874775468308956 0.044568988524152656
5 0.2527585322042597 0.5316253002401922 0.02258147292789325 0.03629570322925007
21 0.4282781626892481 0.41246330397651454 0.02874005645368232 0.03229250066720043
21 0.5305363099820375 0.5385641846810783 0.03002309468822171 0.03362690152121697
14 0.4223761868103669 0.7014945289564986 0.028226841159866563 0.03122497998398719
10 0.716576853990249 0.255404323458767 0.021298434693353862 0.033093141179610354
7 0.6712856043110085 0.6680010675206832 0.032845778804208366 0.032025620496397116
21 0.6603797793174236 0.0785962103015746 0.025404157043879907 0.03869762476647985
12 0.6507569925583783 0.5382973045102749 0.02874005645368232 0.03682946357085669
1 0.6920708237105466 0.25420336269015215 0.02874005645368232 0.0344275420336269
1 0.6526815499101873 0.12903656258340004 0.026430587631511418 0.03496130237523352
23 0.6729535540159097 0.2962369895916733 0.01821914293045933 0.033093141179610354
23 0.6431870669745958 0.41473178542834266 0.01821914293045933 0.02668801708033093
5 0.43931229150628687 0.3741659994662397 0.020015396458814474 0.029890579129970642
23 0.5106492173466769 0.2551374432879637 0.020015396458814474 0.02722177742193755
17 0.5329740826276623 0.6223645583133173 0.027200410572235052 0.03682946357085669
23 0.6774441878367975 0.12703496130237524 0.023094688221709007 0.029890579129970642
20 0.4014626635873749 0.4088604216706699 0.03002309468822171 0.029356818788364023
19 0.7916345907108032 0.33360021350413666 0.03181934821657685 0.03362690152121697
5 0.9039004362329998 0.2937016279690419 0.030536309982037466 0.03069121964238057
1 0.520913523222992 0.37630104083266613 0.0266871952784193 0.03042433947157726
1 0.8391070053887606 0.7564718441419802 0.03181934821657685 0.045102748865759275
3 0.5337439055683859 0.12676808113157192 0.0313061329227611 0.033093141179610354
23 0.7726456248396202 0.49012543368027756 0.028226841159866563 0.030157459300773952
17 0.23017705927636645 0.6595943421403789 0.027200410572235052 0.04350146784093942
9 0.8171670515781371 0.6651988257272484 0.03002309468822171 0.045102748865759275
8 0.25070567102899666 0.2942353883106485 0.030792917628945343 0.0344275420336269
6 0.8468052347959969 0.6238323992527355 0.020015396458814474 0.03549506271684014
13 0.623941493456505 0.12610088070456366 0.03002309468822171 0.029089938617560714
21 0.5848088273030536 0.3341339738457433 0.027200410572235052 0.03629570322925007
21 0.418013856812933 0.3732319188684281 0.020015396458814474 0.02802241793434748
23 0.82768796510136 0.6290365625834 0.02181164998716962 0.040565785962103015
10 0.7160636386964332 0.37563384040565784 0.01565306646138055 0.03549506271684014
5 0.5586348473184501 0.12663464104617028 0.023094688221709007 0.02802241793434748
14 0.23184500898126764 0.44689084601014145 0.027970233512958687 0.03122497998398719
10 0.41544778034385427 0.5800640512409928 0.02258147292789325 0.03549506271684014
8 0.901206055940467 0.24699759807846278 0.037464716448550164 0.03763010408326661
23 0.12317167051578137 0.7037630104083267 0.024634334103156276 0.032025620496397116
1 0.44675391326661534 0.2962369895916733 0.02617397998460354 0.03416066186282359
11 0.5718501411342058 0.2937016279690419 0.03002309468822171 0.037096343741659994
11 0.909545804464973 0.5855350947424607 0.04080061585835258 0.03736322391246331
23 0.5094944829355915 0.12836936215639178 0.026430587631511418 0.028823058446757407
8 0.4775468308955607 0.2946357085668535 0.037464716448550164 0.03362690152121697
13 0.7359507313317937 0.44982652788897787 0.0313061329227611 0.03549506271684014
16 0.37516037977931743 0.6605284227381906 0.02617397998460354 0.03362690152121697
1 0.5878881190659482 0.16493194555644516 0.028226841159866563 0.029356818788364023
5 0.6385681293302541 0.2121697357886309 0.024890941750064153 0.032025620496397116
5 0.403387220939184 0.702828929810515 0.02258147292789325 0.033893781692020286
12 0.2912496792404414 0.5749933279957299 0.028226841159866563 0.03816386442487323
13 0.6150885296381832 0.5823325326928209 0.029766487041313832 0.040565785962103015
14 0.6014883243520657 0.07459300773952496 0.04208365409289197 0.04136642647451294
11 0.26122658455221964 0.44595676541232987 0.03695150115473441 0.032025620496397116
5 0.6557608416730819 0.7456631972244462 0.03464203233256351 0.03682946357085669
22 0.6316397228637414 0.7104350146784094 0.01924557351809084 0.03949826527888978
23 0.5619707467282525 0.4503602882305845 0.02258147292789325 0.0344275420336269
3 0.7871439568899153 0.3718975180144115 0.03002309468822171 0.030157459300773952
3 0.4930715935334873 0.3725647184414198 0.03515524762637927 0.033093141179610354
1 0.22068257634077496 0.2560715238857753 0.028226841159866563 0.03175874032559381
21 0.21080318193482167 0.44462236455831333 0.021298434693353862 0.029356818788364023
1 0.748011290736464 0.29650386976247667 0.023094688221709007 0.03362690152121697
21 0.7091352322299205 0.4488924472911663 0.026943802925327175 0.02722177742193755
20 0.2251732101616628 0.4885241526554577 0.03156274056966898 0.029089938617560714
21 0.2224788298691301 0.2969041900186816 0.023094688221709007 0.03069121964238057
5 0.7483962022068258 0.536696023485455 0.02386451116243264 0.03362690152121697
13 0.6561457531434437 0.7099012543368027 0.03181934821657685 0.0459033893781692
7 0.9172440338722094 0.6728049105951428 0.03566846292019502 0.032025620496397116
13 0.19989735694123684 0.6191619962636776 0.03233256351039261 0.032559380838003735
21 0.17115730048755454 0.6218307979717107 0.0266871952784193 0.032559380838003735
15 0.1970746728252502 0.2941019482252469 0.02874005645368232 0.032559380838003735
5 0.9049268668206313 0.6253002401921537 0.025404157043879907 0.03469442220443021
22 0.46651270207852197 0.7042967707499332 0.020015396458814474 0.03843074459567654
17 0.8426995124454709 0.6672004270082733 0.028226841159866563 0.04323458767013611
8 0.7430074416217604 0.25353616226314385 0.029509879394405955 0.033093141179610354
6 0.180651783423146 0.6638644248732319 0.03181934821657685 0.036562583400053375
23 0.11739799846035412 0.2922337870296237 0.024377726456248396 0.029356818788364023
8 0.25032075955863486 0.25447024286095543 0.033615601744932 0.028556178275954098
1 0.59674108288427 0.12610088070456366 0.024377726456248396 0.029089938617560714
21 0.2672568642545548 0.3696290365625834 0.02386451116243264 0.028823058446757407
17 0.47344110854503463 0.5795302908993861 0.034385424685655634 0.03175874032559381
23 0.5332306902745702 0.20789965305577796 0.023094688221709007 0.032559380838003735
1 0.8679753656658968 0.329597010942087 0.02745701821914293 0.03896450493728316
10 0.4267385168078009 0.2937016279690419 0.02514754939697203 0.03175874032559381
11 0.35283551449833206 0.5760608486789431 0.037464716448550164 0.03763010408326661
3 0.11354888375673595 0.2556712036295703 0.033102386451116246 0.032559380838003735
9 0.5773672055427251 0.12356551908193221 0.028226841159866563 0.03949826527888978
13 0.7927893251218886 0.2507339204697091 0.02386451116243264 0.03763010408326661
1 0.6625609443161407 0.6267680811315719 0.03541185527328714 0.03763010408326661
7 0.8516807800872466 0.5385641846810783 0.03387220939183988 0.029890579129970642
22 0.8580959712599435 0.6281024819855885 0.01180395175776238 0.036562583400053375
8 0.8827303053630998 0.37216439818521485 0.03181934821657685 0.0344275420336269
17 0.6634590710803182 0.1686682679476915 0.02745701821914293 0.029356818788364023
3 0.44521426738516806 0.6223645583133173 0.03541185527328714 0.03682946357085669
13 0.6401077752117014 0.45236188951160927 0.024890941750064153 0.033093141179610354
21 0.6295868616884783 0.2560715238857753 0.02386451116243264 0.03175874032559381
13 0.2092635360533744 0.5751267680811316 0.03566846292019502 0.03949826527888978
23 0.1245830125737747 0.3654923939151321 0.02745701821914293 0.04136642647451294
23 0.2734154477803439 0.4851881505204163 0.03002309468822171 0.03576194288764345
6 0.5606877084937131 0.2080330931411796 0.03335899409802412 0.03122497998398719
5 0.7640492686682063 0.7136375767280491 0.025404157043879907 0.04430210835334935
13 0.19964074929432898 0.5305577795569789 0.02874005645368232 0.03682946357085669
5 0.7684115986656402 0.2539364825193488 0.024890941750064153 0.03122497998398719
16 0.39697202976648704 0.6266346410461703 0.03181934821657685 0.04323458767013611
6 0.8124198101103413 0.41246330397651454 0.02617397998460354 0.04029890579129971
5 0.6966897613548884 0.37443287963704297 0.020528611752630228 0.029356818788364023
22 0.4470105209135232 0.4127301841473179 0.014883243520656916 0.03175874032559381
22 0.6970746728252502 0.3393381371764078 0.02181164998716962 0.03122497998398719
20 0.5984090325891711 0.6614625033360021 0.030792917628945343 0.033893781692020286
14 0.2808570695406723 0.6222311182279157 0.024890941750064153 0.03336002135041367
5 0.28008724659994866 0.2973045102748866 0.026943802925327175 0.03629570322925007
11 0.6714139081344624 0.3364024552975714 0.033102386451116246 0.0344275420336269
21 0.2518604054400821 0.3349346143581532 0.024890941750064153 0.032559380838003735
4 0.4712599435463177 0.33453429410194824 0.03926096997690531 0.03069121964238057
15 0.5079548370541442 0.6223645583133173 0.03720810880164229 0.03843074459567654
17 0.7539132666153452 0.6267680811315719 0.027200410572235052 0.033893781692020286
1 0.45201437002822686 0.7489991993594876 0.02745701821914293 0.04136642647451294
21 0.8011290736463946 0.5360288230584468 0.02874005645368232 0.033893781692020286
23 0.6372850910957146 0.581531892180411 0.024890941750064153 0.04216706698692287
1 0.6624326404926867 0.5858019749132639 0.033102386451116246 0.033093141179610354
11 0.24300744162176033 0.4064585001334401 0.0313061329227611 0.033093141179610354
23 0.7585322042596869 0.5839338137176407 0.02514754939697203 0.029356818788364023
10 0.4004362329997434 0.37243127835601814 0.016166281755196306 0.03069121964238057
14 0.2214523992814986 0.3686949559647718 0.02514754939697203 0.025353616226314386
10 0.20785219399538107 0.7010942087002936 0.021041827046445985 0.03576194288764345
1 0.8922247882986913 0.7113690952762209 0.02360790351552476 0.03763010408326661
8 0.3374390556838594 0.6258340005337604 0.027200410572235052 0.03576194288764345
22 0.6148319219912753 0.2966373098478783 0.01077752117013087 0.03122497998398719
21 0.5642802155504234 0.5412329863891113 0.03181934821657685 0.04323458767013611
5 0.10059019758788812 0.707099012543368 0.024634334103156276 0.036562583400053375
13 0.7581472927893251 0.670402989057913 0.03002309468822171 0.03843074459567654
6 0.5501667949704901 0.4113957832933013 0.023094688221709007 0.037096343741659994
1 0.5178342314600975 0.07766212970376302 0.03181934821657685 0.02668801708033093
3 0.7205542725173211 0.2969041900186816 0.03181934821657685 0.03175874032559381
5 0.5016679497049013 0.48452095009340806 0.028226841159866563 0.03763010408326661
1 0.8786245830125737 0.7570056044835869 0.04003079291762895 0.03869762476647985
14 0.8936361303566847 0.33213237256471845 0.022324865280985373 0.03763010408326661
16 0.5943033102386451 0.5811315719242061 0.028226841159866563 0.04029890579129971
20 0.7022068257634078 0.6709367493995196 0.03464203233256351 0.03576194288764345
1 0.8773415447780344 0.5835334934614358 0.02771362586605081 0.03763010408326661
5 0.5198870926353606 0.7052308513477449 0.03181934821657685 0.036562583400053375
23 0.5053887605850654 0.16693354683746997 0.023351295868616884 0.0344275420336269
1 0.8763151141904029 0.4911929543634908 0.03387220939183988 0.04136642647451294
13 0.19656145753143445 0.4867894315452362 0.025660764690787787 0.032559380838003735
22 0.9064665127020786 0.3718975180144115 0.01821914293045933 0.03496130237523352
17 0.909545804464973 0.4127301841473179 0.033102386451116246 0.03069121964238057
13 0.7349243007441622 0.7132372564718441 0.032845778804208366 0.04723779023218575
1 0.8858095971259944 0.41232986389111287 0.024634334103156276 0.032559380838003735
16 0.7495509366179112 0.4120629837203096 0.023094688221709007 0.03576194288764345
1 0.3920964844752374 0.4475580464371497 0.025660764690787787 0.03629570322925007
13 0.640749294328971 0.37696824125967443 0.02514754939697203 0.03069121964238057
6 0.7646907877854761 0.44982652788897787 0.02874005645368232 0.0344275420336269
3 0.2396715422119579 0.576861489191353 0.03643828586091866 0.03816386442487323
8 0.59250705671029 0.5402989057912997 0.024634334103156276 0.03763010408326661
1 0.46458814472671284 0.5333600213504137 0.030536309982037466 0.03122497998398719
8 0.6503720810880165 0.4865225513744329 0.03464203233256351 0.03949826527888978
21 0.8881190659481653 0.6728049105951428 0.017449319989735694 0.03576194288764345
17 0.09699769053117784 0.36362423271950894 0.02617397998460354 0.03229250066720043
23 0.4928149858865794 0.12917000266880171 0.020785219399538108 0.033093141179610354
0 0.880420836540929 0.29436882839605016 0.020015396458814474 0.029356818788364023
14 0.7031049525275853 0.4859887910328263 0.032845778804208366 0.03469442220443021
10 0.41544778034385427 0.44769148652255136 0.02258147292789325 0.03122497998398719
3 0.2716191942519887 0.5313584200693888 0.023351295868616884 0.03095809981318388
14 0.9195535026943803 0.3318654923939151 0.026943802925327175 0.03175874032559381
5 0.19861431870669746 0.40445689885241526 0.02514754939697203 0.03175874032559381
11 0.17705927636643573 0.3686949559647718 0.03387220939183988 0.03069121964238057
10 0.6294585578650244 0.29677074993327995 0.017449319989735694 0.033093141179610354
3 0.6673081857839364 0.41152922337870296 0.02745701821914293 0.03042433947157726
17 0.8238388503977419 0.5816653322658126 0.030536309982037466 0.033893781692020286
7 0.4023607903515525 0.6571924206031492 0.03181934821657685 0.029089938617560714
16 0.2949704901206056 0.4475580464371497 0.033102386451116246 0.03949826527888978
22 0.7304336669232743 0.37510008006405127 0.01308698999230177 0.03175874032559381
5 0.4049268668206313 0.2942353883106485 0.02514754939697203 0.03816386442487323
10 0.5606877084937131 0.24979983987189752 0.018988965871182963 0.03682946357085669
6 0.8527072106748781 0.5828662930344275 0.030792917628945343 0.03629570322925007
1 0.7872722607133693 0.6666666666666666 0.03541185527328714 0.03682946357085669
16 0.619835771105979 0.48839071257005606 0.03566846292019502 0.03576194288764345
3 0.7204259686938671 0.41126234320789967 0.032589171157300485 0.029890579129970642
23 0.7196561457531434 0.33453429410194824 0.020785219399538108 0.029089938617560714
3 0.4399538106235566 0.5357619428876434 0.03002309468822171 0.0344275420336269
13 0.6107261996407493 0.2104350146784094 0.03181934821657685 0.03122497998398719
21 0.4121118809340518 0.5353616226314385 0.025660764690787787 0.03522818254603683
1 0.1730818578393636 0.33360021350413666 0.024890941750064153 0.032559380838003735
20 0.22838080574801128 0.5330931411796104 0.03233256351039261 0.03175874032559381
21 0.737490377213241 0.5797971710701895 0.020528611752630228 0.03496130237523352
21 0.20785219399538107 0.7409927942353883 0.03181934821657685 0.03869762476647985
21 0.7066974595842956 0.7117694155324259 0.025660764690787787 0.03682946357085669
21 0.611239414934565 0.7089671737389912 0.027200410572235052 0.04029890579129971
3 0.1792404413651527 0.7451294368828396 0.03464203233256351 0.03949826527888978
23 0.2906081601231717 0.36829463570856685 0.024377726456248396 0.028823058446757407
11 0.4414934565050039 0.5801974913263944 0.030536309982037466 0.033093141179610354
22 0.6511419040287401 0.6666666666666666 0.008981267641775726 0.033093141179610354
7 0.47292789325121887 0.4108620229516947 0.03695150115473441 0.029089938617560714
1 0.1777007954837054 0.5735254870563117 0.03515524762637927 0.03629570322925007
20 0.23184500898126764 0.6206298372030958 0.033102386451116246 0.03336002135041367
22 0.8698999230177059 0.6676007472644783 0.015396458814472672 0.036562583400053375
5 0.2508339748524506 0.48638911128903123 0.024890941750064153 0.03336002135041367
12 0.6389530408006159 0.16906858820389645 0.02617397998460354 0.03229250066720043
14 0.20130869899923018 0.33293301307712836 0.03002309468822171 0.033893781692020286
22 0.7462150372081088 0.3752335201494529 0.01180395175776238 0.029890579129970642
22 0.31036694893507827 0.6257005604483586 0.01924557351809084 0.03336002135041367
22 0.4506030279702335 0.6605284227381906 0.01180395175776238 0.03362690152121697
5 0.42019502181164997 0.6243661595943422 0.025404157043879907 0.03282626100880705
14 0.8171670515781371 0.7089671737389912 0.03002309468822171 0.03282626100880705
6 0.4780600461893764 0.6647985054710435 0.03181934821657685 0.03469442220443021
10 0.40287400564536824 0.4850547104350147 0.029253271747498075 0.04029890579129971
3 0.7474980754426482 0.33453429410194824 0.02874005645368232 0.03175874032559381
13 0.6150885296381832 0.33239925273552173 0.03695150115473441 0.036028823058446756
23 0.9198101103412881 0.45623165198825727 0.03002309468822171 0.037096343741659994
1 0.17821401077752116 0.6994929276754737 0.032589171157300485 0.03095809981318388
5 0.598793944059533 0.29743795036028825 0.02386451116243264 0.0344275420336269
21 0.5800615858352579 0.2514011208967174 0.024890941750064153 0.03362690152121697
5 0.1724403387220939 0.5312249799839872 0.030792917628945343 0.03816386442487323
23 0.25917372337695666 0.663464104617027 0.034385424685655634 0.03576194288764345
22 0.42070823710546573 0.4850547104350147 0.020785219399538108 0.03282626100880705
23 0.7036181678214011 0.53789698425407 0.01693610469591994 0.03229250066720043
8 0.4997433923530921 0.5779290098745663 0.03926096997690531 0.033893781692020286
1 0.6770592763664357 0.53629570322925 0.03002309468822171 0.03549506271684014
6 0.6915576084167309 0.5828662930344275 0.02360790351552476 0.029890579129970642
10 0.7299204516294585 0.4882572724846544 0.024377726456248396 0.033893781692020286
3 0.5159096741082885 0.448225246864158 0.027970233512958687 0.028556178275954098
2 0.6307415960995638 0.07365892714171338 0.03233256351039261 0.05604483586869496
22 0.7649473954323839 0.2951694689084601 0.01180395175776238 0.03629570322925007
4 0.558763151141904 0.16559914598345343 0.03002309468822171 0.02802241793434748
21 0.7303053630998204 0.6277021617293835 0.032845778804208366 0.03949826527888978
0 0.4001796253528355 0.33613557512676806 0.026430587631511418 0.03229250066720043
5 0.4752373620733898 0.622898318654924 0.03387220939183988 0.03362690152121697
21 0.4604824223761868 0.4466239658393381 0.02745701821914293 0.03069121964238057
5 0.6435719784449576 0.3357352548705631 0.020015396458814474 0.033093141179610354
10 0.6139337952270978 0.16693354683746997 0.024890941750064153 0.0344275420336269