2 0.4419642857142857 0.46377118644067794 0.027636054421768707 0.041101694915254235
1 0.2110969387755102 0.13432203389830508 0.04889455782312925 0.04067796610169491
5 0.2074829931972789 0.5375 0.028911564625850338 0.04025423728813559
22 0.4689625850340136 0.13177966101694916 0.01870748299319728 0.030508474576271184
21 0.5335884353741497 0.18347457627118643 0.031462585034013606 0.036440677966101696
17 0.6738945578231292 0.5021186440677966 0.04591836734693877 0.0423728813559322
13 0.38477891156462585 0.19194915254237288 0.04336734693877551 0.03728813559322034
22 0.2306547619047619 0.7052966101694915 0.01998299319727891 0.04025423728813559
6 0.4755527210884354 0.5843220338983051 0.03443877551020408 0.043220338983050846
14 0.4423894557823129 0.3514830508474576 0.03443877551020408 0.04364406779661017
23 0.6511479591836734 0.1858050847457627 0.02933673469387755 0.041101694915254235
1 0.5882227891156462 0.5097457627118644 0.0429421768707483 0.03983050847457627
23 0.4487670068027211 0.13114406779661017 0.031037414965986394 0.034322033898305085
13 0.31101190476190477 0.19809322033898305 0.036139455782312924 0.041101694915254235
14 0.2740221088435374 0.6521186440677966 0.03273809523809524 0.03813559322033898
5 0.3056972789115646 0.6514830508474576 0.036564625850340135 0.039406779661016945
20 0.6420068027210885 0.561864406779661 0.04251700680272109 0.04152542372881356
22 0.18473639455782312 0.5930084745762711 0.01913265306122449 0.04025423728813559
19 0.3358843537414966 0.5264830508474576 0.0391156462585034 0.0385593220338983
22 0.26339285714285715 0.1413135593220339 0.021683673469387755 0.048728813559322036
5 0.4451530612244898 0.5811440677966101 0.04251700680272109 0.03771186440677966
21 0.24851190476190474 0.6559322033898305 0.03273809523809524 0.030508474576271184
5 0.564625850340136 0.18008474576271186 0.03316326530612245 0.03474576271186441
11 0.4264455782312925 0.7588983050847458 0.05102040816326531 0.03559322033898305
5 0.5980017006802721 0.6372881355932203 0.027636054421768707 0.03813559322033898
10 0.4190051020408163 0.5260593220338983 0.025085034013605442 0.041101694915254235
6 0.20684523809523808 0.5930084745762711 0.033588435374149656 0.03516949152542373
13 0.360969387755102 0.4120762711864407 0.04591836734693877 0.034322033898305085
3 0.4995748299319728 0.19004237288135592 0.03996598639455782 0.036016949152542374
1 0.6065051020408163 0.5692796610169492 0.04379251700680272 0.04025423728813559
21 0.5488945578231292 0.5764830508474577 0.028911564625850338 0.036016949152542374
23 0.415391156462585 0.4629237288135593 0.02976190476190476 0.04533898305084746
14 0.5612244897959183 0.23622881355932202 0.03741496598639456 0.03347457627118644
23 0.4266581632653061 0.13177966101694916 0.027636054421768707 0.03559322033898305
16 0.42495748299319724 0.40635593220338984 0.03954081632653061 0.03559322033898305
7 0.3127125850340136 0.2531779661016949 0.04889455782312925 0.030084745762711862
13 0.6243622448979591 0.23665254237288136 0.036139455782312924 0.03686440677966102
1 0.6590136054421768 0.23114406779661018 0.03571428571428571 0.04364406779661017
10 0.2786989795918367 0.7661016949152543 0.026785714285714284 0.03389830508474576
1 0.29124149659863946 0.3086864406779661 0.03741496598639456 0.0385593220338983
5 0.19770408163265304 0.31334745762711863 0.031462585034013606 0.048728813559322036
13 0.1568877551020408 0.25508474576271184 0.04251700680272109 0.03474576271186441
23 0.28316326530612246 0.5849576271186441 0.04081632653061224 0.032627118644067796
8 0.29528061224489793 0.4711864406779661 0.04974489795918367 0.03474576271186441
10 0.5737670068027211 0.573728813559322 0.026785714285714284 0.04576271186440678
1 0.22151360544217685 0.4161016949152542 0.04251700680272109 0.03728813559322034
7 0.3101615646258503 0.763135593220339 0.03869047619047619 0.03135593220338983
1 0.25616496598639454 0.361228813559322 0.04039115646258503 0.03686440677966102
16 0.36054421768707484 0.1358050847457627 0.047619047619047616 0.04364406779661017
10 0.3086734693877551 0.7040254237288135 0.031462585034013606 0.04703389830508475
17 0.7011054421768708 0.6262711864406779 0.031462585034013606 0.044915254237288135
1 0.628188775510204 0.6326271186440677 0.047193877551020405 0.04067796610169491
16 0.13392857142857142 0.42330508474576267 0.04251700680272109 0.03813559322033898
13 0.14243197278911565 0.29618644067796607 0.04336734693877551 0.03898305084745762
16 0.24022108843537415 0.5934322033898305 0.04081632653061224 0.034322033898305085
2 0.2576530612244898 0.31207627118644066 0.036564625850340135 0.04194915254237288
5 0.33482142857142855 0.7618644067796609 0.025085034013605442 0.03220338983050847
13 0.18537414965986393 0.48389830508474574 0.04251700680272109 0.03559322033898305
11 0.23341836734693877 0.19470338983050847 0.04421768707482993 0.03686440677966102
22 0.6175595238095238 0.5046610169491526 0.01913265306122449 0.03559322033898305
22 0.39179421768707484 0.46652542372881356 0.026785714285714284 0.04406779661016949
19 0.2232142857142857 0.4769067796610169 0.03401360544217687 0.03516949152542373
23 0.16985544217687074 0.19491525423728814 0.033588435374149656 0.03135593220338983
5 0.38201530612244894 0.583686440677966 0.036139455782312924 0.03771186440677966
21 0.33014455782312924 0.7023305084745762 0.026785714285714284 0.03177966101694915
13 0.414328231292517 0.5834745762711864 0.04039115646258503 0.03983050847457627
1 0.4651360544217687 0.46038135593220336 0.03571428571428571 0.034322033898305085
7 0.1758078231292517 0.6504237288135593 0.02933673469387755 0.03813559322033898
22 0.24851190476190474 0.7046610169491525 0.021683673469387755 0.03728813559322034
1 0.6228741496598639 0.18241525423728813 0.02806122448979592 0.0385593220338983
1 0.3724489795918367 0.5256355932203389 0.04421768707482993 0.04703389830508475
10 0.20960884353741496 0.08008474576271186 0.03571428571428571 0.043220338983050846
1 0.3335459183673469 0.46906779661016945 0.033588435374149656 0.03813559322033898
12 0.35905612244897955 0.7635593220338983 0.026785714285714284 0.03474576271186441
1 0.6415816326530612 0.5014830508474576 0.03571428571428571 0.039406779661016945
10 0.12988945578231292 0.5411016949152542 0.03273809523809524 0.03559322033898305
23 0.3088860544217687 0.5300847457627118 0.027636054421768707 0.036440677966101696
13 0.46237244897959184 0.1858050847457627 0.036139455782312924 0.04364406779661017
8 0.3469387755102041 0.648093220338983 0.046768707482993194 0.036016949152542374
21 0.148171768707483 0.48495762711864404 0.04124149659863945 0.03516949152542373
19 0.5695153061224489 0.6457627118644068 0.04889455782312925 0.043220338983050846
22 0.39349489795918363 0.7036016949152543 0.01998299319727891 0.03177966101694915
13 0.15752551020408162 0.5961864406779661 0.03954081632653061 0.03305084745762712
21 0.1564625850340136 0.5400423728813559 0.027210884353741496 0.03177966101694915
3 0.31760204081632654 0.13644067796610168 0.050170068027210885 0.044915254237288135
5 0.19005102040816327 0.2523305084745763 0.028911564625850338 0.03686440677966102
21 0.28358843537414963 0.5315677966101695 0.028911564625850338 0.032627118644067796
3 0.5144557823129251 0.5781779661016949 0.045068027210884355 0.041101694915254235
20 0.6647534013605442 0.6228813559322034 0.04379251700680272 0.04067796610169491
23 0.28635204081632654 0.13686440677966102 0.027636054421768707 0.03559322033898305
1 0.42155612244897955 0.18389830508474575 0.0352891156462585 0.03983050847457627
20 0.2225765306122449 0.35889830508474574 0.033588435374149656 0.0423728813559322
8 0.35119047619047616 0.3591101694915254 0.04251700680272109 0.03347457627118644
5 0.3979591836734694 0.1302966101694915 0.02976190476190476 0.041101694915254235
9 0.21683673469387754 0.251271186440678 0.03486394557823129 0.060169491525423724
14 0.5019132653061225 0.4608050847457627 0.04549319727891156 0.034322033898305085
13 0.3639455782312925 0.7008474576271186 0.03826530612244898 0.03813559322033898
20 0.20854591836734693 0.7063559322033898 0.033588435374149656 0.03474576271186441
5 0.31505102040816324 0.36101694915254234 0.02976190476190476 0.03983050847457627
8 0.17772108843537415 0.41991525423728815 0.050170068027210885 0.0423728813559322
3 0.24681122448979592 0.7705508474576271 0.03954081632653061 0.03516949152542373
13 0.7272534013605442 0.5610169491525424 0.042091836734693876 0.044915254237288135
10 0.28869047619047616 0.3625 0.03231292517006803 0.042796610169491524
5 0.37202380952380953 0.3076271186440678 0.046768707482993194 0.043220338983050846
6 0.5533588435374149 0.513771186440678 0.0429421768707483 0.039406779661016945
13 0.34375 0.07563559322033898 0.036989795918367346 0.03771186440677966
5 0.5444302721088435 0.46377118644067794 0.04634353741496598 0.0385593220338983
5 0.5191326530612245 0.5163135593220339 0.031462585034013606 0.034322033898305085
16 0.3443877551020408 0.19258474576271187 0.03486394557823129 0.03771186440677966
13 0.28061224489795916 0.07733050847457627 0.03486394557823129 0.03686440677966102
22 0.2534013605442177 0.4163135593220339 0.021258503401360544 0.039406779661016945
8 0.24404761904761904 0.5345338983050847 0.052721088435374146 0.026694915254237287
23 0.1838860544217687 0.5396186440677966 0.03018707482993197 0.032627118644067796
5 0.24766156462585034 0.2548728813559322 0.026785714285714284 0.032627118644067796
13 0.49553571428571425 0.13326271186440677 0.0352891156462585 0.04025423728813559
20 0.28039965986394555 0.41800847457627116 0.0429421768707483 0.0385593220338983
5 0.18431122448979592 0.7063559322033898 0.02423469387755102 0.03898305084745762
16 0.226828231292517 0.3059322033898305 0.04039115646258503 0.036440677966101696
20 0.48767006802721086 0.5135593220338983 0.0391156462585034 0.03220338983050847
11 0.21343537414965985 0.6586864406779661 0.03996598639455782 0.03347457627118644
5 0.38499149659863946 0.7603813559322034 0.02848639455782313 0.03686440677966102
21 0.6953656462585034 0.5608050847457627 0.026785714285714284 0.03347457627118644
10 0.24085884353741496 0.14004237288135593 0.02593537414965986 0.0385593220338983
2 0.3871173469387755 0.3561440677966102 0.027636054421768707 0.04194915254237288
7 0.7351190476190476 0.6235169491525424 0.046768707482993194 0.034322033898305085
14 0.32716836734693877 0.3063559322033898 0.03784013605442177 0.03813559322033898
6 0.27508503401360546 0.7050847457627119 0.04336734693877551 0.03474576271186441
5 0.14200680272108843 0.19745762711864406 0.03401360544217687 0.036440677966101696
10 0.27168367346938777 0.2593220338983051 0.023809523809523808 0.044915254237288135
1 0.25956632653061223 0.4758474576271186 0.03869047619047619 0.03305084745762712
7 0.2457482993197279 0.07987288135593221 0.0391156462585034 0.039406779661016945
7 0.4511054421768707 0.5186440677966102 0.04081632653061224 0.03559322033898305
1 0.1962159863945578 0.19533898305084746 0.036139455782312924 0.036440677966101696
1 0.41135204081632654 0.3516949152542373 0.03273809523809524 0.0423728813559322
7 0.3171768707482993 0.4141949152542373 0.046768707482993194 0.036016949152542374
21 0.5914115646258503 0.2375 0.027210884353741496 0.03516949152542373
16 0.27125850340136054 0.19682203389830508 0.045068027210884355 0.0385593220338983
6 0.5907738095238095 0.18072033898305084 0.03443877551020408 0.036016949152542374
8 0.3284438775510204 0.5745762711864406 0.04379251700680272 0.03983050847457627
22 0.6677295918367346 0.5635593220338982 0.023384353741496597 0.03813559322033898
22 0.3988095238095238 0.526906779661017 0.01870748299319728 0.03686440677966102