5 0.5330771800868693 0.4371382636655949 0.03441363180755095 0.03569131832797428
22 0.6558636819244905 0.37009646302250804 0.03942532576010692 0.05016077170418007
22 0.8179084530571333 0.6209003215434084 0.024056130972268625 0.043086816720257236
8 0.7499164717674573 0.49790996784565916 0.06247911794186435 0.03890675241157556
1 0.7335449381891079 0.5636655948553054 0.039091212829936516 0.043086816720257236
6 0.5379218175743401 0.49662379421221864 0.040761777480788505 0.038263665594855306
21 0.760441029067825 0.44630225080385855 0.0420982292014701 0.036655948553054665
5 0.6095890410958904 0.5538585209003215 0.042432342131640495 0.03376205787781351
5 0.6396592048112262 0.6086816720257235 0.042432342131640495 0.04180064308681672
23 0.8337788172402272 0.5620578778135048 0.029736050785165384 0.03987138263665595
21 0.5334112930170397 0.5554662379421222 0.03775476110925493 0.03376205787781351
1 0.5818576678917474 0.3130225080385852 0.036418309388573336 0.03954983922829582
3 0.61343133979285 0.4958199356913183 0.04009355162044771 0.04051446945337621
5 0.778984296692282 0.3839228295819936 0.04310056799198129 0.04051446945337621
6 0.8045439358503174 0.3242765273311897 0.04009355162044771 0.04340836012861737
21 0.6643835616438356 0.44131832797427656 0.0417641162712997 0.033118971061093246
16 0.8037086535248914 0.49903536977491963 0.045105245573003674 0.03729903536977492
1 0.7298696959572335 0.3144694533762058 0.03842298696959572 0.033440514469453377
10 0.6212829936518544 0.44549839228295823 0.03575008352823254 0.047909967845659165
13 0.7119946541931172 0.44131832797427656 0.04744403608419646 0.03376205787781351
14 0.7664550618108921 0.3184887459807074 0.035415970598062146 0.038263665594855306
21 0.8002004677581023 0.5602893890675241 0.04009355162044771 0.036334405144694534
5 0.6498496491814233 0.4938906752411576 0.04009355162044771 0.03536977491961415
3 0.7692950217173404 0.5578778135048231 0.03575008352823254 0.036655948553054665
5 0.5770130304042767 0.4937299035369775 0.04276645506181089 0.03697749196141479
22 0.7093217507517541 0.4988745980707396 0.021383227530905446 0.04019292604501608
10 0.6976277981957901 0.5667202572347267 0.03675242231874373 0.054340836012861736
17 0.8052121617106582 0.45160771704180064 0.04477113264283328 0.04469453376205788
1 0.6403274306715669 0.3139871382636656 0.03842298696959572 0.03569131832797428
22 0.6087537587704644 0.31109324758842444 0.021383227530905446 0.03697749196141479
16 0.694119612429001 0.377491961414791 0.03708653524891413 0.03536977491961415
13 0.687437353825593 0.3131832797427653 0.04911460073504845 0.03472668810289389
3 0.5701637153357835 0.5495176848874598 0.03842298696959572 0.03408360128617363
22 0.8342799866354828 0.3262057877813505 0.02071500167056465 0.03954983922829582
17 0.776478449716004 0.6247588424437299 0.038088874039425326 0.048231511254019296
6 0.5821917808219178 0.43842443729903535 0.04644169729368527 0.04019292604501608
3 0.6799198128967591 0.49437299035369775 0.03742064817908453 0.03762057877813505
12 0.8245907116605412 0.38762057877813505 0.03942532576010692 0.054983922829582
21 0.6140995656531908 0.3707395498392283 0.038088874039425326 0.04244372990353698
6 0.6538590043434681 0.554983922829582 0.05145339124624123 0.0360128617363344
11 0.5923822251921149 0.6106109324758843 0.04543935850317407 0.05144694533762058
20 0.7350484463748747 0.3784565916398714 0.0420982292014701 0.036655948553054665