14 0.19202743249035575 0.5798828941865328 0.055722246035147874 0.04224173985780008
19 0.5090012858979854 0.7879548306148055 0.050150021431633086 0.04516938519447929
17 0.8583369052721818 0.6058134671685487 0.04414916416630947 0.04809703053115851
12 0.1697385340762966 0.46821413634462566 0.03857693956279468 0.04642409033877039
21 0.3894127732533219 0.5083647009619406 0.04414916416630947 0.047260560434964446
20 0.4093441920274325 0.6252613969050607 0.05143591941705958 0.04600585529067336
17 0.5505786540934419 0.5066917607695525 0.043291898842691814 0.04140526976160602
21 0.18066866695242176 0.23212045169385193 0.04414916416630947 0.05269761606022585
10 0.20595799399914272 0.5188205771643664 0.030432918988426916 0.05144291091593475
3 0.7588941277325332 0.43768297783354243 0.046720960137162454 0.04558762024257633
1 0.11251607372481782 0.527185278126307 0.050150021431633086 0.05562526139690506
17 0.13459065580797255 0.1725219573400251 0.03857693956279468 0.04056879966541196
13 0.7132447492498928 0.4439565035549979 0.05057865409344192 0.04809703053115851
16 0.6294470638662666 0.5014638226683396 0.05100728675525075 0.04684232538686742
23 0.26125160737248176 0.459012965286491 0.030432918988426916 0.04558762024257633
1 0.10801543077582512 0.23483897950648264 0.04543506215173596 0.04976997072354663
20 0.8159022717531076 0.49268088665830195 0.06129447063866267 0.051024675867837724
11 0.1553793399057008 0.35299038059389376 0.05786540934419203 0.047678795483061476
1 0.6656665237891127 0.38958594730238394 0.0445777968281183 0.05646173149309912
5 0.8208315473639091 0.548306148055207 0.04372053150450064 0.04851526557925554
23 0.8896270895842263 0.6005855290673359 0.038148306900985855 0.04516938519447929
11 0.34547792541791683 0.6277708071936428 0.05143591941705958 0.03847762442492681
5 0.28696956708101157 0.3454621497281472 0.045006429489927134 0.044332915098285235
21 0.3165452207458208 0.5125470514429109 0.05100728675525075 0.043914680050188205
13 0.4196313759108444 0.9125888749477206 0.057436776682383194 0.060225846925972396
3 0.4560651521645949 0.6796319531576746 0.0488641234462066 0.04600585529067336
13 0.5458636948135448 0.5589711417816813 0.051864552078868406 0.04224173985780008
16 0.5936562366052293 0.38979506482643245 0.04029147021003 0.054370556252613965
17 0.48649807115302185 0.7327478042659975 0.0488641234462066 0.051024675867837724
0 0.46528075439348476 0.9069427017984106 0.043291898842691814 0.05311585110832288
13 0.0977282468924132 0.3536177331660393 0.06343763394770681 0.04558762024257633
3 0.6930990141448778 0.1618569636135508 0.04543506215173596 0.05269761606022585
11 0.2646806686669524 0.11710581346716854 0.045006429489927134 0.04182350480970305
20 0.5370767252464638 0.44312003345880385 0.04200600085726532 0.050606440819740695
20 0.7888984140591513 0.3805938937682978 0.04757822546078011 0.0493517356754496
14 0.3536219459922846 0.5112923462986199 0.04800685812258894 0.04558762024257633
5 0.14894984997856836 0.5221664575491426 0.043291898842691814 0.04893350062735257
22 0.6568795542220317 0.21706398996235884 0.02528932704672096 0.05269761606022585
22 0.6585940848692671 0.1603931409452112 0.02614659237033862 0.050606440819740695
23 0.6830261465923704 0.2166457549142618 0.036433776253750536 0.05604349644500209
8 0.5807972567509644 0.27875365955667086 0.05486498071153022 0.047260560434964446
21 0.4695670810115731 0.7929736511919698 0.04414916416630947 0.040987034713508994
10 0.3797685383626232 0.22940192388122124 0.02828975567938277 0.047260560434964446
6 0.0904414916416631 0.5842743621915516 0.04629232747535362 0.0493517356754496
19 0.6318045435062152 0.38937682977833543 0.04543506215173596 0.053534086156419906
17 0.8570510072867552 0.49142618151401085 0.03729104157736819 0.03680468423253869
10 0.1941705957993999 0.35299038059389376 0.030861551650235748 0.044332915098285235
13 0.7108872696099443 0.3864491844416562 0.053579082726103726 0.05687996654119615
13 0.33026146592370337 0.795901296528649 0.04414916416630947 0.04182350480970305
20 0.42006000857265324 0.4523212045169385 0.05057865409344192 0.04140526976160602
8 0.4757822546078011 0.3398159765788373 0.05486498071153022 0.043914680050188205
8 0.5441491641663094 0.38833124215809284 0.058722674667809685 0.047260560434964446
3 0.14273467638234033 0.23274780426599748 0.04629232747535362 0.053952321204516936
5 0.36755250750107155 0.28628189042241736 0.043291898842691814 0.04893350062735257
1 0.6755250750107158 0.44291091593475534 0.0488641234462066 0.051024675867837724
23 0.32254607801114443 0.17356754496026766 0.038148306900985855 0.04516938519447929
14 0.5610801543077583 0.7291928063571728 0.04200600085726532 0.04809703053115851
0 0.5484354907843978 0.7846089502300293 0.039862837548221175 0.05186114596403178
5 0.2372481783111873 0.5181932245922208 0.03900557222460351 0.050188205771643665
1 0.20938705529361337 0.28879130071099957 0.043291898842691814 0.050606440819740695
3 0.313544792113159 0.22919280635717273 0.039862837548221175 0.04265997490589711
7 0.21624517788255465 0.4600585529067336 0.06558079725675096 0.043496445002091176
20 0.46485212173167595 0.21999163529903806 0.053579082726103726 0.050188205771643665
20 0.8609087012430346 0.5424508573818486 0.04757822546078011 0.047678795483061476
22 0.5960137162451778 0.44604767879548307 0.02100300042863266 0.047260560434964446
19 0.5458636948135448 0.8427436219155165 0.05786540934419203 0.05269761606022585
5 0.34740677239605655 0.22814721873693014 0.04072010287183883 0.047260560434964446
3 0.44063437633947705 0.5627352572145545 0.05229318474067724 0.04140526976160602
23 0.8939134162023146 0.49665411961522377 0.034719245606515216 0.043914680050188205
1 0.11465923703386198 0.2956921790046006 0.046720960137162454 0.05269761606022585
11 0.473639091298757 0.849853617733166 0.05657951135876554 0.04851526557925554
5 0.33111873124732105 0.8542450857381848 0.04243463351907415 0.047260560434964446
5 0.5171453064723531 0.33521539104976994 0.036433776253750536 0.04809703053115851
17 0.5917273896270896 0.5531158511083228 0.046720960137162454 0.04307820995399415
16 0.396699528504072 0.1576746131325805 0.05100728675525075 0.04516938519447929
5 0.12601800257179596 0.46800501882057716 0.03771967423917703 0.04600585529067336
13 0.05915130732961851 0.5317858636553743 0.06000857265323618 0.03304056879966541
16 0.41491641663094725 0.226056043496445 0.04714959279897128 0.050606440819740695
20 0.2704672096013716 0.5131744040150564 0.05229318474067724 0.0493517356754496
16 0.5092156022288898 0.90422417398578 0.0531504500642949 0.043496445002091176
11 0.3911273039005572 0.3358427436219155 0.033004714959279896 0.037641154328732745
22 0.7134590655807972 0.6133416980342953 0.01928846978139734 0.053952321204516936
1 0.21067295327903987 0.17168548724383104 0.04243463351907415 0.043914680050188205
20 0.8182597513930562 0.6043496445002091 0.05143591941705958 0.04015056461731493
14 0.4498499785683669 0.7344207444583856 0.045006429489927134 0.0493517356754496
14 0.7162451778825546 0.5524884985361773 0.04114873553364766 0.04851526557925554
21 0.2254607801114445 0.35048097030531156 0.03600514359194171 0.04516938519447929
22 0.6742391770252893 0.12045169385194479 0.036862408915559364 0.027603513174404015
1 0.32961851693099015 0.569427017984107 0.0488641234462066 0.044751150146382264
1 0.46313759108444064 0.45127561689669593 0.050150021431633086 0.04600585529067336
20 0.5915130732961852 0.1606022584692597 0.0488641234462066 0.04851526557925554
11 0.28804114873553366 0.5721455457967377 0.05229318474067724 0.04600585529067336
3 0.3317616802400343 0.4575491426181514 0.05400771538791256 0.04516938519447929
5 0.3236176596656665 0.7417398578000837 0.02571795970852979 0.047260560434964446
13 0.060437205315045005 0.2383939774153074 0.04800685812258894 0.04516938519447929
3 0.24774967852550364 0.16959431200334588 0.04543506215173596 0.04224173985780008
21 0.7537505357908273 0.3851944792973651 0.04072010287183883 0.0493517356754496
5 0.32747535362194596 0.3458803847762442 0.0445777968281183 0.0493517356754496
13 0.32790398628375483 0.2852363028021748 0.05229318474067724 0.05520702634880803
1 0.4753536219459923 0.16290255123379338 0.0445777968281183 0.04642409033877039
17 0.3994856408058294 0.27896277708071937 0.04372053150450064 0.04265997490589711
5 0.3364766395199314 0.6900878293601004 0.03943420488641235 0.04851526557925554
13 0.1712387483926275 0.1727310748640736 0.04757822546078011 0.04182350480970305
13 0.15152164594942133 0.2948557089084065 0.05272181740248607 0.05687996654119615
10 0.2025289327046721 0.11940610623170221 0.031290184312044576 0.047260560434964446
1 0.7490355765109301 0.32643245503973234 0.045006429489927134 0.04976997072354663
22 0.5730818688384055 0.4441656210790464 0.02828975567938277 0.04851526557925554
20 0.6453064723531933 0.2781263069845253 0.043291898842691814 0.050188205771643665
12 0.555293613373339 0.336051861145964 0.039862837548221175 0.04642409033877039
22 0.6159451350192885 0.2768716018402342 0.02743249035576511 0.05520702634880803
7 0.49507072438919847 0.5593893768297783 0.05657951135876554 0.03889585947302384
15 0.24817831118731246 0.2892095357590966 0.05229318474067724 0.04893350062735257
21 0.5225032147449635 0.1645754914261815 0.04372053150450064 0.04224173985780008
5 0.8994856408058294 0.5395232120451694 0.046720960137162454 0.043496445002091176
20 0.4702100300042863 0.5100376411543287 0.0531504500642949 0.050606440819740695
3 0.5499357051007286 0.6200334588038477 0.0445777968281183 0.050606440819740695
8 0.7850407201028718 0.32266833960685903 0.04243463351907415 0.05311585110832288
23 0.5580797256750964 0.897741530740276 0.0488641234462066 0.047260560434964446
14 0.4354907843977711 0.1589293182768716 0.04714959279897128 0.04516938519447929
19 0.5411487355336476 0.2233375156838143 0.046720960137162454 0.0493517356754496
23 0.5068581225889413 0.6231702216645755 0.043291898842691814 0.04851526557925554
22 0.1853836262323189 0.2933918862400669 0.029575653664809257 0.059807611877875366
13 0.7398199742820403 0.6104140526976161 0.0488641234462066 0.04809703053115851
5 0.6806686669524218 0.555207026348808 0.04543506215173596 0.047260560434964446
19 0.3664809258465495 0.568172312839816 0.04972138876982426 0.047260560434964446
14 0.7171024432061723 0.32685069008782935 0.03857693956279468 0.043914680050188205
0 0.6731675953707672 0.500836470096194 0.046720960137162454 0.04893350062735257
17 0.40141448778396915 0.5641990798828942 0.04414916416630947 0.04600585529067336
1 0.5897985426489498 0.3314512756168967 0.04372053150450064 0.04642409033877039
23 0.6262323189027004 0.3327059807611878 0.04286326618088298 0.04642409033877039
17 0.4972138876982426 0.4493935591802593 0.0488641234462066 0.044751150146382264
1 0.28289755679382766 0.2302383939774153 0.04372053150450064 0.047260560434964446
5 0.7111015859408487 0.4964450020911752 0.036862408915559364 0.04265997490589711
7 0.2516073724817831 0.6332078628189042 0.06600942991855979 0.03931409452112087
5 0.8861980282897557 0.4372647427854454 0.050150021431633086 0.053952321204516936
11 0.15409344192027433 0.6390631534922626 0.053579082726103726 0.04851526557925554
23 0.20960137162451778 0.6327896277708072 0.03000428632661809 0.03847762442492681
23 0.25396485212173164 0.34755332496863234 0.03386198028289756 0.04851526557925554
11 0.6360908701243034 0.5554161438728565 0.05229318474067724 0.04516938519447929
21 0.7841834547792541 0.49372647427854455 0.028718388341191597 0.05311585110832288
5 0.5070724389198457 0.21831869510664992 0.03943420488641235 0.04600585529067336
13 0.48414059151307326 0.2785445420326223 0.050150021431633086 0.05186114596403178
5 0.4288469781397342 0.33877038895859474 0.039862837548221175 0.04851526557925554
13 0.6232318902700386 0.2193642827268925 0.05143591941705958 0.04893350062735257
22 0.1810972996142306 0.5213299874529486 0.028718388341191597 0.050606440819740695
5 0.30240034290612944 0.6363446256796319 0.039862837548221175 0.04056879966541196
12 0.9374196313759108 0.5420326223337516 0.036862408915559364 0.05186114596403178
5 0.4312044577796828 0.8515265579255541 0.04200600085726532 0.05186114596403178
22 0.5128589798542649 0.8471350899205353 0.02357479639948564 0.05813467168548724
17 0.4942134590655808 0.38937682977833543 0.05229318474067724 0.043496445002091176
23 0.7831118731247321 0.5514429109159348 0.03857693956279468 0.04809703053115851
14 0.46035147878268323 0.3950230029276453 0.035147878268324044 0.04809703053115851
3 0.5282897556793827 0.733375156838143 0.043291898842691814 0.047260560434964446
3 0.1693099014144878 0.11626934337097448 0.04200600085726532 0.040987034713508994
5 0.6279468495499357 0.15955667084901715 0.04029147021003 0.050606440819740695
14 0.5870124303471924 0.5075282308657465 0.043291898842691814 0.03889585947302384
5 0.68495499357051 0.3274780426599749 0.03771967423917703 0.04265997490589711
16 0.5642948992713245 0.11438728565453785 0.04243463351907415 0.03304056879966541
3 0.6545220745820831 0.32580510246758676 0.036862408915559364 0.04182350480970305
5 0.4534933561937419 0.6240066917607695 0.05143591941705958 0.043496445002091176
6 0.22374624946420918 0.23316603931409452 0.055722246035147874 0.04558762024257633
21 0.5055722246035148 0.5081555834378921 0.028718388341191597 0.03680468423253869
21 0.4303471924560651 0.396905060644082 0.03857693956279468 0.0493517356754496
22 0.19181311615945135 0.6390631534922626 0.0244320617231033 0.050188205771643665
5 0.6832404629232748 0.27059807611877873 0.04114873553364766 0.047678795483061476
3 0.7492498928418345 0.4968632371392723 0.04629232747535362 0.04265997490589711
21 0.28696956708101157 0.28732747804265996 0.03900557222460351 0.043496445002091176
23 0.9258465495070725 0.5991217063989962 0.04114873553364766 0.043914680050188205
23 0.6821688812687526 0.6110414052697616 0.043291898842691814 0.0493517356754496
13 0.1262323189027004 0.11961522375575073 0.053579082726103726 0.047678795483061476
21 0.49099871410201457 0.6808866583019657 0.039862837548221175 0.04265997490589711
10 0.07693956279468496 0.30050188205771644 0.04243463351907415 0.050606440819740695
1 0.3778396913844835 0.918025930572982 0.038148306900985855 0.04516938519447929
10 0.2520360051435919 0.2302383939774153 0.03257608229747107 0.04976997072354663
17 0.3722674667809687 0.6831869510664994 0.051864552078868406 0.050606440819740695
17 0.5580797256750964 0.15955667084901715 0.04543506215173596 0.05311585110832288
1 0.37591084440634376 0.7979924717691342 0.0488641234462066 0.04265997490589711
6 0.44106300900128587 0.2837724801338352 0.0531504500642949 0.05562526139690506
16 0.5327903986283755 0.2814721873693015 0.05229318474067724 0.05771643663739021
22 0.23017573939134162 0.11752404851526557 0.02400342906129447 0.040987034713508994
20 0.09965709387055294 0.1723128398159766 0.046720960137162454 0.04015056461731493
5 0.2946849549935705 0.4615223755750732 0.03900557222460351 0.043914680050188205
1 0.7923274753536219 0.4370556252613969 0.043291898842691814 0.043496445002091176
16 0.2398199742820403 0.5725637808448347 0.05100728675525075 0.04851526557925554
7 0.1395199314187741 0.5798828941865328 0.0690098585512216 0.04224173985780008
13 0.4136305186455208 0.6798410706817231 0.04200600085726532 0.05144291091593475
3 0.5355765109301328 0.6758678377248013 0.04929275610801543 0.040987034713508994
1 0.3707672524646378 0.45441237975742366 0.0488641234462066 0.037222919280635716
21 0.41170167166738103 0.7409033877038895 0.039862837548221175 0.04642409033877039
21 0.28696956708101157 0.17084901714763698 0.034719245606515216 0.04642409033877039
16 0.08358336905272182 0.4673776662484316 0.04714959279897128 0.04140526976160602
8 0.8345477925417917 0.4343370974487662 0.05915130732961851 0.047260560434964446
11 0.3707672524646378 0.7452948557089084 0.05829404200600086 0.04600585529067336
11 0.628589798542649 0.4443747386030949 0.05272181740248607 0.047260560434964446
1 0.09429918559794256 0.4138435800920117 0.04800685812258894 0.047260560434964446
5 0.5829404200600086 0.21978251777498953 0.04286326618088298 0.053952321204516936
17 0.4277753964852122 0.5123379339188624 0.04800685812258894 0.050188205771643665
11 0.42477496785255037 0.8005018820577164 0.05486498071153022 0.04516938519447929
21 0.7786112301757394 0.6112505227938101 0.03557651093013287 0.053952321204516936
4 0.07972567509644235 0.6327896277708072 0.04200600085726532 0.04182350480970305
21 0.11144449207029575 0.6396905060644081 0.04114873553364766 0.047260560434964446
17 0.7513930561508787 0.5520702634880803 0.04114873553364766 0.050188205771643665
13 0.3870552936133733 0.8544542032622333 0.061723103300471496 0.05771643663739021