212 0.7062085593731163 0.713941598662865 0.01687763713080169 0.02487464359453348
212 0.6180831826401447 0.2881722544489234 0.013743218806509945 0.021433487366040706
119 0.4706449668474985 0.30734441057909745 0.04388185654008439 0.022220037361124767
119 0.45406871609403254 0.35940418837872384 0.018203737191078963 0.027234293579785667
100 0.6718505123568415 0.12481565234490218 0.02121760096443641 0.029004031068724807
100 0.7707052441229657 0.7722446170484711 0.021940928270042195 0.03156031855274801
23 0.6537070524412297 0.6605053583718415 0.026883664858348404 0.023989774850063907
59 0.7031946955997589 0.4485301346966867 0.03496081977094635 0.02536623734146102
23 0.6155515370705245 0.5535837184151018 0.026280892103676914 0.022908268606823323
212 0.8230259192284509 0.5752630026546063 0.01567209162145871 0.02752924982794219
7 0.694695599758891 0.4204601317471242 0.03628691983122363 0.022318356110510276
150 0.7938517179023509 0.6027922524825484 0.030620855937311633 0.022416674859895784
119 0.7290536467751658 0.6579490708878183 0.03508137432188065 0.024972962343918985
119 0.7232067510548523 0.23296627666896078 0.0325497287522604 0.020941893619113167
201 0.6043399638336348 0.4485301346966867 0.030138637733574444 0.023399862353750862
161 0.7488848704038578 0.528168321698948 0.0325497287522604 0.02792252482548422
14 0.7278481012658228 0.39248844754694723 0.030018083182640147 0.02438304984760594
23 0.559915611814346 0.49965588437715075 0.028812537673297167 0.021826762363582736
119 0.6730560578661845 0.09571330252679186 0.025557564798071128 0.022711631108052306
14 0.6246534056660639 0.5833742994789106 0.033152501506931886 0.024481368596991446
119 0.7963230861965039 0.7132042080424738 0.034358047016274866 0.028512437321797268
212 0.7084388185654009 0.7422082391111985 0.0162748643761302 0.022416674859895784
186 0.7284508740204944 0.7126634549208535 0.031223628691983123 0.024481368596991446
201 0.7516576250753466 0.36525415396716154 0.025075346594333938 0.021826762363582736
201 0.7263411693791441 0.5513223871792351 0.026280892103676914 0.02035198112280012
161 0.6666063893911995 0.4467112378330548 0.03821579264617239 0.0238914561006784
8 0.7000000000000001 0.6592272146298299 0.03194695599758891 0.023399862353750862
225 0.7704038577456299 0.4194769442532691 0.030018083182640147 0.02035198112280012
8 0.6693188667872212 0.7431914266050537 0.02435201928872815 0.021433487366040706
120 0.7040988547317661 0.36525415396716154 0.02374924653405666 0.021826762363582736
119 0.8007233273056058 0.7431914266050537 0.034478601567209166 0.02438304984760594
100 0.6761904761904762 0.6633074427293285 0.02435201928872815 0.030577131058892933
23 0.5306811332127788 0.3331039229181005 0.026280892103676914 0.02123684986726969
45 0.7353224834237493 0.7681643889489725 0.04135021097046414 0.022416674859895784
23 0.6605786618444847 0.3154065480287091 0.022543701024713685 0.021826762363582736
14 0.7000000000000001 0.7678694327008161 0.033152501506931886 0.021826762363582736
7 0.6347197106690777 0.44877593157015044 0.029415310427968657 0.0238914561006784
225 0.588245931283906 0.4739946907875332 0.02374924653405666 0.02575951233900305
8 0.6772151898734178 0.5266443810834727 0.025678119349005425 0.022908268606823323
45 0.6023508137432189 0.18075902074525613 0.0218203737191079 0.023301543604365354
161 0.5689572031344183 0.6116900993019369 0.031223628691983123 0.02802084357486973
100 0.708499095840868 0.3154065480287091 0.01567209162145871 0.024972962343918985
119 0.6593731163351417 0.6048077868449514 0.033152501506931886 0.021335168616655197
119 0.6391199517781796 0.5284141185724118 0.033152501506931886 0.024481368596991446
23 0.6796865581675708 0.3664831383344804 0.02748643761301989 0.021335168616655197
14 0.6705846895720313 0.3423458853603382 0.026883664858348404 0.024972962343918985
111 0.6668474984930681 0.20725592370465049 0.022543701024713685 0.021826762363582736
23 0.4812537673297167 0.361173925867663 0.0325497287522604 0.022711631108052306
225 0.6215189873417721 0.20902566119358962 0.02808921036769138 0.022416674859895784
212 0.7054249547920435 0.5500442434372235 0.013140446051838457 0.020941893619113167
119 0.5808921036769138 0.5551568184052699 0.034358047016274866 0.0238914561006784
177 0.6978300180831827 0.15254153967161538 0.03194695599758891 0.022318356110510276
14 0.8154309825195901 0.6577032740143546 0.02748643761301989 0.024481368596991446
33 0.782579867389994 0.15131255530429655 0.028812537673297167 0.025956149837774063
8 0.5974683544303798 0.5844066463474585 0.02869198312236287 0.02438304984760594
23 0.6499095840867993 0.7691475764428277 0.02435201928872815 0.023399862353750862
201 0.6081374321880652 0.5286599154458755 0.028812537673297167 0.021826762363582736
100 0.6896323086196504 0.7422082391111985 0.021338155515370705 0.023399862353750862
201 0.4722121760096444 0.2508602890571232 0.0380952380952381 0.02625110608593059
8 0.6652802893309223 0.28792645757545965 0.024472573839662448 0.020941893619113167
212 0.693128390596745 0.12402910234981812 0.01241711874623267 0.024481368596991446
8 0.5109704641350211 0.28237144823517846 0.025678119349005425 0.02477632484514797
212 0.5294755877034358 0.3094091043161931 0.014948764315852923 0.02123684986726969
23 0.4602772754671489 0.2813882607413234 0.029415310427968657 0.028709074820568285
8 0.6251959011452682 0.6099203618129978 0.026280892103676914 0.021335168616655197
119 0.6493068113321279 0.36800707894995577 0.030620855937311633 0.023399862353750862
161 0.7535864978902954 0.5795398682528758 0.030620855937311633 0.0238914561006784
201 0.6618444846292948 0.6338118179136761 0.029415310427968657 0.024481368596991446
119 0.6412296564195299 0.3413135384917904 0.030620855937311633 0.022908268606823323
119 0.6486437613019892 0.5555009340281192 0.025678119349005425 0.023203224854979845
23 0.6540084388185654 0.5799823026251106 0.026280892103676914 0.02575951233900305
119 0.7498493068113321 0.4991642906302232 0.03688969258589512 0.025956149837774063
7 0.5709463532248342 0.582489430734441 0.026280892103676914 0.02605446858715957
212 0.6975286317058469 0.18002163012486483 0.011332127787823991 0.022416674859895784
119 0.7084388185654009 0.2627076983580769 0.034358047016274866 0.023399862353750862
225 0.4875226039783002 0.2818798544882509 0.026280892103676914 0.02477632484514797
161 0.7716094032549728 0.741913282863042 0.02374924653405666 0.024972962343918985
8 0.6900542495479205 0.6055943368400354 0.029415310427968657 0.021925081112968245
150 0.7154309825195901 0.4978861468882116 0.03194695599758891 0.02438304984760594
8 0.5594936708860759 0.4729623439189854 0.0325497287522604 0.026841018582243636
119 0.7585895117540687 0.5526005309212467 0.03942133815551537 0.0238914561006784
23 0.6634719710669078 0.4762560220233999 0.034358047016274866 0.023989774850063907
119 0.7200723327305606 0.17953003637793727 0.03134418324291742 0.021433487366040706
225 0.6490054249547921 0.26221610461114936 0.0218203737191079 0.020450299872185627
14 0.5796262808921037 0.5297414216891161 0.0270042194092827 0.025956149837774063
225 0.8085593731163352 0.20366728935207945 0.02820976491862568 0.022908268606823323
119 0.501627486437613 0.3343820666601121 0.0270042194092827 0.02477632484514797
45 0.7310427968655817 0.4199685380001967 0.04002411091018686 0.02035198112280012
212 0.5571428571428572 0.5299872185625799 0.019409282700421943 0.025464556090846524
107 0.6302591922845088 0.1547537115327893 0.0325497287522604 0.019663749877101563
59 0.6889089813140447 0.5791957526300265 0.05075346594333936 0.028709074820568285
8 0.7596745027124774 0.6579490708878183 0.03628691983122363 0.021826762363582736
14 0.625919228450874 0.4747320814079245 0.03568414707655214 0.02487464359453348
225 0.7094032549728753 0.12280011798249926 0.024954792043399638 0.025956149837774063
120 0.7075346594333937 0.20671517058303018 0.018806509945750453 0.021925081112968245
8 0.6690777576853526 0.1543112771605545 0.02820976491862568 0.021925081112968245
119 0.8405063291139241 0.15254153967161538 0.02820976491862568 0.024481368596991446
8 0.6580470162748644 0.7141873955363288 0.03194695599758891 0.028512437321797268
119 0.6956600361663653 0.3919476944253269 0.034358047016274866 0.021335168616655197
201 0.6839662447257384 0.7144823517844854 0.030018083182640147 0.020843574869727658
201 0.7254370102471368 0.578310883885557 0.026883664858348404 0.022416674859895784
201 0.7541289933694997 0.20445383934716352 0.025678119349005425 0.022318356110510276
14 0.6284508740204943 0.5019663749877101 0.030620855937311633 0.023498181103136367
8 0.6761904761904762 0.5526988496706322 0.03568414707655214 0.022711631108052306
8 0.6430379746835443 0.20774751745157802 0.02001205545509343 0.020843574869727658
7 0.6442435201928873 0.7457477140890768 0.029415310427968657 0.021433487366040706
100 0.5840265220012055 0.5047192999705044 0.0218203737191079 0.029004031068724807
107 0.7194695599758891 0.525366237341461 0.030138637733574444 0.026447743584701602
14 0.5057263411693792 0.3081309605741815 0.026280892103676914 0.023793137351292893
119 0.6411693791440627 0.2889588044440075 0.028812537673297167 0.020843574869727658
120 0.6245931283905968 0.3138826074132337 0.02314647377938517 0.0238914561006784
212 0.6559373116335142 0.502212171861174 0.01567209162145871 0.021826762363582736
8 0.6546714888487041 0.12280011798249926 0.0218203737191079 0.025956149837774063
14 0.7494273658830621 0.741716645364271 0.02808921036769138 0.023399862353750862
212 0.7429174201326101 0.6050535837184151 0.017480409885473176 0.020843574869727658
8 0.6031344183242917 0.4997050437518435 0.026280892103676914 0.0238914561006784
8 0.5526823387582881 0.5571723527676729 0.03194695599758891 0.02792252482548422
212 0.6433996383363472 0.31412840428669747 0.01567209162145871 0.02438304984760594
225 0.6765521398432791 0.18002163012486483 0.02820976491862568 0.020450299872185627
201 0.7335141651597348 0.31565234490217287 0.026883664858348404 0.022318356110510276
23 0.629957805907173 0.1802674269983286 0.030018083182640147 0.022908268606823323
212 0.4962628089210368 0.25258086717136957 0.0162748643761302 0.02575951233900305
8 0.7294153104279687 0.20597777996263889 0.024954792043399638 0.021433487366040706
201 0.8119951778179627 0.15077180218267625 0.028812537673297167 0.0238914561006784
8 0.5707655213984328 0.6382853210107168 0.02760699216395419 0.02123684986726969
225 0.6727546714888487 0.2349818110313637 0.025678119349005425 0.020843574869727658
225 0.6018083182640145 0.6101661586864615 0.02820976491862568 0.022809949857437815
150 0.6740204942736588 0.26324845147969717 0.030620855937311633 0.026447743584701602
8 0.7266425557564798 0.3662373414610166 0.021338155515370705 0.024972962343918985
201 0.6605786618444847 0.3939632287877298 0.026883664858348404 0.023399862353750862
201 0.753827606992164 0.39371743191426606 0.030620855937311633 0.022908268606823323
225 0.6521398432790838 0.1797266738767083 0.024472573839662448 0.01986038737587258
119 0.5414707655213985 0.5838167338511454 0.03025919228450874 0.02536623734146102
23 0.6868595539481616 0.20725592370465049 0.024954792043399638 0.021826762363582736
8 0.5438818565400844 0.6122308524235572 0.02374924653405666 0.031068724805820472
150 0.5232067510548524 0.25435060466030873 0.03496081977094635 0.02929898731688133
8 0.8055455093429778 0.5772785370170092 0.02314647377938517 0.024481368596991446
161 0.7794454490657022 0.20420804247369975 0.028812537673297167 0.021826762363582736
225 0.6499698613622664 0.23449021728443614 0.021338155515370705 0.01986038737587258
14 0.5075346594333936 0.36215711336151807 0.03375527426160338 0.026841018582243636
225 0.6248945147679326 0.2617245108642218 0.02374924653405666 0.021433487366040706
225 0.6352622061482821 0.3939632287877298 0.022543701024713685 0.022416674859895784
186 0.7654008438818566 0.6051027430931079 0.02869198312236287 0.021925081112968245
23 0.6293550331525015 0.23449021728443614 0.030018083182640147 0.020843574869727658
225 0.7829415310427968 0.577524333890473 0.026883664858348404 0.020843574869727658
150 0.6277275467148885 0.6354832366532298 0.02748643761301989 0.023694818601907384
225 0.6768535262206149 0.7678694327008161 0.026883664858348404 0.024972962343918985
225 0.6887281494876432 0.6335660210402124 0.030620855937311633 0.023989774850063907
150 0.761904761904762 0.712171861173926 0.03568414707655214 0.024481368596991446
225 0.6959614225437011 0.2884180513223872 0.03568414707655214 0.022908268606823323
23 0.6224834237492466 0.36751548520302824 0.033152501506931886 0.022416674859895784
225 0.7782399035563593 0.36471340084554127 0.030741410488245934 0.021925081112968245
45 0.7397830018083182 0.44774358470160264 0.03821579264617239 0.024972962343918985
225 0.8223025919228452 0.6027922524825484 0.026280892103676914 0.023399862353750862
161 0.7890898131404461 0.6594730115032937 0.03628691983122363 0.02802084357486973
201 0.7194695599758891 0.60407039622456 0.029415310427968657 0.0188771998820175
212 0.6966244725738396 0.525366237341461 0.011934900542495479 0.025464556090846524
7 0.6855937311633514 0.31516075115524533 0.02748643761301989 0.02035198112280012
119 0.6828209764918626 0.49965588437715075 0.03568414707655214 0.0188771998820175
14 0.5761904761904763 0.4474977878281388 0.028812537673297167 0.024481368596991446
201 0.6981314044605184 0.34288663848195855 0.02435201928872815 0.022908268606823323
225 0.7274864376130199 0.7414216891161145 0.024472573839662448 0.024972962343918985
8 0.6956600361663653 0.23449021728443614 0.02374924653405666 0.021826762363582736