186 0.44958639705882353 0.5965686274509804 0.021783088235294117 0.02696078431372549
225 0.42302389705882354 0.5297794117647059 0.014246323529411764 0.025
8 0.4381893382352941 0.5275122549019607 0.0171875 0.025612745098039215
14 0.41613051470588236 0.5982230392156863 0.023805147058823528 0.023651960784313725
100 0.5403033088235294 0.6021446078431373 0.01369485294117647 0.035416666666666666
225 0.49572610294117647 0.5284926470588235 0.014613970588235294 0.022426470588235294
161 0.46911764705882353 0.5995710784313726 0.02022058823529412 0.031495098039215685
33 0.49471507352941174 0.560171568627451 0.019761029411764705 0.026225490196078432
225 0.5689338235294118 0.5614583333333333 0.014154411764705882 0.026348039215686275
23 0.43285845588235294 0.5966299019607844 0.01369485294117647 0.025612745098039215
23 0.4326286764705882 0.4306985294117647 0.013235294117647059 0.024877450980392155
23 0.41034007352941176 0.530453431372549 0.013143382352941177 0.028799019607843136
150 0.39512867647058825 0.532781862745098 0.016176470588235292 0.025612745098039215
23 0.4301011029411765 0.5634191176470588 0.0171875 0.024877450980392155
225 0.4455422794117647 0.5643995098039215 0.015716911764705882 0.021691176470588235
201 0.3978860294117647 0.46574754901960785 0.016727941176470588 0.029534313725490195
161 0.49090073529411765 0.4641544117647059 0.016176470588235292 0.028799019607843136
14 0.5079963235294117 0.5264093137254902 0.016176470588235292 0.025122549019607844
100 0.5423713235294118 0.49466911764705884 0.014705882352941176 0.029534313725490195
107 0.5221047794117647 0.5976102941176471 0.023805147058823528 0.027573529411764705
14 0.41792279411764705 0.4319852941176471 0.02022058823529412 0.026225490196078432
119 0.50078125 0.5962622549019608 0.023805147058823528 0.027573529411764705
177 0.5370404411764705 0.5284926470588235 0.02022058823529412 0.023651960784313725
8 0.48230698529411764 0.49528186274509806 0.019209558823529413 0.025612745098039215
161 0.48359375 0.43063725490196075 0.015716911764705882 0.026225490196078432
23 0.4660845588235294 0.43167892156862747 0.017279411764705883 0.025612745098039215
59 0.45831801470588235 0.5270833333333333 0.021599264705882353 0.02426470588235294
212 0.5221047794117647 0.5261642156862745 0.01369485294117647 0.025612745098039215
201 0.4318474264705882 0.49528186274509806 0.015716911764705882 0.025612745098039215
107 0.5121783088235294 0.49399509803921565 0.021231617647058824 0.02426470588235294
161 0.5109375 0.5643995098039215 0.01875 0.033455882352941176
23 0.4830422794117647 0.5284926470588235 0.011672794117647059 0.024877450980392155
100 0.4625459558823529 0.4661151960784314 0.014246323529411764 0.027573529411764705
107 0.4465533088235294 0.46317401960784316 0.023805147058823528 0.025612745098039215
45 0.5585477941176471 0.5946691176470588 0.022794117647058822 0.025612745098039215
14 0.44885110294117647 0.4322916666666667 0.019209558823529413 0.029534313725490195
119 0.5314797794117647 0.564093137254902 0.026378676470588235 0.025
177 0.5025735294117647 0.4323529411764706 0.018198529411764707 0.030882352941176472
33 0.4108455882352941 0.46286764705882355 0.016176470588235292 0.026225490196078432
77 0.4645680147058823 0.5627450980392157 0.025275735294117647 0.03676470588235294
23 0.5089154411764706 0.4644607843137255 0.014705882352941176 0.028186274509803922
45 0.5758272058823529 0.5272058823529412 0.024816176470588234 0.02230392156862745
8 0.5284007352941177 0.49338235294117644 0.016176470588235292 0.02303921568627451
186 0.41613051470588236 0.495343137254902 0.019761029411764705 0.02696078431372549
201 0.42683823529411763 0.4641544117647059 0.014705882352941176 0.024877450980392155
212 0.4818014705882353 0.5628063725490196 0.01011029411764706 0.024877450980392155
23 0.5527573529411764 0.5611519607843137 0.016176470588235292 0.02696078431372549
107 0.5894761029411765 0.5621323529411765 0.020863970588235293 0.026225490196078432
8 0.3996783088235294 0.4962622549019608 0.0203125 0.027573529411764705
201 0.40197610294117647 0.4329656862745098 0.012591911764705883 0.02034313725490196
8 0.5552849264705882 0.4907475490196078 0.0171875 0.025612745098039215
14 0.5780790441176471 0.5966299019607844 0.022334558823529412 0.033455882352941176
201 0.4769761029411765 0.46188725490196075 0.014613970588235294 0.02034313725490196
14 0.4663143382352941 0.4959558823529412 0.019761029411764705 0.02696078431372549
100 0.5651194852941176 0.49638480392156864 0.021231617647058824 0.035416666666666666
186 0.4110753676470588 0.5637867647058823 0.023805147058823528 0.025612745098039215
23 0.4828125 0.5965686274509804 0.014154411764705882 0.028186274509803922
119 0.45114889705882355 0.49436274509803924 0.021783088235294117 0.026225490196078432
201 0.5552849264705882 0.5297794117647059 0.0171875 0.02230392156862745