23 0.2935510887772194 0.7017316017316018 0.0695142378559464 0.08225108225108226
212 0.266750418760469 0.4458874458874459 0.03098827470686767 0.07792207792207792
201 0.228643216080402 0.44632034632034634 0.05695142378559464 0.08051948051948052
45 0.8383584589614741 0.8554112554112554 0.11055276381909548 0.070995670995671
100 0.7751256281407035 0.6125541125541125 0.05443886097152429 0.08225108225108226
23 0.34966499162479064 0.8264069264069264 0.07956448911222781 0.07878787878787878
201 0.25586264656616414 0.08874458874458875 0.0678391959798995 0.08398268398268398
23 0.7897822445561139 0.7277056277056277 0.06867671691792294 0.07012987012987013
201 0.88107202680067 0.22597402597402597 0.06365159128978225 0.07272727272727272
119 0.7529313232830821 0.4658008658008658 0.07370184254606366 0.06926406926406926
177 0.17504187604690116 0.2064935064935065 0.06197654941373534 0.07705627705627706
45 0.4317420435510888 0.3168831168831169 0.08626465661641541 0.070995670995671
201 0.7688442211055276 0.9363636363636364 0.07035175879396985 0.0632034632034632
8 0.7060301507537688 0.6060606060606061 0.08375209380234507 0.06926406926406926
23 0.5757956448911223 0.6112554112554113 0.05108877721943049 0.07792207792207792
119 0.31700167504187604 0.09350649350649351 0.07788944723618091 0.08484848484848485
8 0.7504187604690118 0.8636363636363636 0.06532663316582915 0.07532467532467532
59 0.2684254606365159 0.5645021645021645 0.0745393634840871 0.08138528138528138
59 0.8525963149078727 0.47099567099567097 0.09547738693467336 0.070995670995671
59 0.4489112227805695 0.1748917748917749 0.10217755443886098 0.06060606060606061
23 0.8865159128978225 0.6099567099567099 0.0695142378559464 0.07878787878787878
14 0.8923785594639866 0.3502164502164502 0.0829145728643216 0.07878787878787878
119 0.611390284757119 0.9523809523809523 0.06197654941373534 0.06926406926406926
177 0.114321608040201 0.5774891774891775 0.0812395309882747 0.08311688311688312
201 0.9212730318257957 0.7281385281385281 0.05862646566164154 0.07272727272727272
212 0.18216080402010051 0.44935064935064933 0.032663316582914576 0.06926406926406926
150 0.7650753768844222 0.3502164502164502 0.07118927973199331 0.06666666666666667
23 0.7529313232830821 0.23376623376623376 0.08207705192629816 0.070995670995671
119 0.13149078726968175 0.4510822510822511 0.07035175879396985 0.0658008658008658
59 0.8588777219430486 0.7277056277056277 0.0695142378559464 0.07878787878787878
8 0.6796482412060302 0.7303030303030303 0.076214405360134 0.08225108225108226
7 0.36432160804020103 0.6978354978354978 0.06700167504187604 0.07445887445887446
212 0.42294807370184256 0.6883116883116883 0.04690117252931324 0.0761904761904762
144 0.5636515912897823 0.8558441558441559 0.07202680067001675 0.08225108225108226
225 0.33500837520938026 0.19437229437229436 0.04522613065326633 0.06493506493506493
100 0.23031825795644892 0.21385281385281385 0.04522613065326633 0.08311688311688312
212 0.30067001675041877 0.16147186147186146 0.021775544388609715 0.05974025974025974
212 0.3974036850921273 0.8324675324675325 0.032663316582914576 0.09437229437229437
33 0.6201842546063652 0.7255411255411255 0.0745393634840871 0.09004329004329004
33 0.34212730318257956 0.4471861471861472 0.07956448911222781 0.07878787878787878
23 0.3371021775544389 0.5575757575757576 0.06448911222780569 0.06926406926406926
120 0.24078726968174205 0.3307359307359307 0.0728643216080402 0.070995670995671
107 0.8245393634840871 0.3445887445887446 0.05611390284757119 0.06233766233766234
23 0.1771356783919598 0.7073593073593074 0.0728643216080402 0.06926406926406926
23 0.6323283082077052 0.8562770562770563 0.07035175879396985 0.08831168831168831
161 0.18174204355108878 0.3359307359307359 0.05695142378559464 0.08138528138528138
111 0.8283082077051926 0.6099567099567099 0.05695142378559464 0.07532467532467532
225 0.695142378559464 0.8649350649350649 0.06700167504187604 0.08138528138528138
212 0.6712730318257957 0.48138528138528136 0.036013400335008376 0.08484848484848485
23 0.11976549413735343 0.8415584415584415 0.06030150753768844 0.06926406926406926
14 0.6850921273031826 0.23939393939393938 0.06197654941373534 0.07186147186147186
100 0.8207705192629816 0.23809523809523808 0.05862646566164154 0.08831168831168831
100 0.23492462311557788 0.7121212121212122 0.052763819095477386 0.07878787878787878
45 0.42797319932998323 0.4497835497835498 0.10050251256281408 0.08398268398268398
186 0.18802345058626466 0.8432900432900433 0.11139028475711893 0.07445887445887446
119 0.2068676716917923 0.08225108225108226 0.03685092127303183 0.06926406926406926
119 0.4041038525963149 0.5554112554112554 0.0695142378559464 0.08051948051948052
212 0.7328308207705193 0.7251082251082251 0.03685092127303183 0.07878787878787878
212 0.9267169179229481 0.47359307359307357 0.049413735343383586 0.08831168831168831
225 0.35887772194304857 0.3181818181818182 0.0695142378559464 0.07186147186147186
23 0.06323283082077052 0.45584415584415583 0.059463986599664995 0.0632034632034632
201 0.19095477386934673 0.5835497835497836 0.06867671691792294 0.07965367965367966
8 0.28098827470686766 0.19004329004329004 0.0678391959798995 0.0735930735930736
119 0.628140703517588 0.6147186147186147 0.06197654941373534 0.08484848484848485
186 0.26884422110552764 0.8376623376623377 0.09715242881072027 0.08571428571428572
161 0.29522613065326636 0.3268398268398268 0.059463986599664995 0.08051948051948052
100 0.6298157453936348 0.48484848484848486 0.05025125628140704 0.08138528138528138
186 0.7014237855946399 0.9445887445887445 0.05611390284757119 0.070995670995671
33 0.6867671691792295 0.35584415584415585 0.06365159128978225 0.07965367965367966
14 0.9158291457286433 0.8458874458874459 0.04271356783919598 0.0761904761904762