212 0.175 0.5357981220657277 0.023076923076923078 0.028560250391236306
150 0.20096153846153847 0.2930359937402191 0.04269230769230769 0.03286384976525822
23 0.3384615384615385 0.21557120500782473 0.01769230769230769 0.0297339593114241
8 0.4325 0.5733568075117371 0.021923076923076924 0.030907668231611896
59 0.26403846153846156 0.10211267605633803 0.031153846153846153 0.03442879499217527
225 0.29538461538461536 0.10661189358372457 0.027692307692307693 0.028560250391236306
201 0.44326923076923075 0.8258998435054773 0.022692307692307692 0.026604068857589987
8 0.485 0.9778951486697965 0.03 0.029342723004694836
23 0.4757692307692308 0.5715962441314554 0.02076923076923077 0.0297339593114241
120 0.34134615384615385 0.14182316118935837 0.03192307692307692 0.02777777777777778
100 0.2696153846153846 0.18309859154929578 0.02 0.035211267605633804
59 0.7259615384615384 0.775039123630673 0.04115384615384615 0.0297339593114241
7 0.9086538461538461 0.37108763693270735 0.032692307692307694 0.04655712050078247
201 0.15923076923076923 0.21439749608763695 0.025384615384615384 0.027386541471048513
225 0.7844230769230769 0.5408841940532082 0.019615384615384614 0.030907668231611896
120 0.28942307692307695 0.21733176838810642 0.029615384615384616 0.02543035993740219
186 0.4419230769230769 0.939945226917058 0.036153846153846154 0.02777777777777778
119 0.41096153846153843 0.1443661971830986 0.029615384615384616 0.03599374021909233
212 0.7442307692307693 0.5091940532081377 0.02 0.030907668231611896
150 0.6482692307692308 0.6594287949921753 0.035 0.02777777777777778
23 0.3607692307692308 0.29812206572769956 0.025384615384615384 0.03051643192488263
14 0.11711538461538462 0.5788341158059468 0.028846153846153848 0.02777777777777778
8 0.31115384615384617 0.297339593114241 0.027692307692307693 0.04068857589984351
212 0.698076923076923 0.8435054773082943 0.026153846153846153 0.04460093896713615
212 0.7044230769230769 0.8026212832550861 0.021923076923076924 0.030125195618153366
111 0.3557692307692308 0.07257433489827857 0.02076923076923077 0.028560250391236306
225 0.18730769230769231 0.17449139280125195 0.023076923076923078 0.0297339593114241
100 0.35788461538461536 0.21850547730829423 0.02346153846153846 0.029342723004694836
23 0.43 0.9773082942097027 0.01846153846153846 0.026604068857589987
225 0.693076923076923 0.2445226917057903 0.023076923076923078 0.0297339593114241
212 0.6532692307692307 0.05183881064162754 0.021153846153846155 0.03169014084507042
201 0.2946153846153846 0.333528951486698 0.02 0.02699530516431925
201 0.3596153846153846 0.6183489827856025 0.023076923076923078 0.02699530516431925
225 0.10846153846153846 0.616001564945227 0.023076923076923078 0.03169014084507042
119 0.7413461538461539 0.8079029733959312 0.03192307692307692 0.0297339593114241
107 0.04634615384615385 0.5017605633802817 0.028846153846153848 0.02621283255086072
177 0.6601923076923077 0.46263693270735523 0.037307692307692306 0.03325508607198748
201 0.681923076923077 0.8055555555555556 0.02076923076923077 0.02112676056338028
9 0.24403846153846154 0.215962441314554 0.025 0.03286384976525822
201 0.6925 0.6987480438184663 0.029615384615384616 0.026604068857589987
8 0.21403846153846154 0.5790297339593115 0.031153846153846153 0.027386541471048513
120 0.4394230769230769 0.9017996870109546 0.028846153846153848 0.0297339593114241
161 0.8809615384615385 0.36971830985915494 0.031153846153846153 0.04381846635367762
23 0.34807692307692306 0.181924882629108 0.023076923076923078 0.026604068857589987
201 0.44326923076923075 0.21850547730829423 0.02576923076923077 0.023865414710485134
77 0.40865384615384615 0.21850547730829423 0.035 0.045774647887323945
212 0.7082692307692308 0.4642018779342723 0.015 0.03403755868544601
120 0.25769230769230766 0.5336463223787168 0.026153846153846153 0.024256651017214397
23 0.693076923076923 0.6596244131455399 0.024615384615384615 0.035211267605633804
23 0.19288461538461538 0.659037558685446 0.03192307692307692 0.032472613458528955
212 0.7842307692307692 0.844679186228482 0.01769230769230769 0.033646322378716745
186 0.4659615384615385 0.7836463223787168 0.029615384615384616 0.026604068857589987
45 0.15019230769230768 0.5782472613458529 0.04038461538461539 0.024256651017214397
225 0.6426923076923077 0.1304773082942097 0.022307692307692306 0.030125195618153366
107 0.026153846153846153 0.5794209702660407 0.033846153846153845 0.028169014084507043
14 0.7432692307692308 0.20970266040688576 0.03192307692307692 0.03599374021909233
150 0.72 0.7349374021909233 0.03307692307692308 0.02699530516431925
119 0.12538461538461537 0.5395148669796557 0.02923076923076923 0.028951486697965573
33 0.8769230769230769 0.42820813771517996 0.03076923076923077 0.03403755868544601
14 0.5048076923076923 0.8994522691705791 0.030384615384615385 0.028169014084507043
23 0.6659615384615385 0.5011737089201878 0.028846153846153848 0.03286384976525822
45 0.3119230769230769 0.5737480438184663 0.03692307692307692 0.02777777777777778
119 0.4546153846153846 0.9796557120500783 0.03076923076923077 0.028951486697965573
212 0.681923076923077 0.5802034428794992 0.019230769230769232 0.033646322378716745
33 0.3151923076923077 0.3337245696400626 0.021923076923076924 0.03051643192488263
107 0.08269230769230769 0.4640062597809077 0.022307692307692306 0.03599374021909233
150 0.7540384615384615 0.5788341158059468 0.031153846153846153 0.032472613458528955
212 0.4128846153846154 0.6566901408450705 0.018846153846153846 0.03169014084507042
201 0.49096153846153845 0.7807120500782473 0.02423076923076923 0.030907668231611896
8 0.37288461538461537 0.6539514866979655 0.027307692307692307 0.030907668231611896
201 0.7128846153846153 0.4241001564945227 0.025 0.027386541471048513
201 0.7303846153846154 0.13732394366197184 0.01769230769230769 0.03286384976525822
33 0.27307692307692305 0.3319640062597809 0.024615384615384615 0.03325508607198748
14 0.2919230769230769 0.2967527386541471 0.023846153846153847 0.037949921752738654
8 0.8242307692307692 0.5817683881064163 0.03 0.03286384976525822
7 0.12884615384615383 0.49921752738654146 0.021538461538461538 0.027386541471048513
212 0.6771153846153846 0.38615023474178406 0.015 0.03599374021909233
225 0.7151923076923077 0.6999217527386542 0.025 0.03051643192488263
23 0.7323076923076923 0.3456572769953052 0.026153846153846153 0.036384976525821594
225 0.6536538461538461 0.34194053208137715 0.028076923076923076 0.033646322378716745
8 0.3955769230769231 0.2548904538341158 0.025 0.028560250391236306
161 0.3328846153846154 0.07081377151799687 0.02653846153846154 0.03051643192488263
212 0.7323076923076923 0.5788341158059468 0.013846153846153847 0.032472613458528955
212 0.8 0.5438184663536776 0.016923076923076923 0.03286384976525822
8 0.2475 0.25273865414710484 0.02576923076923077 0.026604068857589987
45 0.801923076923077 0.5019561815336463 0.03538461538461538 0.028169014084507043
59 0.43173076923076925 0.2554773082942097 0.037307692307692306 0.0297339593114241
107 0.7086538461538462 0.5778560250391236 0.03192307692307692 0.03051643192488263
201 0.15076923076923077 0.5393192488262911 0.026153846153846153 0.02543035993740219
144 0.3375 0.29381846635367764 0.02576923076923077 0.03442879499217527
225 0.7763461538461538 0.4211658841940532 0.020384615384615383 0.03403755868544601
14 0.3094230769230769 0.5312989045383412 0.02346153846153846 0.026604068857589987
8 0.6536538461538461 0.8073161189358372 0.03423076923076923 0.024647887323943664
120 0.4165384615384615 0.9019953051643192 0.02076923076923077 0.03325508607198748
45 0.6988461538461539 0.38302034428794995 0.03307692307692308 0.0297339593114241
7 0.6825 0.08841940532081377 0.028076923076923076 0.033646322378716745
119 0.09173076923076923 0.5815727699530516 0.03192307692307692 0.028560250391236306
150 0.2375 0.09741784037558686 0.021923076923076924 0.04381846635367762
23 0.29057692307692307 0.6183489827856025 0.02576923076923077 0.032472613458528955
8 0.7980769230769231 0.42625195618153366 0.03076923076923077 0.036384976525821594
119 0.8294230769230769 0.42801251956181535 0.03576923076923077 0.03286384976525822
150 0.4307692307692308 0.11111111111111112 0.02923076923076923 0.03129890453834116
119 0.2378846153846154 0.5778560250391236 0.022692307692307692 0.03442879499217527
120 0.3098076923076923 0.1402582159624413 0.028846153846153848 0.02699530516431925
150 0.10961538461538461 0.4610719874804382 0.02923076923076923 0.03169014084507042
212 0.7526923076923077 0.35269953051643194 0.013076923076923076 0.03716744913928013
225 0.5053846153846154 0.9374021909233177 0.03076923076923077 0.028951486697965573
14 0.1753846153846154 0.5013693270735524 0.03076923076923077 0.02777777777777778
77 0.24269230769230768 0.17996870109546168 0.03769230769230769 0.04068857589984351
201 0.21057692307692308 0.17605633802816903 0.019615384615384614 0.026604068857589987
23 0.6796153846153846 0.16920970266040689 0.022307692307692306 0.03169014084507042
33 0.22076923076923077 0.6602112676056339 0.02846153846153846 0.030907668231611896
177 0.10346153846153847 0.5013693270735524 0.026923076923076925 0.02777777777777778
14 0.43711538461538463 0.3425273865414711 0.028076923076923076 0.03482003129890454
8 0.4707692307692308 0.8636541471048513 0.04153846153846154 0.032472613458528955
45 0.4723076923076923 0.9364241001564946 0.03461538461538462 0.028560250391236306
23 0.49615384615384617 0.570226917057903 0.023846153846153847 0.030125195618153366
201 0.6655769230769231 0.24667449139280126 0.028076923076923076 0.030907668231611896
8 0.2932692307692308 0.1795774647887324 0.02576923076923077 0.028169014084507043
212 0.07173076923076924 0.5401017214397497 0.03192307692307692 0.02777777777777778
201 0.3998076923076923 0.6136541471048513 0.01653846153846154 0.02543035993740219
59 0.3775 0.18348982785602505 0.028076923076923076 0.0297339593114241
161 0.3836538461538462 0.34057120500782473 0.025 0.030907668231611896
8 0.7582692307692308 0.7738654147104852 0.028076923076923076 0.0297339593114241
161 0.31846153846153846 0.10817683881064163 0.02846153846153846 0.02543035993740219
100 0.2848076923076923 0.5778560250391236 0.021153846153846155 0.033646322378716745
59 0.6621153846153847 0.20422535211267606 0.037307692307692306 0.025821596244131457
177 0.7530769230769231 0.13751956181533648 0.02923076923076923 0.03560250391236307
100 0.8032692307692307 0.7460876369327074 0.029615384615384616 0.036776212832550864
161 0.7619230769230769 0.17468701095461658 0.02923076923076923 0.03169014084507042
150 0.040769230769230766 0.5395148669796557 0.03 0.03051643192488263
59 0.3219230769230769 0.6193270735524257 0.03923076923076923 0.026604068857589987
201 0.13365384615384615 0.2468701095461659 0.028076923076923076 0.03286384976525822
120 0.45653846153846156 0.570226917057903 0.019230769230769232 0.030125195618153366
161 0.3798076923076923 0.2975352112676056 0.02653846153846154 0.03325508607198748
119 0.9261538461538461 0.43231611893583727 0.031538461538461536 0.03755868544600939
14 0.8063461538461538 0.7057902973395931 0.039615384615384615 0.03755868544600939
161 0.3119230769230769 0.6533646322378717 0.03076923076923077 0.027386541471048513
150 0.07788461538461539 0.6148278560250391 0.03423076923076923 0.029342723004694836
8 0.6292307692307693 0.5357981220657277 0.02923076923076923 0.030907668231611896
119 0.18826923076923077 0.21087636932707357 0.031153846153846153 0.03051643192488263
120 0.7034615384615385 0.13145539906103287 0.033846153846153845 0.033646322378716745
107 0.22788461538461538 0.49589201877934275 0.028846153846153848 0.03482003129890454
23 0.7415384615384616 0.7012910798122066 0.026153846153846153 0.030907668231611896
33 0.21615384615384614 0.24726134585289516 0.03461538461538462 0.025821596244131457
201 0.32576923076923076 0.5305164319248826 0.019230769230769232 0.028951486697965573
107 0.3498076923076923 0.107981220657277 0.031153846153846153 0.0297339593114241
8 0.6280769230769231 0.7744522691705791 0.01846153846153846 0.03169014084507042
8 0.2144230769230769 0.21263693270735526 0.028076923076923076 0.028560250391236306
212 0.4271153846153846 0.1789906103286385 0.01423076923076923 0.030907668231611896
8 0.6584615384615384 0.3828247261345853 0.026153846153846153 0.03169014084507042
225 0.6726923076923077 0.6596244131455399 0.02 0.0297339593114241
177 0.1925 0.340962441314554 0.03576923076923077 0.02777777777777778
8 0.25634615384615383 0.49726134585289516 0.02576923076923077 0.025821596244131457
212 0.7817307692307692 0.7795383411580595 0.015 0.030125195618153366
23 0.415 0.8613067292644757 0.022307692307692306 0.03482003129890454
150 0.4994230769230769 0.82179186228482 0.025 0.028560250391236306
212 0.7678846153846154 0.542057902973396 0.01653846153846154 0.03482003129890454
23 0.2675 0.21635367762128327 0.021923076923076924 0.028169014084507043
119 0.2525 0.13986697965571204 0.029615384615384616 0.03169014084507042
100 0.6076923076923076 0.34507042253521125 0.02 0.03834115805946792
23 0.7255769230769231 0.5013693270735524 0.021923076923076924 0.029342723004694836
7 0.5842307692307692 0.3392018779342723 0.02846153846153846 0.03599374021909233
119 0.8217307692307693 0.5408841940532082 0.031153846153846153 0.03325508607198748
150 0.07576923076923077 0.502151799687011 0.03 0.029342723004694836
186 0.3451923076923077 0.653755868544601 0.03807692307692308 0.0297339593114241
8 0.2853846153846154 0.5334507042253521 0.03230769230769231 0.02621283255086072
150 0.7065384615384616 0.20637715179968702 0.04153846153846154 0.03169014084507042
8 0.07865384615384616 0.23924100156494524 0.028076923076923076 0.029342723004694836
7 0.2625 0.5753129890453834 0.02423076923076923 0.03873239436619719
225 0.4051923076923077 0.29890453834115804 0.02423076923076923 0.03051643192488263
23 0.5009615384615385 0.8650234741784038 0.02576923076923077 0.033646322378716745
7 0.6267307692307692 0.422339593114241 0.021153846153846155 0.03873239436619719
201 0.38076923076923075 0.21557120500782473 0.02076923076923077 0.023474178403755867
212 0.5094230769230769 0.9788732394366197 0.021153846153846155 0.027386541471048513
45 0.6865384615384615 0.7744522691705791 0.04 0.02699530516431925
100 0.7526923076923077 0.2543035993740219 0.026923076923076925 0.03990610328638498
225 0.4096153846153846 0.34057120500782473 0.023076923076923078 0.03482003129890454
120 0.2475 0.3329420970266041 0.028076923076923076 0.0297339593114241
119 0.3198076923076923 0.17938184663536777 0.028846153846153848 0.02777777777777778
201 0.3384615384615385 0.33861502347417843 0.022307692307692306 0.032472613458528955
144 0.7284615384615385 0.2975352112676056 0.03769230769230769 0.03325508607198748
14 0.7519230769230769 0.7372848200312989 0.026923076923076925 0.029342723004694836
7 0.6490384615384616 0.7744522691705791 0.025 0.036384976525821594
201 0.6748076923076923 0.05242566510172144 0.025 0.0297339593114241
33 0.28846153846153844 0.6519953051643192 0.025384615384615384 0.02699530516431925
17 0.05346153846153846 0.23826291079812206 0.02846153846153846 0.0297339593114241
8 0.6565384615384615 0.7343505477308294 0.027692307692307693 0.0297339593114241
225 0.7803846153846153 0.57981220657277 0.01846153846153846 0.028169014084507043
212 0.635576923076923 0.7325899843505478 0.015769230769230768 0.03482003129890454
59 0.67 0.2934272300469484 0.02923076923076923 0.0297339593114241
120 0.3942307692307692 0.6555164319248826 0.022307692307692306 0.030125195618153366
119 0.7911538461538462 0.8079029733959312 0.033846153846153845 0.0297339593114241
120 0.7761538461538462 0.3550469483568075 0.04 0.03873239436619719
212 0.3069230769230769 0.38067292644757433 0.027692307692307693 0.041471048513302036
119 0.6951923076923077 0.49902190923317685 0.035 0.030907668231611896
119 0.7578846153846154 0.8454616588419406 0.03653846153846154 0.03129890453834116
8 0.6696153846153846 0.12832550860719874 0.04153846153846154 0.03755868544600939
119 0.7338461538461538 0.6572769953051644 0.031538461538461536 0.03755868544600939
225 0.19826923076923078 0.6171752738654147 0.025 0.02621283255086072
59 0.6857692307692308 0.7365023474178404 0.04 0.02777777777777778
212 0.27692307692307694 0.25528169014084506 0.019230769230769232 0.028560250391236306
107 0.34634615384615386 0.5733568075117371 0.03423076923076923 0.02699530516431925
201 0.16865384615384615 0.1388888888888889 0.03346153846153846 0.026604068857589987
7 0.30288461538461536 0.0678794992175274 0.03192307692307692 0.036384976525821594
201 0.6392307692307693 0.6973787167449139 0.02076923076923077 0.029342723004694836
8 0.734423076923077 0.17194835680751175 0.030384615384615385 0.032472613458528955
225 0.22288461538461538 0.5344287949921753 0.028846153846153848 0.024256651017214397
119 0.7059615384615384 0.34311424100156496 0.032692307692307694 0.03599374021909233
150 0.7675 0.21244131455399062 0.018076923076923077 0.03599374021909233
59 0.6809615384615385 0.4215571205007825 0.03884615384615384 0.02621283255086072
225 0.2821153846153846 0.49960876369327073 0.025 0.02269170579029734
100 0.35865384615384616 0.34057120500782473 0.018846153846153846 0.02699530516431925
119 0.1921153846153846 0.4604851330203443 0.03346153846153846 0.03599374021909233
45 0.37826923076923075 0.5723787167449139 0.03192307692307692 0.028951486697965573
107 0.6278846153846154 0.8053599374021909 0.025 0.03325508607198748
119 0.6538461538461539 0.08705007824726135 0.026923076923076925 0.03325508607198748
8 0.32403846153846155 0.25254303599374023 0.027307692307692307 0.029342723004694836
212 0.7138461538461538 0.6637323943661972 0.01846153846153846 0.03169014084507042
23 0.15173076923076922 0.5001956181533647 0.02346153846153846 0.03169014084507042
8 0.2834615384615385 0.14064945226917058 0.027692307692307693 0.02777777777777778
45 0.3776923076923077 0.1443661971830986 0.03692307692307692 0.03286384976525822
212 0.5146153846153846 0.57179186228482 0.013076923076923076 0.02777777777777778
120 0.7036538461538462 0.05066510172143975 0.028076923076923076 0.029342723004694836
23 0.6894230769230769 0.46205007824726135 0.021923076923076924 0.0297339593114241
119 0.7330769230769231 0.46361502347417843 0.03076923076923077 0.03442879499217527
8 0.3792307692307692 0.07374804381846635 0.026153846153846153 0.03325508607198748
45 0.725 0.8464397496087637 0.03692307692307692 0.029342723004694836
201 0.0998076923076923 0.5402973395931142 0.02576923076923077 0.027386541471048513
119 0.6594230769230769 0.5357981220657277 0.03192307692307692 0.03325508607198748
225 0.4065384615384615 0.11306729264475744 0.02 0.025039123630672927
120 0.3169230769230769 0.21713615023474178 0.024615384615384615 0.026604068857589987
14 0.15423076923076923 0.6183489827856025 0.024615384615384615 0.024647887323943664
161 0.6494230769230769 0.42136150234741787 0.028076923076923076 0.026604068857589987
14 0.10673076923076923 0.2439358372456964 0.028076923076923076 0.032472613458528955
119 0.4380769230769231 0.8620892018779343 0.03 0.030125195618153366
107 0.22788461538461538 0.6189358372456965 0.029615384615384616 0.03129890453834116
161 0.6775 0.3429186228482003 0.029615384615384616 0.03169014084507042
33 0.7682692307692308 0.49902190923317685 0.03192307692307692 0.03716744913928013
8 0.7225 0.2468701095461659 0.03576923076923077 0.03286384976525822
120 0.6628846153846154 0.6985524256651018 0.03192307692307692 0.03325508607198748
150 0.1605769230769231 0.1741001564945227 0.03192307692307692 0.03051643192488263
212 0.44346153846153846 0.7863849765258216 0.019230769230769232 0.033646322378716745
8 0.0175 0.5039123630672927 0.02346153846153846 0.032081377151799685
23 0.9013461538461538 0.42918622848200316 0.02423076923076923 0.03990610328638498
119 0.4715384615384615 0.8223787167449139 0.03076923076923077 0.0297339593114241
201 0.15942307692307692 0.4593114241001565 0.03192307692307692 0.04538341158059468
186 0.3748076923076923 0.2546948356807512 0.02653846153846154 0.025821596244131457
8 0.6955769230769231 0.2949921752738654 0.03192307692307692 0.028951486697965573
201 0.1971153846153846 0.5383411580594679 0.02653846153846154 0.026604068857589987
119 0.18269230769230768 0.5809859154929577 0.027692307692307693 0.032081377151799685
100 0.4171153846153846 0.9469874804381847 0.02423076923076923 0.03951486697965571
212 0.6457692307692308 0.6257824726134585 0.02 0.028560250391236306
119 0.7053846153846154 0.16999217527386543 0.03 0.03482003129890454
119 0.6369230769230769 0.49589201877934275 0.026923076923076925 0.03325508607198748
177 0.6367307692307692 0.3857589984350548 0.03192307692307692 0.03286384976525822
8 0.6309615384615385 0.3415492957746479 0.035 0.03286384976525822
201 0.40557692307692306 0.1844679186228482 0.021153846153846155 0.028560250391236306
23 0.7776923076923077 0.7415884194053208 0.023076923076923078 0.030125195618153366
201 0.1751923076923077 0.619131455399061 0.021153846153846155 0.028560250391236306
7 0.7975 0.5827464788732395 0.02423076923076923 0.03482003129890454
8 0.6561538461538462 0.5802034428794992 0.03076923076923077 0.032081377151799685
8 0.06192307692307692 0.5800078247261345 0.03230769230769231 0.02777777777777778
225 0.48134615384615387 0.9025821596244131 0.025 0.028951486697965573
212 0.6303846153846154 0.5768779342723005 0.025384615384615384 0.047339593114241005
23 0.2726923076923077 0.2932316118935837 0.023846153846153847 0.037949921752738654
14 0.7209615384615384 0.5389280125195618 0.032692307692307694 0.032472613458528955
33 0.7734615384615384 0.7005086071987481 0.031538461538461536 0.03169014084507042
186 0.13307692307692306 0.46028951486697967 0.026153846153846153 0.03873239436619719
201 0.7671153846153846 0.810641627543036 0.021153846153846155 0.025821596244131457
212 0.4617307692307692 0.9004303599374022 0.015769230769230768 0.032472613458528955
100 0.1280769230769231 0.21146322378716745 0.03461538461538462 0.030907668231611896
8 0.6901923076923077 0.5359937402190923 0.035 0.03286384976525822
119 0.17846153846153845 0.24530516431924884 0.04 0.027386541471048513
201 0.7476923076923077 0.5414710485133021 0.023846153846153847 0.03129890453834116
186 0.6413461538461539 0.24960876369327073 0.028846153846153848 0.03599374021909233
8 0.23942307692307693 0.5359937402190923 0.021923076923076924 0.027386541471048513
7 0.6573076923076923 0.17136150234741784 0.026923076923076925 0.033646322378716745
212 0.38269230769230766 0.6148278560250391 0.02076923076923077 0.04029733959311424
201 0.3478846153846154 0.2529342723004695 0.022692307692307692 0.02699530516431925
119 0.7336538461538461 0.3900625978090767 0.03192307692307692 0.0297339593114241
120 0.2988461538461539 0.25 0.023076923076923078 0.026604068857589987