201 0.3359375 0.6108562691131498 0.096875 0.09938837920489296
201 0.7507812500000001 0.3830275229357798 0.11406250000000001 0.10856269113149847
59 0.5609375 0.5902140672782875 0.19375 0.11314984709480122
212 0.28750000000000003 0.4327217125382263 0.078125 0.12232415902140673
33 0.321875 0.1154434250764526 0.10625000000000001 0.13302752293577982
120 0.81640625 0.5703363914373089 0.15781250000000002 0.1437308868501529
23 0.38984375000000004 0.41896024464831805 0.11093750000000001 0.1437308868501529
14 0.6296875000000001 0.4013761467889908 0.15625 0.10856269113149847
8 0.6882812500000001 0.5749235474006116 0.1046875 0.13149847094801223
8 0.203125 0.44724770642201833 0.096875 0.11773700305810397
100 0.33437500000000003 0.8386850152905199 0.125 0.15749235474006115
59 0.25234375000000003 0.6391437308868502 0.1046875 0.15902140672782875
33 0.5164062500000001 0.39984709480122327 0.1390625 0.11467889908256881
201 0.45390625 0.8165137614678899 0.1203125 0.12232415902140673
201 0.6898437500000001 0.7882262996941896 0.11093750000000001 0.12079510703363915
119 0.82421875 0.7561162079510704 0.1765625 0.14220183486238533
161 0.32265625000000003 0.25229357798165136 0.1484375 0.12232415902140673
150 0.52265625 0.23700305810397554 0.08281250000000001 0.13149847094801223
212 0.4234375 0.6085626911314985 0.09375 0.1345565749235474
119 0.634375 0.9357798165137615 0.109375 0.10091743119266056
177 0.58046875 0.805045871559633 0.1453125 0.12079510703363915
225 0.4296875 0.24694189602446484 0.10312500000000001 0.11773700305810397