14 0.5004019292604501 0.18706365503080083 0.09405144694533762 0.038193018480492814
119 0.8106913183279743 0.4026694045174538 0.10048231511254019 0.03572895277207392
59 0.19815112540192925 0.3082135523613963 0.06993569131832797 0.030800821355236138
59 0.6567524115755627 0.1028747433264887 0.0707395498392283 0.034086242299794664
107 0.34807073954983925 0.4063655030800821 0.10289389067524116 0.043121149897330596
120 0.2266881028938907 0.5494866529774127 0.06591639871382636 0.03449691991786447
33 0.860128617363344 0.4464065708418891 0.11414790996784566 0.04106776180698152
225 0.6852893890675241 0.6342915811088295 0.06993569131832797 0.0324435318275154
119 0.6322347266881029 0.45071868583162217 0.11655948553054662 0.026694045174537988
59 0.6040996784565916 0.9211498973305955 0.12459807073954984 0.04517453798767967
161 0.6197749196141479 0.14763860369609855 0.06270096463022508 0.03737166324435318
107 0.9063504823151125 0.3158110882956879 0.11495176848874598 0.028747433264887063
186 0.522508038585209 0.5392197125256674 0.09163987138263666 0.031211498973305954
59 0.7041800643086816 0.8708418891170431 0.12861736334405144 0.03737166324435318
186 0.8171221864951769 0.7225872689938398 0.09405144694533762 0.0324435318275154
225 0.44935691318327975 0.7739219712525667 0.06913183279742766 0.02997946611909651
23 0.5622990353697749 0.1462012320328542 0.04260450160771704 0.03449691991786447
225 0.7656752411575563 0.2731006160164271 0.06672025723472669 0.027104722792607804
212 0.7282958199356913 0.6802874743326489 0.04983922829581994 0.045585215605749484
212 0.6977491961414791 0.7753593429158111 0.03858520900321544 0.03449691991786447
33 0.5028135048231511 0.8718685831622176 0.09887459807073955 0.03449691991786447
23 0.5369774919614148 0.5921971252566735 0.07234726688102894 0.035318275154004104
161 0.40514469453376206 0.8765913757700206 0.07234726688102894 0.043121149897330596
23 0.42524115755627007 0.18767967145790554 0.08842443729903537 0.03696098562628337
186 0.33480707395498394 0.184394250513347 0.10209003215434083 0.031211498973305954
23 0.6117363344051446 0.6349075975359343 0.06752411575562701 0.030390143737166322
59 0.5719453376205788 0.4002053388090349 0.11655948553054662 0.038193018480492814
17 0.3372186495176849 0.5457905544147844 0.06993569131832797 0.03449691991786447
77 0.942524115755627 0.6802874743326489 0.06189710610932476 0.04147843942505133
225 0.2447749196141479 0.45811088295687885 0.06993569131832797 0.0406570841889117
201 0.24316720257234725 0.8349075975359342 0.0747588424437299 0.031211498973305954
23 0.7005627009646302 0.9203285420944558 0.0747588424437299 0.04763860369609856
9 0.7696945337620579 0.7716632443531828 0.08118971061093247 0.03696098562628337
225 0.8673633440514469 0.22854209445585216 0.07556270096463022 0.0406570841889117
111 0.5578778135048231 0.728747433264887 0.0707395498392283 0.0324435318275154
33 0.9168006430868167 0.40349075975359344 0.11495176848874598 0.03737166324435318
23 0.31189710610932475 0.45359342915811085 0.05627009646302251 0.039014373716632446
23 0.5036173633440515 0.6835728952772073 0.07154340836012861 0.038193018480492814
33 0.8585209003215434 0.35626283367556466 0.10610932475884244 0.03737166324435318
212 0.2853697749196141 0.5474332648870637 0.03858520900321544 0.03449691991786447
14 0.6583601286173634 0.36078028747433266 0.09807073954983923 0.0406570841889117
120 0.6197749196141479 0.22833675564681724 0.08360128617363344 0.03449691991786447
23 0.927652733118971 0.27002053388090347 0.04983922829581994 0.03162217659137577
225 0.6358520900321544 0.7757700205338809 0.05144694533762058 0.031211498973305954
212 0.7660771704180064 0.19117043121149896 0.04340836012861736 0.034086242299794664
33 0.2978295819935691 0.26858316221765915 0.09083601286173633 0.032032854209445585
212 0.3597266881028939 0.7338809034907597 0.03938906752411576 0.030390143737166322
59 0.8512861736334405 0.14517453798767968 0.08038585209003216 0.03490759753593429
212 0.48512861736334406 0.3973305954825462 0.03617363344051447 0.042299794661190965
201 0.8802250803858521 0.8170431211498973 0.07234726688102894 0.03655030800821355
150 0.48392282958199356 0.9211498973305955 0.0932475884244373 0.04681724845995893
23 0.43488745980707394 0.5416837782340862 0.06913183279742766 0.035318275154004104
161 0.2202572347266881 0.7880903490759753 0.07234726688102894 0.035318275154004104
23 0.7930064308681672 0.6761806981519507 0.05064308681672026 0.038193018480492814
23 0.9477491961414791 0.44948665297741275 0.08038585209003216 0.042299794661190965
8 0.7616559485530546 0.5872689938398358 0.06511254019292605 0.03285420944558522
212 0.1712218649517685 0.10595482546201232 0.06109324758842444 0.03449691991786447
8 0.2616559485530547 0.5942505133470226 0.08118971061093247 0.03696098562628337
212 0.20739549839228297 0.2704312114989733 0.04019292604501608 0.038193018480492814
201 0.7869774919614148 0.15030800821355236 0.05305466237942122 0.03696098562628337
7 0.4561897106109325 0.5907597535934291 0.08118971061093247 0.03572895277207392
201 0.7258842443729904 0.3579055441478439 0.05466237942122187 0.028336755646817247
201 0.7817524115755627 0.48747433264887063 0.0522508038585209 0.02381930184804928
212 0.5831993569131833 0.7747433264887064 0.0297427652733119 0.030800821355236138
23 0.5928456591639871 0.871252566735113 0.07636655948553055 0.03326488706365503
23 0.4352893890675241 0.6365503080082136 0.0635048231511254 0.032032854209445585
201 0.5711414790996785 0.315605749486653 0.05868167202572347 0.030800821355236138
161 0.5558681672025724 0.10903490759753594 0.0747588424437299 0.039014373716632446
225 0.2504019292604502 0.6371663244353183 0.05546623794212219 0.042299794661190965
45 0.9103697749196141 0.7164271047227926 0.08762057877813505 0.03162217659137577
119 0.8420418006430868 0.5850102669404518 0.0860128617363344 0.03326488706365503
225 0.37741157556270094 0.14907597535934292 0.08922829581993569 0.03449691991786447
23 0.5072347266881029 0.31457905544147846 0.06591639871382636 0.03285420944558522
119 0.43368167202572344 0.23018480492813143 0.10530546623794212 0.03572895277207392
119 0.8967041800643086 0.8677618069815195 0.09565916398713827 0.03860369609856263
201 0.4316720257234727 0.40143737166324434 0.06752411575562701 0.04394250513347023
8 0.9457395498392283 0.35626283367556466 0.05385852090032154 0.0406570841889117
225 0.7138263665594855 0.7273100616016427 0.0707395498392283 0.032032854209445585
33 0.9220257234726688 0.5386036960985626 0.0932475884244373 0.04476386036960985
8 0.8046623794212219 0.8195071868583162 0.08842443729903537 0.039014373716632446
161 0.24236334405144694 0.1919917864476386 0.07636655948553055 0.0406570841889117
119 0.3645498392282958 0.5924024640657084 0.10530546623794212 0.028336755646817247
177 0.7158360128617364 0.14969199178644763 0.09405144694533762 0.043121149897330596
212 0.44493569131832794 0.14763860369609855 0.03778135048231511 0.034086242299794664
45 0.7483922829581994 0.44517453798767964 0.10128617363344052 0.03285420944558522
23 0.6189710610932476 0.5404517453798768 0.08520900321543408 0.03367556468172485
161 0.3428456591639871 0.6909650924024641 0.07154340836012861 0.045585215605749484
119 0.22869774919614147 0.2293634496919918 0.09405144694533762 0.03983572895277207
212 0.5803858520900321 0.18809034907597535 0.05627009646302251 0.035318275154004104
201 0.7238745980707395 0.10513347022587269 0.06993569131832797 0.04188911704312115
186 0.5192926045016077 0.4979466119096509 0.09485530546623794 0.0324435318275154
150 0.29139871382636656 0.3082135523613963 0.08118971061093247 0.03655030800821355
201 0.3717845659163987 0.8238193018480493 0.05868167202572347 0.030390143737166322
225 0.31270096463022506 0.5041067761806981 0.08360128617363344 0.02997946611909651
59 0.41358520900321544 0.4515400410677618 0.12138263665594855 0.03326488706365503
212 0.4987942122186495 0.7326488706365503 0.0297427652733119 0.035318275154004104
201 0.8034565916398714 0.23121149897330595 0.05707395498392283 0.036139630390143736
33 0.2210610932475884 0.7379876796714578 0.07877813504823152 0.032032854209445585
161 0.3271704180064309 0.23285420944558521 0.0932475884244373 0.03696098562628337
225 0.4662379421221865 0.4782340862422998 0.04983922829581994 0.02751540041067762
225 0.5831993569131833 0.3568788501026694 0.05868167202572347 0.03367556468172485
14 0.592443729903537 0.6878850102669405 0.09967845659163987 0.039425051334702255
7 0.4047427652733119 0.9190965092402464 0.07958199356913183 0.039425051334702255
23 0.5265273311897106 0.4490759753593429 0.08038585209003216 0.030800821355236138
14 0.3259646302250804 0.1026694045174538 0.0747588424437299 0.03367556468172485
119 0.8605305466237942 0.6757700205338809 0.06511254019292605 0.03490759753593429
201 0.8404340836012861 0.76652977412731 0.05546623794212219 0.02915811088295688
8 0.47990353697749194 0.3581108829568788 0.07234726688102894 0.036139630390143736
23 0.8155144694533762 0.8683778234086242 0.07636655948553055 0.0324435318275154
23 0.5329581993569131 0.4757700205338809 0.07234726688102894 0.019301848049281315
150 0.2684887459807074 0.35626283367556466 0.08681672025723472 0.034086242299794664
100 0.4304662379421222 0.6862422997946612 0.06511254019292605 0.04353182751540041
225 0.31430868167202575 0.8271047227926078 0.04823151125401929 0.03449691991786447
201 0.5418006430868167 0.2735112936344969 0.05787781350482315 0.03449691991786447
8 0.6177652733118971 0.8252566735112936 0.09244372990353697 0.03572895277207392
8 0.6997588424437299 0.2741273100616016 0.06028938906752412 0.03737166324435318
119 0.7138263665594855 0.82217659137577 0.09967845659163987 0.03696098562628337
186 0.3086816720257235 0.7782340862422997 0.09485530546623794 0.03449691991786447
14 0.8504823151125401 0.275564681724846 0.0932475884244373 0.037782340862423
119 0.532556270096463 0.6369609856262833 0.09244372990353697 0.032032854209445585
14 0.8504823151125401 0.49363449691991784 0.09003215434083602 0.040246406570841886
119 0.4658360128617363 0.27618069815195073 0.09565916398713827 0.03737166324435318
150 0.7033762057877814 0.4032854209445585 0.10610932475884244 0.029568788501026694
201 0.745176848874598 0.6336755646817248 0.04662379421221865 0.026283367556468172
119 0.6748392282958199 0.5885010266940451 0.08922829581993569 0.031211498973305954
8 0.3054662379421222 0.7383983572895277 0.08360128617363344 0.031211498973305954
212 0.7065916398713826 0.3160164271047228 0.0594855305466238 0.03326488706365503
119 0.6153536977491961 0.2753593429158111 0.09405144694533762 0.03572895277207392
201 0.29019292604501606 0.14743326488706365 0.09163987138263666 0.028747433264887063
33 0.8340032154340836 0.19137577002053388 0.08922829581993569 0.03449691991786447
186 0.39188102893890675 0.31724845995893225 0.11173633440514469 0.030800821355236138
201 0.5972668810289389 0.5907597535934291 0.05144694533762058 0.03326488706365503
7 0.48271704180064307 0.10082135523613962 0.05707395498392283 0.030800821355236138
161 0.9103697749196141 0.7749486652977413 0.07315112540192927 0.04681724845995893
225 0.7813504823151125 0.35872689938398356 0.05466237942122187 0.02997946611909651
212 0.4393086816720257 0.8330595482546201 0.03938906752411576 0.03983572895277207
23 0.23432475884244372 0.5051334702258726 0.05546623794212219 0.03449691991786447
119 0.17845659163987138 0.3546201232032854 0.06591639871382636 0.03737166324435318
212 0.5361736334405145 0.3568788501026694 0.03536977491961415 0.037782340862423
107 0.7009646302250804 0.4917864476386037 0.11093247588424437 0.04147843942505133
107 0.792604501607717 0.3170431211498973 0.09807073954983923 0.028747433264887063
23 0.9135852090032154 0.188911704312115 0.06189710610932476 0.03367556468172485
23 0.385048231511254 0.7741273100616016 0.04983922829581994 0.03696098562628337
33 0.5381832797427653 0.22874743326488706 0.08922829581993569 0.040246406570841886
23 0.6121382636655949 0.49096509240246405 0.06189710610932476 0.030800821355236138
150 0.40233118971061094 0.5012320328542095 0.10369774919614148 0.03326488706365503
23 0.6937299035369775 0.23059548254620124 0.07234726688102894 0.03655030800821355
77 0.2447749196141479 0.6954825462012321 0.09565916398713827 0.05872689938398357
77 0.5257234726688103 0.773305954825462 0.09163987138263666 0.053388090349075976
7 0.32636655948553056 0.6402464065708419 0.07234726688102894 0.03449691991786447
8 0.6298231511254019 0.731211498973306 0.08440514469453377 0.03490759753593429
8 0.3790192926045016 0.2694045174537988 0.0860128617363344 0.03285420944558522
119 0.23472668810289388 0.10595482546201232 0.07395498392282958 0.035318275154004104
186 0.5265273311897106 0.8262833675564681 0.0932475884244373 0.037782340862423
59 0.7254823151125401 0.5394250513347022 0.10209003215434083 0.028336755646817247
8 0.7041800643086816 0.19034907597535933 0.08038585209003216 0.03983572895277207
8 0.8291800643086816 0.5394250513347022 0.10369774919614148 0.0406570841889117
107 0.2098070739549839 0.14743326488706365 0.08360128617363344 0.027104722792607804
23 0.17805466237942122 0.18480492813141683 0.05707395498392283 0.03285420944558522
225 0.6414790996784566 0.31457905544147846 0.06430868167202572 0.02546201232032854
8 0.6708199356913184 0.682340862422998 0.0747588424437299 0.03572895277207392
77 0.3882636655948553 0.3593429158110883 0.10610932475884244 0.07227926078028747
8 0.442524115755627 0.7308008213552362 0.07958199356913183 0.03655030800821355