212 0.6530546623794212 0.20866748920419495 0.026366559485530548 0.02621838371375694
14 0.41961414790996787 0.9091610117211598 0.07395498392282958 0.029919802590993215
161 0.22186495176848875 0.6671807526218384 0.05659163987138264 0.03269586674892042
225 0.1639871382636656 0.6687230104873535 0.05401929260450161 0.027760641579272057
212 0.14855305466237942 0.6295496607032696 0.04501607717041801 0.030228254164096236
8 0.3668810289389068 0.6298581122763727 0.07395498392282958 0.0363972856261567
201 0.7469453376205788 0.16394201110425663 0.06366559485530547 0.03177051202961135
23 0.1440514469453376 0.351326341764343 0.05016077170418007 0.030228254164096236
7 0.41286173633440515 0.8733806292412092 0.06430868167202572 0.03423812461443553
8 0.2469453376205788 0.2825416409623689 0.06045016077170418 0.028994447871684148
107 0.2572347266881029 0.7533929673041333 0.06816720257234726 0.028069093152375078
23 0.5356913183279743 0.3940468846391117 0.05144694533762058 0.03177051202961135
169 0.48199356913183283 0.39204194941394205 0.06752411575562701 0.041949413942011106
59 0.31189710610932475 0.243368291178285 0.06430868167202572 0.028994447871684148
107 0.30225080385852093 0.2820789636027144 0.07331189710610933 0.035471930906847624
201 0.43086816720257237 0.7956508328192474 0.06045016077170418 0.028069093152375078
225 0.3581993569131833 0.8733806292412092 0.052733118971061095 0.03177051202961135
23 0.3102893890675241 0.7510795805058607 0.057234726688102894 0.026526835286859965
225 0.1482315112540193 0.7547809993830968 0.062379421221864954 0.030845157310302282
177 0.4591639871382637 0.6795188155459593 0.0617363344051447 0.033929673041332514
225 0.10643086816720257 0.7152991980259099 0.05080385852090032 0.032078963602714373
201 0.8327974276527331 0.4031462060456508 0.05659163987138264 0.03146206045650833
8 0.6289389067524116 0.2446020974706971 0.07331189710610933 0.03146206045650833
59 0.3045016077170418 0.5501233806292413 0.07909967845659165 0.028685996298581123
119 0.8967845659163988 0.3281924737816163 0.049517684887459806 0.030228254164096236
14 0.6559485530546624 0.32510795805058607 0.05530546623794212 0.025293028994447873
45 0.17363344051446947 0.16178285009253549 0.0887459807073955 0.027452190006169032
59 0.12733118971061094 0.5490438001233806 0.07845659163987138 0.026526835286859965
201 0.11286173633440515 0.283466995681678 0.04694533762057878 0.02590993214065392
120 0.6971061093247588 0.7239358420727946 0.059163987138263666 0.033929673041332514
23 0.29710610932475884 0.3918877236273905 0.047588424437299034 0.0323874151758174
161 0.15209003215434083 0.28423812461443554 0.05337620578778135 0.02930289944478717
59 0.5189710610932476 0.2862430598396052 0.08617363344051447 0.02961135101789019
212 0.8745980707395499 0.40052436767427513 0.03858520900321544 0.03423812461443553
212 0.18102893890675242 0.42628007402837753 0.026366559485530548 0.032078963602714373
23 0.6331189710610933 0.6371067242442937 0.03279742765273312 0.029919802590993215
120 0.7463022508038586 0.32264034546576187 0.057234726688102894 0.03146206045650833
14 0.3366559485530547 0.46946329426280076 0.05209003215434084 0.030228254164096236
100 0.39260450160771704 0.3969771745835904 0.048231511254019296 0.04503392967304133
225 0.1482315112540193 0.4606724244293646 0.049517684887459806 0.02621838371375694
8 0.28553054662379423 0.7939543491671808 0.06688102893890675 0.03146206045650833
45 0.6987138263665595 0.6852251696483652 0.0842443729903537 0.028069093152375078
23 0.2234726688102894 0.5052436767427514 0.05209003215434084 0.033312769895126465
150 0.7540192926045016 0.6028685996298582 0.062379421221864954 0.03300431832202344
212 0.13858520900321544 0.24090067859346084 0.028938906752411578 0.028377544725478102
201 0.36430868167202574 0.28439235040098704 0.06366559485530547 0.02590993214065392
9 0.8498392282958199 0.567242442936459 0.043086816720257236 0.03269586674892042
212 0.4366559485530547 0.20573719925971623 0.03215434083601286 0.02961135101789019
119 0.7858520900321544 0.24876619370758793 0.06688102893890675 0.031153608883405307
119 0.2627009646302251 0.669185687847008 0.048231511254019296 0.026835286859962986
212 0.7938906752411575 0.364898210980876 0.031511254019292605 0.030845157310302282
150 0.8167202572347267 0.6890808143121531 0.05530546623794212 0.033929673041332514
107 0.5836012861736335 0.2850092535471931 0.07009646302250803 0.02590993214065392
23 0.30932475884244376 0.870913016656385 0.05530546623794212 0.03362122146822949
23 0.38713826366559484 0.5894509561998766 0.05016077170418007 0.0363972856261567
23 0.245016077170418 0.7122146822948797 0.047588424437299034 0.028994447871684148
225 0.6980707395498392 0.553979025293029 0.05337620578778135 0.033312769895126465
120 0.41093247588424436 0.3203269586674892 0.05659163987138264 0.028069093152375078
119 0.5112540192926045 0.3203269586674892 0.0707395498392283 0.028069093152375078
7 0.23858520900321545 0.5855953115360889 0.06045016077170418 0.0323874151758174
186 0.43086816720257237 0.628161628624306 0.0720257234726688 0.03177051202961135
161 0.2 0.7541640962368908 0.04887459807073955 0.03454657618753856
14 0.2826366559485531 0.20203578038247996 0.037942122186495175 0.03146206045650833
100 0.28938906752411575 0.7177668106107341 0.03729903536977492 0.040098704503392965
120 0.19710610932475886 0.8352868599629858 0.06109324758842444 0.03146206045650833
14 0.2311897106109325 0.7958050586057989 0.048231511254019296 0.02961135101789019
212 0.14083601286173633 0.3928130783466996 0.04372990353697749 0.0323874151758174
201 0.8508038585209003 0.32634176434299816 0.05401929260450161 0.032078963602714373
119 0.28713826366559486 0.16332510795805058 0.07652733118971061 0.03300431832202344
100 0.5286173633440514 0.21545342381246144 0.05016077170418007 0.04287476866132017
150 0.5057877813504823 0.16255397902529303 0.06109324758842444 0.033929673041332514
14 0.21832797427652734 0.3183220234423196 0.06495176848874598 0.028994447871684148
119 0.6971061093247588 0.5988587291795189 0.05530546623794212 0.03300431832202344
59 0.245016077170418 0.8729179518815546 0.07717041800643087 0.02961135101789019
23 0.5459807073954984 0.3530228254164096 0.05016077170418007 0.03053670573719926
23 0.7533762057877814 0.36243059839605185 0.05080385852090032 0.032078963602714373
14 0.31382636655948554 0.6710363972856261 0.052733118971061095 0.029919802590993215
225 0.34212218649517684 0.3539481801357187 0.05016077170418007 0.02621838371375694
23 0.3652733118971061 0.6764342998149291 0.04372990353697749 0.028377544725478102
8 0.737620578778135 0.2078963602714374 0.0617363344051447 0.030845157310302282
8 0.845016077170418 0.24799506477483035 0.06045016077170418 0.03269586674892042
59 0.23408360128617364 0.46576187538556446 0.0797427652733119 0.030845157310302282
7 0.7363344051446945 0.2887106724244294 0.05530546623794212 0.03269586674892042
150 0.1369774919614148 0.4278223318938927 0.0720257234726688 0.028994447871684148
120 0.1302250803858521 0.8746144355336213 0.05209003215434084 0.028069093152375078
8 0.18135048231511255 0.38972856261566935 0.06302250803858521 0.0323874151758174
119 0.49485530546623796 0.7934916718075262 0.06495176848874598 0.03053670573719926
201 0.18167202572347269 0.5862122146822949 0.05980707395498393 0.03608883405305367
23 0.522508038585209 0.7151449722393585 0.05466237942122187 0.03423812461443553
201 0.44758842443729907 0.35487353485502776 0.04372990353697749 0.02621838371375694
186 0.3945337620578778 0.20558297347316473 0.06495176848874598 0.03053670573719926
119 0.2347266881028939 0.20481184454040716 0.0707395498392283 0.028994447871684148
107 0.3948553054662379 0.3527143738433066 0.057877813504823156 0.029919802590993215
7 0.6903536977491962 0.24691548426896978 0.05209003215434084 0.03362122146822949
186 0.6446945337620579 0.3942011104256632 0.06109324758842444 0.030228254164096236
201 0.10739549839228296 0.32140653917334977 0.046302250803858525 0.02590993214065392
59 0.7655948553054662 0.3971314003701419 0.08810289389067524 0.03300431832202344
212 0.2 0.7148365206662555 0.029581993569131833 0.029919802590993215
59 0.6012861736334405 0.3537939543491672 0.06688102893890675 0.02714373843306601
119 0.27620578778135046 0.6289327575570636 0.05980707395498393 0.03578038247995065
14 0.4045016077170418 0.24352251696483654 0.06302250803858521 0.028685996298581123
14 0.3180064308681672 0.6286243059839606 0.06109324758842444 0.0363972856261567
201 0.3260450160771704 0.20481184454040716 0.05659163987138264 0.0363972856261567
107 0.3189710610932476 0.3194016039481801 0.06816720257234726 0.03300431832202344
23 0.6446945337620579 0.6005552128315854 0.055948553054662384 0.030228254164096236
8 0.6488745980707395 0.7223935842072795 0.057877813504823156 0.033929673041332514
150 0.8954983922829582 0.2902529302899445 0.036655948553054665 0.03269586674892042
45 0.27266881028938905 0.35194324491054907 0.09131832797427653 0.028377544725478102
23 0.3279742765273312 0.5074028377544726 0.046302250803858525 0.03146206045650833
8 0.3967845659163987 0.16255397902529303 0.06430868167202572 0.033929673041332514
107 0.4739549839228296 0.8349784083898828 0.057877813504823156 0.028994447871684148
33 0.509967845659164 0.24367674275138804 0.05530546623794212 0.032078963602714373
45 0.8016077170418007 0.290098704503393 0.08295819935691319 0.027452190006169032
23 0.4733118971061093 0.7462985811227637 0.05659163987138264 0.03423812461443553
23 0.5646302250803859 0.24491054904380014 0.04887459807073955 0.026526835286859965
8 0.48135048231511257 0.2041949413942011 0.06752411575562701 0.02961135101789019
8 0.8163987138263665 0.5663170882171499 0.03279742765273312 0.03269586674892042
120 0.4958199356913183 0.3542566317088217 0.05659163987138264 0.031153608883405307
119 0.1964630225080386 0.3525601480567551 0.07009646302250803 0.03146206045650833
100 0.8768488745980707 0.45141887723627394 0.04694533762057878 0.038556446637877856
23 0.5135048231511254 0.6789019123997533 0.057234726688102894 0.02961135101789019
8 0.24212218649517686 0.8338988278840223 0.06366559485530547 0.026835286859962986
8 0.4697749196141479 0.870604565083282 0.06752411575562701 0.03177051202961135
100 0.3765273311897106 0.7984268969771746 0.04565916398713826 0.04040715607649599
77 0.48006430868167205 0.7129858112276373 0.036655948553054665 0.029919802590993215
119 0.16237942122186497 0.31785934608266503 0.057234726688102894 0.029919802590993215
7 0.6337620578778135 0.6853793954349168 0.05852090032154341 0.030228254164096236
119 0.23729903536977492 0.24198025909932142 0.07331189710610933 0.035471930906847624
161 0.3707395498392283 0.3206354102405922 0.06366559485530547 0.03053670573719926
23 0.45594855305466236 0.24444787168414558 0.059163987138263666 0.028685996298581123
119 0.5887459807073955 0.7217766810610734 0.05980707395498393 0.033929673041332514
8 0.6163987138263666 0.2068167797655768 0.037942122186495175 0.02498457742134485
161 0.4344051446945338 0.391425046267736 0.03922829581993569 0.03146206045650833
14 0.44758842443729907 0.16502159161011723 0.05530546623794212 0.033929673041332514
119 0.33536977491961417 0.9085441085749537 0.06366559485530547 0.031153608883405307
23 0.38135048231511254 0.4690006169031462 0.04244372990353698 0.02930289944478717
23 0.6935691318327974 0.39605181986428134 0.05466237942122187 0.033929673041332514
23 0.36430868167202574 0.24228871067242444 0.05209003215434084 0.031153608883405307
23 0.3556270096463023 0.4302899444787169 0.05659163987138264 0.032078963602714373
100 0.3485530546623794 0.7595619987661937 0.03858520900321544 0.044725478099938314
111 0.13729903536977492 0.8351326341764344 0.05080385852090032 0.027452190006169032
161 0.6819935691318328 0.2860888340530537 0.05852090032154341 0.0323874151758174
201 0.177491961414791 0.2404380012338063 0.05530546623794212 0.03053670573719926
107 0.4681672025723473 0.4313695249845774 0.06302250803858521 0.027452190006169032
212 0.18360128617363344 0.46391116594694637 0.02122186495176849 0.033312769895126465
161 0.4118971061093248 0.6765885256014806 0.05466237942122187 0.026835286859962986
120 0.6954983922829582 0.16502159161011723 0.06495176848874598 0.030845157310302282
120 0.43633440514469457 0.7123689080814313 0.05080385852090032 0.03177051202961135
8 0.8003215434083601 0.3258790869833436 0.05980707395498393 0.03177051202961135
7 0.8186495176848875 0.6488278840222085 0.05530546623794212 0.044108574953732264
100 0.857234726688103 0.2911782850092536 0.041157556270096464 0.03269586674892042
201 0.8890675241157556 0.36366440468846395 0.048231511254019296 0.03146206045650833
161 0.7971061093247589 0.16502159161011723 0.06623794212218649 0.03886489821098088
212 0.10128617363344052 0.16008636644046886 0.05466237942122187 0.035163479333744606
201 0.7327974276527331 0.24614435533621223 0.048231511254019296 0.028994447871684148
144 0.7035369774919614 0.35579888957433686 0.04887459807073955 0.028685996298581123
45 0.142443729903537 0.797038864898211 0.08938906752411575 0.028994447871684148
119 0.8327974276527331 0.3635101789019124 0.06302250803858521 0.0323874151758174
59 0.8247588424437299 0.209284392350401 0.05466237942122187 0.03423812461443553
150 0.10578778135048232 0.6640962368908082 0.05852090032154341 0.028377544725478102
119 0.7154340836012862 0.6364898210980876 0.06623794212218649 0.03423812461443553
107 0.5668810289389068 0.16425046267735965 0.06881028938906752 0.0323874151758174
186 0.22411575562700964 0.42735965453423813 0.057234726688102894 0.027452190006169032
186 0.10385852090032155 0.24275138803207896 0.05209003215434084 0.027760641579272057
201 0.5180064308681672 0.43445404071560767 0.05209003215434084 0.0323874151758174
201 0.45755627009646305 0.32233189389265887 0.05466237942122187 0.030845157310302282
225 0.6938906752411576 0.21005552128315855 0.04887459807073955 0.028994447871684148
45 0.4022508038585209 0.8349784083898828 0.08167202572347267 0.02714373843306601
201 0.6662379421221865 0.6366440468846392 0.047588424437299034 0.028994447871684148
119 0.33215434083601286 0.7139111659469464 0.04180064308681672 0.03053670573719926
201 0.18360128617363344 0.5495064774830352 0.05209003215434084 0.027452190006169032
201 0.637299035369775 0.28547193090684764 0.05401929260450161 0.028069093152375078
45 0.16366559485530546 0.20496607032695868 0.07652733118971061 0.028069093152375078
161 0.28585209003215434 0.8323565700185072 0.057234726688102894 0.029919802590993215
100 0.5710610932475885 0.21175200493522517 0.04372990353697749 0.038556446637877856
23 0.8041800643086817 0.7324182603331277 0.05852090032154341 0.029919802590993215
59 0.2909967845659164 0.4299814929056138 0.08295819935691319 0.03146206045650833
119 0.1639871382636656 0.5047809993830968 0.07331189710610933 0.037322640345465764
119 0.5929260450160772 0.3945095619987662 0.0617363344051447 0.028994447871684148
212 0.782636655948553 0.20990129549660705 0.024437299035369776 0.031153608883405307
161 0.3279742765273312 0.7954966070326959 0.06688102893890675 0.028994447871684148
33 0.3469453376205788 0.3903454657618754 0.05466237942122187 0.03053670573719926
45 0.8295819935691319 0.6065700185070944 0.07717041800643087 0.03485502776064158
23 0.770096463022508 0.6434299814929056 0.05080385852090032 0.04133251079580506
161 0.6379421221864952 0.16332510795805058 0.06045016077170418 0.029919802590993215
45 0.2202572347266881 0.6292412091301666 0.09196141479099679 0.032078963602714373
107 0.27234726688102895 0.5020049352251696 0.05980707395498393 0.03053670573719926
8 0.6945337620578779 0.32125231338679827 0.06302250803858521 0.029919802590993215
107 0.2395498392282958 0.39204194941394205 0.06881028938906752 0.030845157310302282
201 0.1797427652733119 0.8741517581739667 0.057234726688102894 0.02714373843306601
7 0.16109324758842444 0.7160703269586675 0.05209003215434084 0.02930289944478717
8 0.2643086816720257 0.3183220234423196 0.05401929260450161 0.027760641579272057
201 0.10257234726688103 0.2014188772362739 0.04437299035369775 0.03578038247995065
23 0.18488745980707397 0.9100863664404689 0.05466237942122187 0.037322640345465764
161 0.45980707395498394 0.2851634793337446 0.05659163987138264 0.027452190006169032
225 0.2369774919614148 0.5487353485502776 0.05980707395498393 0.02714373843306601
23 0.29485530546623795 0.46699568167797656 0.04180064308681672 0.026526835286859965
120 0.4118971061093248 0.2825416409623689 0.05466237942122187 0.033929673041332514
33 0.33601286173633443 0.8334361505243677 0.057234726688102894 0.030845157310302282
225 0.13344051446945338 0.5865206662553979 0.049517684887459806 0.037322640345465764
8 0.38135048231511254 0.7126773596545343 0.05659163987138264 0.03177051202961135
23 0.345016077170418 0.16270820481184456 0.06495176848874598 0.03423812461443553
23 0.8414790996784566 0.43969771745835906 0.03922829581993569 0.028069093152375078
225 0.19517684887459807 0.283466995681678 0.05209003215434084 0.027760641579272057
59 0.4054662379421222 0.7486119679210365 0.09710610932475884 0.03454657618753856