107 0.3104166666666667 0.29577922077922075 0.08750000000000001 0.05389610389610389
150 0.20375000000000001 0.37272727272727274 0.060833333333333336 0.053246753246753244
212 0.2816666666666667 0.5886363636363636 0.045000000000000005 0.0512987012987013
161 0.25916666666666666 0.22142857142857142 0.065 0.05844155844155844
59 0.1275 0.37597402597402596 0.08333333333333334 0.06493506493506493
8 0.31625000000000003 0.5097402597402597 0.06416666666666668 0.053246753246753244
8 0.2379166666666667 0.7425324675324675 0.0575 0.05389610389610389
119 0.3129166666666667 0.7386363636363636 0.08750000000000001 0.0512987012987013
212 0.79625 0.3974025974025974 0.037500000000000006 0.05454545454545454
201 0.7883333333333333 0.6224025974025974 0.058333333333333334 0.05649350649350649
8 0.7275 0.7737012987012987 0.06833333333333334 0.07077922077922078
150 0.21291666666666667 0.30097402597402595 0.07083333333333333 0.06168831168831169
150 0.5850000000000001 0.560064935064935 0.07 0.05649350649350649
8 0.6558333333333334 0.8574675324675325 0.07666666666666667 0.0512987012987013
107 0.42708333333333337 0.3574675324675325 0.07250000000000001 0.044805194805194806
212 0.23 0.4422077922077922 0.03833333333333334 0.048051948051948054
177 0.6375000000000001 0.6331168831168831 0.08333333333333334 0.06233766233766234
7 0.6608333333333334 0.6987012987012987 0.05666666666666667 0.06623376623376623
8 0.25375000000000003 0.6623376623376623 0.06583333333333334 0.05584415584415584
186 0.5841666666666667 0.8597402597402597 0.065 0.05584415584415584
23 0.5025000000000001 0.6435064935064935 0.058333333333333334 0.06103896103896104
8 0.4504166666666667 0.574025974025974 0.07916666666666668 0.053246753246753244
119 0.58375 0.7126623376623377 0.08083333333333334 0.05649350649350649
212 0.64375 0.4814935064935065 0.04083333333333333 0.05779220779220779
14 0.5454166666666667 0.34675324675324676 0.07250000000000001 0.053246753246753244
33 0.3433333333333334 0.5782467532467532 0.07 0.05519480519480519
23 0.7116666666666667 0.624025974025974 0.060000000000000005 0.05844155844155844
7 0.45958333333333334 0.7964285714285714 0.06916666666666667 0.07077922077922078
107 0.5179166666666667 0.4961038961038961 0.09083333333333334 0.053246753246753244
8 0.38125000000000003 0.8146103896103896 0.07583333333333334 0.06948051948051948
14 0.7108333333333334 0.4818181818181818 0.085 0.05454545454545454
8 0.7475 0.549025974025974 0.065 0.05519480519480519
150 0.57625 0.41363636363636364 0.08916666666666667 0.05454545454545454
212 0.3166666666666667 0.6577922077922078 0.04666666666666667 0.06103896103896104
23 0.7316666666666667 0.6928571428571428 0.05666666666666667 0.06363636363636363
23 0.43125 0.42597402597402595 0.05916666666666667 0.05454545454545454
150 0.555 0.7938311688311688 0.08166666666666667 0.05389610389610389
8 0.20083333333333334 0.22694805194805195 0.060000000000000005 0.05519480519480519
225 0.8666666666666667 0.5496753246753247 0.06833333333333334 0.05
201 0.3591666666666667 0.36493506493506495 0.03833333333333334 0.04285714285714286
8 0.7445833333333334 0.4 0.07083333333333333 0.05454545454545454
77 0.17750000000000002 0.6762987012987013 0.07833333333333334 0.08506493506493507
186 0.2804166666666667 0.3665584415584416 0.07583333333333334 0.05
14 0.43625 0.6496753246753246 0.07916666666666668 0.048701298701298704
225 0.375 0.6529220779220779 0.04833333333333334 0.052597402597402594
8 0.17125 0.4422077922077922 0.0775 0.048051948051948054
23 0.5970833333333334 0.4902597402597403 0.052500000000000005 0.06103896103896104
14 0.45 0.2850649350649351 0.07333333333333333 0.05064935064935065
100 0.51 0.5801948051948052 0.05166666666666667 0.08246753246753247
14 0.25083333333333335 0.5068181818181818 0.08 0.06428571428571428
59 0.3579166666666667 0.4340909090909091 0.09416666666666668 0.0512987012987013
119 0.49375 0.4211038961038961 0.0825 0.05519480519480519
100 0.7204166666666667 0.8600649350649351 0.05916666666666667 0.07207792207792207
212 0.8058333333333334 0.5512987012987013 0.05333333333333334 0.05194805194805195
212 0.79625 0.7730519480519481 0.04583333333333334 0.06818181818181818
201 0.7933333333333333 0.6941558441558442 0.055 0.05714285714285714
100 0.37375 0.5152597402597403 0.04583333333333334 0.07077922077922078
8 0.6083333333333334 0.3435064935064935 0.08166666666666667 0.04415584415584416
201 0.27958333333333335 0.44253246753246755 0.0625 0.044805194805194806
77 0.30875 0.8035714285714286 0.07250000000000001 0.06428571428571428
225 0.5650000000000001 0.6366883116883116 0.05333333333333334 0.06038961038961039
201 0.49083333333333334 0.3555194805194805 0.04 0.03961038961038961
14 0.7575000000000001 0.33084415584415583 0.07333333333333333 0.05389610389610389
8 0.8962500000000001 0.48214285714285715 0.05916666666666667 0.05649350649350649
14 0.8645833333333334 0.6237012987012986 0.09083333333333334 0.05909090909090909
201 0.7712500000000001 0.4824675324675325 0.04916666666666667 0.05194805194805195
14 0.4608333333333334 0.727922077922078 0.07500000000000001 0.05454545454545454
33 0.6633333333333333 0.4042207792207792 0.06666666666666667 0.05519480519480519
201 0.5170833333333333 0.7227272727272728 0.0575 0.05194805194805195
111 0.83625 0.4805194805194805 0.07250000000000001 0.05064935064935065
77 0.6687500000000001 0.5652597402597402 0.07916666666666668 0.07987012987012987
77 0.64875 0.785064935064935 0.08083333333333334 0.1012987012987013
45 0.8625 0.3974025974025974 0.08333333333333334 0.05844155844155844
23 0.22791666666666668 0.8025974025974026 0.052500000000000005 0.05194805194805195
8 0.39666666666666667 0.7321428571428571 0.065 0.052597402597402594
23 0.4291666666666667 0.5042207792207792 0.05666666666666667 0.05649350649350649