100 0.7570833333333333 0.512208067940552 0.052500000000000005 0.1475583864118896
201 0.8020833333333334 0.49363057324840764 0.0625 0.07218683651804671
212 0.29833333333333334 0.21019108280254778 0.03666666666666667 0.09766454352441613
212 0.8075000000000001 0.1884288747346072 0.03833333333333334 0.07537154989384288
150 0.42333333333333334 0.49469214437367304 0.09166666666666667 0.12314225053078556
8 0.5504166666666667 0.49309978768577495 0.07250000000000001 0.11146496815286625
8 0.8395833333333333 0.25424628450106157 0.052500000000000005 0.07749469214437367
177 0.255 0.5207006369426751 0.08666666666666667 0.1178343949044586
201 0.5337500000000001 0.34447983014861994 0.050833333333333335 0.07749469214437367
8 0.47708333333333336 0.6512738853503185 0.0975 0.11358811040339703
201 0.6454166666666667 0.7707006369426751 0.0625 0.12314225053078556
225 0.7058333333333334 0.7935244161358811 0.04666666666666667 0.11358811040339703
23 0.5916666666666667 0.3386411889596603 0.04833333333333334 0.08917197452229299
45 0.5104166666666667 0.2085987261146497 0.05416666666666667 0.06475583864118896
201 0.18291666666666667 0.512208067940552 0.050833333333333335 0.09235668789808917
201 0.7575000000000001 0.7669851380042463 0.06166666666666667 0.11146496815286625
8 0.7729166666666667 0.19479830148619956 0.0575 0.07749469214437367
14 0.555 0.6549893842887473 0.09000000000000001 0.1040339702760085
14 0.46875000000000006 0.35934182590233543 0.07583333333333334 0.1029723991507431
225 0.25708333333333333 0.3657112526539278 0.0475 0.09235668789808917
201 0.6112500000000001 0.6470276008492569 0.05416666666666667 0.09235668789808917
7 0.36291666666666667 0.208067940552017 0.0675 0.09341825902335456
119 0.74375 0.3381104033970276 0.07416666666666667 0.0881104033970276
23 0.4370833333333334 0.2054140127388535 0.06583333333333334 0.09872611464968152
225 0.56625 0.27016985138004246 0.052500000000000005 0.06687898089171974
7 0.33958333333333335 0.5084925690021231 0.07416666666666667 0.1040339702760085
225 0.49583333333333335 0.4989384288747346 0.05166666666666667 0.10828025477707007
59 0.8291666666666667 0.7807855626326964 0.07833333333333334 0.1178343949044586
33 0.7233333333333334 0.20382165605095542 0.06166666666666667 0.08492569002123142
8 0.32875000000000004 0.643312101910828 0.07916666666666668 0.12101910828025478
100 0.6425000000000001 0.37048832271762205 0.04833333333333334 0.14861995753715498
119 0.6758333333333334 0.6480891719745223 0.08333333333333334 0.11146496815286625
119 0.4033333333333334 0.3529723991507431 0.08333333333333334 0.07749469214437367
23 0.6233333333333334 0.21921443736730362 0.060000000000000005 0.07112526539278131
150 0.18833333333333335 0.3673036093418259 0.08333333333333334 0.09554140127388534
225 0.615 0.4888535031847134 0.06333333333333334 0.10509554140127389
14 0.58375 0.7940552016985137 0.09583333333333334 0.09978768577494691
119 0.40375000000000005 0.6613588110403397 0.08583333333333334 0.10615711252653928
8 0.3191666666666667 0.3651804670912951 0.08166666666666667 0.10191082802547771
161 0.8225 0.3466029723991507 0.07166666666666667 0.13694267515923567
212 0.6895833333333333 0.34023354564755837 0.0325 0.08386411889596602
59 0.7766666666666667 0.6549893842887473 0.10666666666666667 0.11040339702760085
14 0.22791666666666668 0.24044585987261147 0.07416666666666667 0.11146496815286625
107 0.6937500000000001 0.49575371549893843 0.08750000000000001 0.11464968152866242
225 0.15208333333333335 0.2064755838641189 0.05916666666666667 0.0881104033970276