201 0.20528109028960817 0.500199203187251 0.05167518455423055 0.0450199203187251
107 0.5996592844974447 0.3159362549800797 0.07722884724588303 0.0350597609561753
45 0.19988642816581487 0.3557768924302789 0.08290743895513912 0.02709163346613546
14 0.456274843838728 0.5884462151394423 0.05735377626348666 0.04143426294820717
7 0.7149346961953436 0.5681274900398406 0.04656445201590006 0.034262948207171316
9 0.5459965928449745 0.5906374501992032 0.044860874503123226 0.04980079681274901
14 0.22657580919931858 0.18824701195219123 0.03747870528109029 0.03067729083665339
23 0.2825099375354912 0.5452191235059761 0.04599659284497445 0.042629482071713146
8 0.44321408290743897 0.4057768924302789 0.04258943781942078 0.04103585657370518
8 0.20329358319136853 0.7239043824701196 0.06132879045996593 0.035856573705179286
23 0.454855195911414 0.3541832669322709 0.04770017035775128 0.037450199203187255
14 0.47643384440658715 0.6840637450199204 0.03861442362294151 0.03824701195219124
201 0.46876774559909146 0.18764940239043826 0.04258943781942078 0.03107569721115538
23 0.1686541737649063 0.5420318725099602 0.04202157864849517 0.04183266932270917
150 0.5993753549119818 0.40438247011952194 0.039182282793867124 0.02948207171314741
119 0.5769449176604202 0.4904382470119522 0.05224304372515616 0.04143426294820717
212 0.38642816581487793 0.4535856573705179 0.02555366269165247 0.05298804780876494
119 0.8327654741624078 0.5561752988047809 0.0380465644520159 0.04063745019920319
107 0.5499716070414538 0.6828685258964143 0.05735377626348666 0.04063745019920319
107 0.23821692220329357 0.3151394422310757 0.05167518455423055 0.0398406374501992
8 0.38103350369108463 0.1854581673306773 0.034071550255536626 0.03227091633466136
120 0.2524134014764339 0.39820717131474104 0.044860874503123226 0.03864541832669323
111 0.5386144236229415 0.3587649402390438 0.06076093128904032 0.0402390438247012
201 0.3233957978421352 0.6362549800796813 0.043725156161272004 0.04143426294820717
161 0.5096536059057354 0.18306772908366534 0.04940374787052811 0.034661354581673305
225 0.6445201590005679 0.3974103585657371 0.04997160704145372 0.03386454183266933
8 0.40005678591709254 0.3155378486055777 0.04713231118682567 0.04621513944223108
201 0.2938671209540034 0.39840637450199207 0.04599659284497445 0.037450199203187255
23 0.5928449744463373 0.5870517928286852 0.040885860306643956 0.042629482071713146
23 0.412549687677456 0.3559760956175299 0.04145371947756956 0.03545816733067729
201 0.49772856331629756 0.7270916334661355 0.04599659284497445 0.04302788844621514
59 0.41396933560477 0.500199203187251 0.08631459398069279 0.034661354581673305
225 0.44349801249290177 0.6816733067729084 0.029528676888131745 0.04223107569721116
225 0.35718341851220897 0.44800796812749005 0.03520726859738785 0.03067729083665339
119 0.7169222032935832 0.3137450199203187 0.044860874503123226 0.03227091633466136
23 0.28506530380465644 0.2256972111553785 0.039750141964792735 0.034661354581673305
201 0.533503691084611 0.4956175298804781 0.040318001135718345 0.02310756972111554
23 0.4128336172629188 0.22788844621513946 0.04997160704145372 0.037450199203187255
100 0.2010221465076661 0.5448207171314742 0.03861442362294151 0.04342629482071713
107 0.4852356615559341 0.500996015936255 0.06643952299829642 0.037848605577689244
8 0.4287336740488359 0.5394422310756972 0.05905735377626349 0.03824701195219124
201 0.2992617830777967 0.4478087649402391 0.03634298693923907 0.027888446215139442
8 0.5093696763202725 0.6840637450199204 0.029528676888131745 0.04063745019920319
23 0.4043157296990346 0.6737051792828685 0.0488358886996025 0.0350597609561753
201 0.42674616695059625 0.6370517928286853 0.04713231118682567 0.04701195219123506
201 0.32282793867120957 0.6806772908366534 0.0380465644520159 0.044223107569721115
14 0.2717206132879046 0.3573705179282869 0.059625212947189095 0.03346613545816733
201 0.17632027257240204 0.5896414342629482 0.03577512776831346 0.04701195219123506
212 0.3197047132311187 0.450796812749004 0.030664395229982964 0.04183266932270917
14 0.7651902328222601 0.31772908366533864 0.044860874503123226 0.036254980079681275
120 0.30465644520159 0.49760956175298804 0.06303236797274277 0.03266932270916335
119 0.49148211243611584 0.40856573705179283 0.06757524134014764 0.04342629482071713
8 0.16780238500851788 0.22310756972111553 0.04826802952867689 0.0350597609561753
23 0.2680295286768881 0.18705179282868525 0.044293015332197615 0.02908366533864542
186 0.37052810902896083 0.35717131474103586 0.05053946621237933 0.03545816733067729
119 0.22600795002839297 0.5960159362549801 0.06132879045996593 0.04063745019920319
23 0.21493469619534356 0.3956175298804781 0.05394662123793299 0.04063745019920319
59 0.4696195343554799 0.3143426294820717 0.10221465076660988 0.04143426294820717
33 0.43214082907438955 0.18844621513944224 0.04770017035775128 0.03107569721115538
8 0.2535491198182851 0.44482071713147414 0.04713231118682567 0.044223107569721115
120 0.29045996592844975 0.3137450199203187 0.056218057921635436 0.042629482071713146
33 0.21493469619534356 0.6412350597609562 0.06076093128904032 0.045816733067729085
212 0.3427030096536059 0.7247011952191236 0.034639409426462237 0.03824701195219124
119 0.32651902328222604 0.5442231075697211 0.04997160704145372 0.037450199203187255
8 0.3248154457694492 0.3545816733067729 0.04997160704145372 0.034262948207171316
119 0.34099943214082906 0.39681274900398406 0.059625212947189095 0.04302788844621514
23 0.8057921635434412 0.3187250996015936 0.03520726859738785 0.037450199203187255
119 0.2021578648495173 0.44661354581673307 0.06246450880181715 0.04780876494023904
212 0.16013628620102216 0.49521912350597613 0.04656445201590006 0.03187250996015936
161 0.4741624077228847 0.6370517928286853 0.05792163543441227 0.04860557768924303
8 0.5445769449176604 0.3141434262948207 0.05224304372515616 0.03864541832669323
225 0.5479840999432141 0.7294820717131474 0.06132879045996593 0.04780876494023904
119 0.18086314593980693 0.18784860557768926 0.044860874503123226 0.03067729083665339
186 0.5312322544009086 0.6372509960159363 0.07666098807495741 0.05059760956175299
201 0.2773992049971607 0.5932270916334662 0.043725156161272004 0.037450199203187255
8 0.4611016467915957 0.2256972111553785 0.04997160704145372 0.03864541832669323
161 0.3489494605337876 0.5 0.05394662123793299 0.0398406374501992
225 0.3191368540601931 0.5920318725099601 0.04997160704145372 0.03824701195219124
225 0.18824531516183987 0.3151394422310757 0.04599659284497445 0.03107569721115538
8 0.23821692220329357 0.3151394422310757 0.05167518455423055 0.0398406374501992
14 0.30096536059057355 0.7229083665338646 0.04202157864849517 0.04342629482071713
186 0.6226575809199318 0.4904382470119522 0.05394662123793299 0.04143426294820717
14 0.24304372515616127 0.22430278884462151 0.0488358886996025 0.0350597609561753
8 0.6624077228847246 0.3169322709163347 0.055082339579784215 0.03306772908366534
14 0.44321408290743897 0.7254980079681275 0.06757524134014764 0.04302788844621514
212 0.4994321408290744 0.2294820717131474 0.030096536059057353 0.045418326693227096
23 0.6672345258375922 0.5727091633466136 0.05110732538330494 0.037848605577689244
8 0.2441794434980125 0.6832669322709164 0.0488358886996025 0.035856573705179286
120 0.34582623509369675 0.3141434262948207 0.05792163543441227 0.049003984063745024
7 0.16524701873935263 0.39342629482071717 0.04656445201590006 0.03545816733067729
100 0.1848381601362862 0.6836653386454183 0.04599659284497445 0.03346613545816733
201 0.5542305508233958 0.4065737051792829 0.05792163543441227 0.03545816733067729
100 0.7549687677455991 0.5649402390438247 0.033503691084611015 0.030278884462151396
212 0.49829642248722317 0.5908366533864542 0.03577512776831346 0.03904382470119522
100 0.4994321408290744 0.3599601593625498 0.03236797274275979 0.049003984063745024
119 0.5360590573537762 0.22629482071713147 0.04656445201590006 0.04223107569721116
100 0.25014196479273143 0.7290836653386454 0.055082339579784215 0.04780876494023904
23 0.36655309483248155 0.5906374501992032 0.044860874503123226 0.045816733067729085
225 0.37223168654173766 0.6358565737051793 0.05167518455423055 0.04223107569721116
100 0.6260647359454855 0.5762948207171315 0.03577512776831346 0.042629482071713146
8 0.5775127768313458 0.3591633466135458 0.05110732538330494 0.04183266932270917
225 0.3850085178875639 0.7256972111553786 0.04770017035775128 0.042629482071713146
45 0.6964792731402613 0.39900398406374504 0.04145371947756956 0.03306772908366534
225 0.3628620102214651 0.6786852589641434 0.04315729699034639 0.03705179282868526
225 0.412549687677456 0.5888446215139442 0.04258943781942078 0.04462151394422311
161 0.2552526973310619 0.49960159362549805 0.04713231118682567 0.0398406374501992
225 0.835320840431573 0.31892430278884465 0.034071550255536626 0.03306772908366534
212 0.20300965360590573 0.22788844621513946 0.031232254400908575 0.04462151394422311
119 0.28563316297558206 0.6752988047808766 0.03520726859738785 0.0398406374501992
201 0.24247586598523566 0.5432270916334662 0.03861442362294151 0.03545816733067729
14 0.38188529244747305 0.5394422310756972 0.055082339579784215 0.0398406374501992
7 0.36740488358886997 0.2258964143426295 0.044293015332197615 0.04063745019920319
23 0.67206132879046 0.4868525896414343 0.055082339579784215 0.045418326693227096
23 0.272572402044293 0.6344621513944223 0.05792163543441227 0.04183266932270917
201 0.7935831913685406 0.5551792828685259 0.04145371947756956 0.03386454183266933
14 0.39182282793867124 0.4 0.054514480408858604 0.04223107569721116