212 0.4462890625 0.38230808337569905 0.017578125 0.040671072699542454
107 0.292236328125 0.3291814946619217 0.03076171875 0.041179461108286734
161 0.56201171875 0.2857142857142857 0.03125 0.03762074224707677
107 0.50146484375 0.38993390950686324 0.0302734375 0.040671072699542454
161 0.37060546875 0.3845958312150483 0.03125 0.0472801220132181
8 0.4736328125 0.6215048296898831 0.025390625 0.045246568378240974
8 0.3857421875 0.6057447890188103 0.0341796875 0.043213014743263854
119 0.341796875 0.3787493645144891 0.037109375 0.03863751906456533
23 0.596435546875 0.5134722928317235 0.03271484375 0.05083884087442806
7 0.6455078125 0.5236400610066091 0.0302734375 0.05287239450940519
23 0.4912109375 0.3335027961362481 0.025390625 0.0315200813421454
59 0.5986328125 0.8233350279613625 0.03515625 0.04931367564819522
107 0.588623046875 0.28113879003558717 0.02685546875 0.03660396542958821
225 0.67578125 0.5889679715302492 0.033203125 0.043213014743263854
77 0.323974609375 0.6438739196746315 0.02685546875 0.07574987290289781
107 0.494140625 0.28164717844433146 0.029296875 0.044738179969496694
201 0.6474609375 0.2839349262836807 0.0302734375 0.0340620233858668
33 0.49755859375 0.8589222165734621 0.0439453125 0.041179461108286734
186 0.559326171875 0.3909506863243518 0.04052734375 0.044738179969496694
111 0.334228515625 0.43340111845449925 0.01806640625 0.0340620233858668
100 0.315185546875 0.5915099135739705 0.03173828125 0.029994916115912557
23 0.50390625 0.4433146924250127 0.0283203125 0.03965429588205389
100 0.612060546875 0.28622267412303 0.03369140625 0.03355363497712252
201 0.63134765625 0.7041179461108287 0.0302734375 0.03762074224707677
8 0.34765625 0.48830706659888157 0.0244140625 0.041179461108286734
201 0.437744140625 0.3335027961362481 0.02294921875 0.042704626334519574
225 0.347412109375 0.27325876970005086 0.02099609375 0.03914590747330961
23 0.619873046875 0.5795627859684799 0.02783203125 0.05490594814438231
107 0.65380859375 0.7074224707676665 0.02734375 0.03609557702084393
201 0.514404296875 0.28164717844433146 0.02197265625 0.03457041179461108
225 0.427978515625 0.44051855617691915 0.01904296875 0.045246568378240974
8 0.449951171875 0.49669547534316216 0.02880859375 0.04677173360447382
212 0.37451171875 0.43721403152008137 0.0166015625 0.05388917132689375
119 0.401123046875 0.2742755465175394 0.03759765625 0.042196237925775294
186 0.573974609375 0.8833248601931876 0.03173828125 0.05439755973563803
186 0.43798828125 0.27605490594814436 0.0361328125 0.041687849517031014
23 0.44384765625 0.4356888662938485 0.01953125 0.03457041179461108
120 0.537841796875 0.2857142857142857 0.02978515625 0.041687849517031014
8 0.369384765625 0.2755465175394001 0.03076171875 0.03457041179461108
225 0.39501953125 0.3820538891713269 0.0205078125 0.03609557702084393
212 0.28466796875 0.27605490594814436 0.0263671875 0.05185561769191663
8 0.508544921875 0.5033045246568378 0.03271484375 0.05388917132689375
161 0.55908203125 0.4560244026436197 0.0283203125 0.044738179969496694
7 0.41552734375 0.3815455007625826 0.0244140625 0.041179461108286734
7 0.310791015625 0.27325876970005086 0.02490234375 0.03609557702084393
119 0.421630859375 0.4949161159125572 0.03173828125 0.03914590747330961
107 0.4345703125 0.6736146415861718 0.037109375 0.043721403152008134
201 0.394287109375 0.4374682257244535 0.02099609375 0.03304524656837824
212 0.409912109375 0.4387391967463142 0.01416015625 0.04880528723945094
212 0.625732421875 0.4570411794611083 0.01806640625 0.05490594814438231
8 0.37939453125 0.3291814946619217 0.03125 0.041179461108286734
212 0.63525390625 0.33629893238434166 0.0205078125 0.05236400610066091
201 0.530029296875 0.3909506863243518 0.02783203125 0.03457041179461108
8 0.43505859375 0.6108286731062532 0.0263671875 0.041179461108286734
14 0.3671875 0.6570920183019827 0.03515625 0.04626334519572954
33 0.483642578125 0.8032536858159635 0.03076171875 0.0498220640569395
8 0.50048828125 0.5594814438230808 0.03125 0.04829689883070666
23 0.338623046875 0.7069140823589222 0.03173828125 0.045246568378240974
201 0.5712890625 0.8159633960345705 0.0205078125 0.045754956786985254
119 0.388427734375 0.5503304524656838 0.03564453125 0.043213014743263854
201 0.436279296875 0.7257244534824606 0.03076171875 0.041179461108286734
7 0.631591796875 0.7605490594814438 0.02783203125 0.043721403152008134
8 0.575927734375 0.33629893238434166 0.03857421875 0.04931367564819522
225 0.598388671875 0.7592780884595831 0.02685546875 0.03507880020335536
100 0.3115234375 0.4379766141331978 0.0205078125 0.04016268429079817
33 0.54345703125 0.3357905439755974 0.0302734375 0.041179461108286734
120 0.6484375 0.45907473309608543 0.0244140625 0.03558718861209965
100 0.334228515625 0.33833248601931876 0.02197265625 0.041179461108286734
161 0.441162109375 0.5589730554143365 0.02880859375 0.0472801220132181
186 0.3720703125 0.7132689374682257 0.0380859375 0.04677173360447382
201 0.53564453125 0.45094051855617695 0.0244140625 0.041687849517031014
225 0.58056640625 0.4514489069649212 0.0166015625 0.03660396542958821
33 0.514892578125 0.3365531265887138 0.03271484375 0.041687849517031014
23 0.351318359375 0.4364514489069649 0.02490234375 0.04016268429079817
119 0.35595703125 0.6006609049313676 0.037109375 0.045246568378240974
161 0.6474609375 0.5876970005083885 0.025390625 0.04778851042196238
161 0.461181640625 0.3368073207930859 0.03173828125 0.0472801220132181
120 0.64599609375 0.8263853584138282 0.02734375 0.044229791560752414
14 0.606689453125 0.34341637010676157 0.04052734375 0.045246568378240974
8 0.289306640625 0.43238434163701067 0.03369140625 0.04626334519572954
212 0.62451171875 0.8233350279613625 0.0126953125 0.045246568378240974
201 0.28955078125 0.3787493645144891 0.02734375 0.03558718861209965
177 0.565185546875 0.5096593797661413 0.03369140625 0.05134722928317234
8 0.398193359375 0.6598881545500762 0.03173828125 0.042704626334519574
107 0.472412109375 0.43975597356380275 0.03369140625 0.03355363497712252
177 0.322998046875 0.4862735129639044 0.02978515625 0.04626334519572954
59 0.640625 0.3983223182511439 0.044921875 0.041179461108286734
212 0.451416015625 0.6204880528723945 0.02490234375 0.06558210472801221
201 0.397216796875 0.4944077275038129 0.02197265625 0.043213014743263854
100 0.311767578125 0.3866293848500254 0.02587890625 0.0472801220132181
8 0.34619140625 0.6507371631926793 0.0283203125 0.04677173360447382
59 0.412109375 0.33146924250127097 0.033203125 0.03660396542958821
7 0.54541015625 0.8144382308083375 0.03125 0.05287239450940519
23 0.4638671875 0.27656329435688864 0.0263671875 0.043721403152008134
59 0.32958984375 0.5457549567869853 0.033203125 0.05236400610066091
119 0.4765625 0.5 0.0322265625 0.045246568378240974
150 0.619140625 0.8884087442806304 0.0439453125 0.05033045246568378
8 0.35693359375 0.548805287239451 0.03125 0.043213014743263854
8 0.599609375 0.39755973563802743 0.033203125 0.040671072699542454
107 0.4716796875 0.38866293848500255 0.03125 0.03812913065582105
8 0.514892578125 0.8118962887646162 0.03271484375 0.05490594814438231
23 0.316650390625 0.3286731062531774 0.02294921875 0.0340620233858668
177 0.52734375 0.559735638027453 0.0390625 0.04880528723945094
161 0.33056640625 0.2768174885612608 0.0263671875 0.042196237925775294
201 0.417236328125 0.5531265887137773 0.03271484375 0.042704626334519574
14 0.41015625 0.610574478901881 0.0263671875 0.040671072699542454
212 0.40625 0.7186070157600407 0.0263671875 0.0472801220132181
186 0.468505859375 0.5584646670055923 0.03369140625 0.04626334519572954
111 0.356689453125 0.33172343670564314 0.02783203125 0.04016268429079817
77 0.601806640625 0.46517539400101676 0.03271484375 0.07930859176410777