8 0.2070631970260223 0.6553648068669528 0.03494423791821561 0.045493562231759654
212 0.12676579925650558 0.544206008583691 0.02453531598513011 0.04463519313304721
23 0.7078066914498141 0.23862660944206007 0.03717472118959108 0.04120171673819742
225 0.16691449814126394 0.6527896995708155 0.0483271375464684 0.047210300429184546
119 0.45650557620817844 0.4909871244635193 0.05055762081784387 0.054935622317596564
119 0.6602230483271375 0.6721030042918454 0.046096654275092935 0.04978540772532188
23 0.6728624535315985 0.12746781115879827 0.03717472118959108 0.050643776824034335
201 0.5066914498141264 0.49957081545064375 0.04981412639405204 0.04978540772532188
119 0.2888475836431227 0.37982832618025747 0.03345724907063197 0.03690987124463519
119 0.7828996282527881 0.5660944206008584 0.04758364312267658 0.05407725321888412
14 0.19219330855018588 0.5459227467811159 0.04535315985130112 0.04120171673819742
119 0.6137546468401487 0.29957081545064373 0.04237918215613383 0.04806866952789699
8 0.5527881040892193 0.45450643776824035 0.040892193308550186 0.04892703862660944
212 0.8858736059479554 0.5098712446351931 0.03494423791821561 0.054935622317596564
111 0.4345724907063197 0.43819742489270386 0.0379182156133829 0.047210300429184546
7 0.1587360594795539 0.4836909871244635 0.04237918215613383 0.04377682403433476
212 0.5241635687732342 0.45150214592274673 0.017843866171003718 0.054935622317596564
8 0.9784386617100371 0.14248927038626608 0.03271375464684015 0.054935622317596564
8 0.8513011152416357 0.2390557939914163 0.03271375464684015 0.05407725321888412
107 0.69182156133829 0.3579399141630901 0.04684014869888476 0.04978540772532188
186 0.7672862453531598 0.6682403433476395 0.05204460966542751 0.04892703862660944
120 0.4895910780669145 0.6103004291845493 0.03940520446096654 0.0463519313304721
107 0.28401486988847585 0.4296137339055794 0.046096654275092935 0.05236051502145923
161 0.24944237918215614 0.4858369098712446 0.04684014869888476 0.04978540772532188
212 0.8230483271375465 0.5051502145922746 0.020817843866171002 0.05236051502145923
186 0.8992565055762082 0.6283261802575107 0.03494423791821561 0.05150214592274678
33 0.24907063197026022 0.655793991416309 0.05055762081784387 0.04806866952789699
201 0.23717472118959107 0.5454935622317596 0.046096654275092935 0.04206008583690987
225 0.5743494423791822 0.4025751072961373 0.036431226765799254 0.04806866952789699
161 0.7345724907063197 0.6188841201716738 0.05204460966542751 0.054935622317596564
201 0.7304832713754646 0.3060085836909871 0.040892193308550186 0.04377682403433476
14 0.6449814126394052 0.6120171673819742 0.04535315985130112 0.04978540772532188
23 0.7048327137546468 0.06952789699570815 0.04758364312267658 0.04291845493562232
186 0.14869888475836432 0.6017167381974249 0.04014869888475836 0.04806866952789699
7 0.5959107806691449 0.45493562231759654 0.04386617100371747 0.04978540772532188
212 0.9107806691449813 0.1875536480686695 0.02379182156133829 0.045493562231759654
14 0.5646840148698885 0.6128755364806867 0.0483271375464684 0.04291845493562232
225 0.8022304832713755 0.1240343347639485 0.038661710037174724 0.045493562231759654
177 0.7762081784386617 0.6197424892703862 0.04907063197026022 0.05150214592274678
201 0.8211895910780669 0.1793991416309013 0.03940520446096654 0.05321888412017167
8 0.6724907063197025 0.18626609442060085 0.03940520446096654 0.04806866952789699
225 0.29182156133828996 0.48497854077253216 0.03494423791821561 0.04978540772532188
8 0.8118959107806691 0.6798283261802575 0.03717472118959108 0.058369098712446346
23 0.4933085501858736 0.4437768240343347 0.03940520446096654 0.04978540772532188
77 0.6799256505576208 0.29871244635193134 0.051301115241635685 0.07210300429184549
201 0.8498141263940521 0.6802575107296137 0.041635687732342004 0.05579399141630901
8 0.3866171003717472 0.5527896995708155 0.02973977695167286 0.04291845493562232
33 0.8992565055762082 0.13519313304721028 0.040892193308550186 0.050643776824034335
120 0.1866171003717472 0.4274678111587983 0.04014869888475836 0.04463519313304721
119 0.7026022304832714 0.5605150214592275 0.04312267657992565 0.05150214592274678
77 0.12230483271375464 0.42703862660944203 0.04684014869888476 0.0575107296137339
107 0.3449814126394052 0.5489270386266094 0.04758364312267658 0.04206008583690987
119 0.39107806691449815 0.4412017167381974 0.05055762081784387 0.054935622317596564
14 0.22825278810408922 0.5982832618025751 0.046096654275092935 0.04806866952789699
59 0.7449814126394052 0.5068669527896995 0.05204460966542751 0.06266094420600858
186 0.6304832713754647 0.40429184549356223 0.038661710037174724 0.04120171673819742
100 0.3245353159851301 0.43433476394849785 0.03345724907063197 0.05321888412017167
212 0.3520446096654275 0.4351931330472103 0.02453531598513011 0.054935622317596564
23 0.5475836431226766 0.34334763948497854 0.040892193308550186 0.04120171673819742
120 0.4557620817843866 0.6630901287553648 0.035687732342007436 0.047210300429184546
8 0.866542750929368 0.6223175965665235 0.04386617100371747 0.04806866952789699
212 0.2724907063197026 0.5497854077253218 0.026022304832713755 0.045493562231759654
23 0.5468401486988848 0.5618025751072961 0.036431226765799254 0.04892703862660944
120 0.9193308550185874 0.24206008583690986 0.0379182156133829 0.056652360515021455
77 0.5929368029739777 0.3467811158798283 0.0483271375464684 0.06523605150214593
23 0.9431226765799257 0.13819742489270387 0.03940520446096654 0.054935622317596564
161 0.5312267657992565 0.3991416309012875 0.04535315985130112 0.0463519313304721
100 0.6784386617100372 0.4523605150214592 0.040892193308550186 0.0463519313304721
150 0.642007434944238 0.35150214592274676 0.051301115241635685 0.050643776824034335
14 0.8728624535315985 0.1815450643776824 0.041635687732342004 0.04206008583690987
8 0.18810408921933086 0.5969957081545064 0.04312267657992565 0.04206008583690987
225 0.5059479553903345 0.3407725321888412 0.04386617100371747 0.04291845493562232
100 0.7029739776951672 0.18454935622317595 0.030483271375464683 0.05321888412017167
8 0.3516728624535316 0.6038626609442059 0.04014869888475836 0.04892703862660944
23 0.7394052044609666 0.5605150214592275 0.036431226765799254 0.058369098712446346
212 0.15650557620817843 0.4261802575107296 0.02007434944237918 0.045493562231759654
8 0.7260223048327138 0.6716738197424892 0.036431226765799254 0.04892703862660944
23 0.2721189591078067 0.5965665236051502 0.041635687732342004 0.03948497854077253
8 0.6052044609665428 0.6145922746781115 0.03420074349442379 0.04463519313304721
23 0.4130111524163569 0.49184549356223173 0.036431226765799254 0.04806866952789699
201 0.7907063197026022 0.5030042918454936 0.04237918215613383 0.056652360515021455
161 0.3133828996282528 0.6008583690987124 0.04237918215613383 0.05150214592274678
59 0.587732342007435 0.5626609442060085 0.0483271375464684 0.047210300429184546
201 0.9609665427509293 0.24763948497854077 0.0483271375464684 0.050643776824034335
161 0.6323420074349442 0.2450643776824034 0.03940520446096654 0.050643776824034335
23 0.8237918215613382 0.6214592274678111 0.04460966542750929 0.04463519313304721
59 0.5431226765799256 0.6690987124463519 0.06171003717472119 0.04892703862660944
45 0.6353159851301116 0.45536480686695274 0.036431226765799254 0.0575107296137339
23 0.875092936802974 0.5742489270386266 0.02973977695167286 0.05150214592274678
77 0.5617100371747212 0.5090128755364807 0.05427509293680297 0.06866952789699571
186 0.6713754646840149 0.24206008583690986 0.04460966542750929 0.04291845493562232
120 0.8825278810408922 0.23948497854077253 0.03717472118959108 0.04978540772532188
14 0.7401486988847583 0.23776824034334762 0.03940520446096654 0.03948497854077253
225 0.1557620817843866 0.548068669527897 0.03345724907063197 0.04377682403433476
14 0.37063197026022304 0.6575107296137339 0.04981412639405204 0.04463519313304721
177 0.4513011152416357 0.39570815450643776 0.03717472118959108 0.04806866952789699
201 0.4907063197026022 0.39742489270386266 0.04312267657992565 0.04120171673819742
119 0.3992565055762082 0.6038626609442059 0.04907063197026022 0.05236051502145923
201 0.2955390334572491 0.6553648068669528 0.04535315985130112 0.04206008583690987
201 0.7635687732342007 0.12317596566523605 0.041635687732342004 0.050643776824034335
8 0.8483271375464684 0.44206008583690987 0.05055762081784387 0.056652360515021455
100 0.41486988847583645 0.5583690987124463 0.026765799256505577 0.04892703862660944
77 0.9197026022304833 0.29227467811158797 0.04758364312267658 0.04892703862660944
201 0.20669144981412638 0.4836909871244635 0.046096654275092935 0.045493562231759654
14 0.8360594795539034 0.5733905579399141 0.0483271375464684 0.04978540772532188
23 0.4174721189591078 0.6583690987124463 0.04386617100371747 0.04291845493562232
8 0.3237918215613383 0.48927038626609437 0.03494423791821561 0.04978540772532188
225 0.5092936802973977 0.5566523605150214 0.038661710037174724 0.045493562231759654
212 0.6962825278810408 0.6652360515021459 0.02899628252788104 0.05150214592274678
59 0.16171003717472118 0.3802575107296137 0.04535315985130112 0.04120171673819742
225 0.8516728624535316 0.5090128755364807 0.040892193308550186 0.05321888412017167
201 0.46654275092936803 0.3407725321888412 0.03494423791821561 0.0463519313304721
119 0.36617100371747213 0.48884120171673817 0.051301115241635685 0.047210300429184546
212 0.4795539033457249 0.5562231759656652 0.020817843866171002 0.04120171673819742
201 0.4494423791821561 0.5527896995708155 0.040892193308550186 0.03948497854077253
23 0.6892193308550186 0.6133047210300429 0.041635687732342004 0.04377682403433476
45 0.6044609665427509 0.6639484978540772 0.060966542750929366 0.045493562231759654
45 0.8498141263940521 0.12532188841201716 0.05799256505576208 0.0463519313304721
23 0.6747211895910781 0.4051502145922747 0.051301115241635685 0.04291845493562232
212 0.645724907063197 0.2978540772532189 0.017100371747211896 0.04806866952789699
8 0.49591078066914496 0.6686695278969956 0.04758364312267658 0.0463519313304721
225 0.3371747211895911 0.6519313304721029 0.03940520446096654 0.04892703862660944
23 0.12602230483271376 0.6549356223175965 0.036431226765799254 0.04463519313304721
33 0.44721189591078064 0.6051502145922747 0.0483271375464684 0.04120171673819742
161 0.5230483271375465 0.6128755364806867 0.04386617100371747 0.04806866952789699
212 0.6003717472118959 0.4034334763948498 0.021561338289962824 0.04291845493562232
201 0.29962825278810407 0.5493562231759657 0.038661710037174724 0.04120171673819742
225 0.9434944237918216 0.1944206008583691 0.041635687732342004 0.04377682403433476
8 0.7304832713754646 0.1832618025751073 0.03494423791821561 0.047210300429184546
59 0.712639405204461 0.13133047210300428 0.04535315985130112 0.04806866952789699
150 0.23308550185873605 0.4248927038626609 0.05278810408921933 0.04463519313304721