23 0.7490421455938697 0.6313750806972239 0.13409961685823757 0.05293737895416397
225 0.6302681992337165 0.6349257585539057 0.11621966794380588 0.054874112330535824
120 0.4980842911877395 0.31762427372498386 0.12260536398467434 0.06455777921239508
8 0.7611749680715199 0.23111684958037443 0.16602809706257984 0.0710135571336346
225 0.7081736909323116 0.06714009038089089 0.12388250319284803 0.051646223369916075
212 0.41187739463601536 0.31762427372498386 0.06768837803320563 0.05810200129115558
7 0.14367816091954025 0.5474499677211103 0.10344827586206898 0.046481601032924466
120 0.07407407407407408 0.3918657198192382 0.08173690932311622 0.06584893479664299
225 0.13729246487867178 0.46449322143318267 0.08812260536398468 0.054874112330535824
111 0.3544061302681993 0.3954163976759199 0.12643678160919541 0.045836023240800515
8 0.8039591315453385 0.07327307940606842 0.1443167305236271 0.04970948999354422
23 0.4374201787994892 0.7075532601678501 0.12132822477650064 0.05810200129115558
212 0.4444444444444445 0.39218850871530014 0.05874840357598979 0.06262104583602324
201 0.48467432950191575 0.06778566817301485 0.09323116219667944 0.04389928986442866
201 0.6768837803320562 0.5500322788896062 0.09706257982120052 0.04777275661717237
8 0.2592592592592593 0.15752098127824402 0.15325670498084293 0.05939315687540348
23 0.8014048531289911 0.47740477727566166 0.08812260536398468 0.056165267914783726
45 0.5823754789272031 0.7927695287282117 0.19412515964240104 0.05681084570690768
8 0.554278416347382 0.39283408650742413 0.16347381864623245 0.06391220142027114
23 0.6813537675606641 0.39283408650742413 0.09578544061302682 0.054874112330535824
7 0.855683269476373 0.9567462879276952 0.1302681992337165 0.06455777921239508
212 0.8876117496807152 0.23305358295674627 0.0842911877394636 0.08005164622336991
8 0.7183908045977012 0.15171078114912845 0.15197956577266922 0.061975468043899286
33 0.5625798212005109 0.5500322788896062 0.13920817369093233 0.06714009038089089
201 0.16922094508301405 0.39380245319561 0.10855683269476374 0.04389928986442866
201 0.3607918263090677 0.5422853453841188 0.09067688378033206 0.034861200774693346
120 0.43486590038314177 0.8001936733376371 0.11877394636015326 0.061329890251775335
33 0.5957854406130269 0.9515816655907036 0.10089399744572158 0.05939315687540348
77 0.599616858237548 0.24273724983860553 0.157088122605364 0.10587475790832794
225 0.5114942528735632 0.6339573918657198 0.12643678160919541 0.05293737895416397
77 0.2484035759897829 0.7998708844415752 0.1417624521072797 0.10329244673983215
14 0.8678160919540231 0.8860555196901226 0.11621966794380588 0.056165267914783726
23 0.3690932311621967 0.07682375726275016 0.11749680715197958 0.05939315687540348
225 0.29629629629629634 0.6284699806326662 0.09706257982120052 0.04970948999354422
100 0.10472541507024266 0.30955455132343446 0.08939974457215837 0.05745642349903163
23 0.7547892720306514 0.3221433182698515 0.1149425287356322 0.0710135571336346
150 0.4335887611749681 0.236604260813428 0.15964240102171137 0.054874112330535824
107 0.6111111111111112 0.8786313750806972 0.14942528735632185 0.05293737895416397
107 0.8397190293742018 0.7130406714009038 0.13409961685823757 0.07165913492575855
23 0.40229885057471265 0.631697869593286 0.12260536398467434 0.05358295674628792
23 0.48595146871008943 0.4719173660426081 0.10089399744572158 0.05810200129115558
45 0.7037037037037037 0.7114267269205938 0.13282247765006386 0.045190445448676564
186 0.27330779054916987 0.2391865719819238 0.13793103448275862 0.054874112330535824
119 0.42017879948914433 0.15203357004519044 0.16602809706257984 0.05358295674628792
120 0.7630906768837804 0.5500322788896062 0.13154533844189017 0.06326662362814718
186 0.30395913154533843 0.7104583602324079 0.16347381864623245 0.06520335700451904
212 0.4361430395913155 0.5493867010974822 0.07790549169859515 0.06972240154938669
212 0.14687100893997446 0.7908327953518398 0.05619412515964241 0.0723047127178825
111 0.566411238825032 0.7169141381536475 0.12899106002554278 0.056165267914783726
212 0.26181353767560667 0.3967075532601678 0.06130268199233717 0.06262104583602324
186 0.5708812260536399 0.15590703679793413 0.1430395913154534 0.056165267914783726
77 0.29693486590038315 0.32375726275016137 0.12132822477650064 0.1078114912846998
119 0.13729246487867178 0.23950936087798577 0.1698595146871009 0.061975468043899286
150 0.14942528735632185 0.6242737249838605 0.140485312899106 0.05422853453841187
23 0.7037037037037037 0.9499677211103937 0.12005108556832696 0.06003873466752743
161 0.598978288633461 0.07585539057456422 0.1302681992337165 0.07682375726275016
23 0.26309067688378035 0.5474499677211103 0.0842911877394636 0.04906391220142027
212 0.35121328224776505 0.7998708844415752 0.06641123882503193 0.06972240154938669
100 0.7675606641123883 0.4005810200129115 0.08939974457215837 0.06520335700451904
23 0.7535121328224776 0.7976113621691413 0.1685823754789272 0.056165267914783726
212 0.18007662835249044 0.31633311814073595 0.07407407407407408 0.05681084570690768
77 0.25287356321839083 0.4725629438347321 0.12515964240102173 0.09296320206584893
8 0.7375478927203065 0.8776630083925112 0.14942528735632185 0.06778566817301485
119 0.6392081736909323 0.46772111039380243 0.2132822477650064 0.06003873466752743
212 0.19731800766283525 0.7143318269851516 0.08045977011494253 0.07036797934151065
100 0.11558109833971904 0.7133634602969657 0.0855683269476373 0.06584893479664299
150 0.6328224776500639 0.3182698515171078 0.16219667943805877 0.06455777921239508
45 0.3690932311621967 0.4719173660426081 0.140485312899106 0.04777275661717237