201 0.3296440972222222 0.46158213474640425 0.029947916666666664 0.032929598788796366
225 0.599392361111111 0.514004542013626 0.03819444444444444 0.03860711582134747
119 0.3663194444444444 0.4112414837244512 0.04774305555555555 0.043527630582891746
45 0.35199652777777773 0.3143451930355791 0.0546875 0.032929598788796366
23 0.6104600694444444 0.5628311884935655 0.045572916666666664 0.0408781226343679
225 0.44986979166666663 0.4133232399697199 0.039496527777777776 0.03785011355034065
8 0.2593315972222222 0.21990915972747918 0.047309027777777776 0.036336109008327025
100 0.23763020833333331 0.12490537471612415 0.028211805555555552 0.04314912944738834
107 0.3661024305555555 0.07361847085541257 0.04123263888888889 0.03520060560181681
120 0.3530815972222222 0.3593868281604845 0.04383680555555555 0.03595760787282362
119 0.4333767361111111 0.35976532929598787 0.04644097222222222 0.03898561695685087
23 0.4539930555555555 0.46442089326267977 0.041666666666666664 0.0348221044663134
8 0.6351996527777778 0.5198713096139288 0.031684027777777776 0.043527630582891746
8 0.4099392361111111 0.41010598031794093 0.04036458333333333 0.03898561695685087
161 0.4774305555555555 0.5179788039364118 0.04079861111111111 0.04125662376987131
150 0.20616319444444442 0.17032551097653292 0.041666666666666664 0.03785011355034065
107 0.14952256944444445 0.12471612414837245 0.060329861111111105 0.029901589704769114
119 0.4954427083333333 0.4634746404239213 0.04644097222222222 0.032929598788796366
45 0.3196614583333333 0.4121877365632097 0.052517361111111105 0.0348221044663134
14 0.2947048611111111 0.46271763815291445 0.05295138888888889 0.03747161241483724
8 0.1812065972222222 0.22123391370174111 0.045572916666666664 0.03595760787282362
8 0.24826388888888887 0.3646858440575322 0.04427083333333333 0.04125662376987131
8 0.095703125 0.16748675246025738 0.03342013888888889 0.038228614685844056
14 0.1560329861111111 0.2717638152914459 0.05685763888888889 0.03330809992429977
14 0.13216145833333331 0.2261544284632854 0.06380208333333333 0.03898561695685087
8 0.3213975694444444 0.35957607872823616 0.039496527777777776 0.031037093111279335
107 0.26822916666666663 0.31699470098410293 0.06510416666666666 0.038228614685844056
120 0.130859375 0.16578349735049205 0.04644097222222222 0.036336109008327025
120 0.2165798611111111 0.21971990915972747 0.04513888888888889 0.03671461014383043
14 0.3973524305555555 0.3109386828160485 0.04383680555555555 0.03217259651778955
201 0.2901475694444444 0.17032551097653292 0.03255208333333333 0.0348221044663134
212 0.4251302083333333 0.5588569265707797 0.03689236111111111 0.043527630582891746
144 0.498046875 0.5651021953065859 0.04904513888888889 0.04012112036336109
8 0.2573784722222222 0.07399697199091597 0.04427083333333333 0.03595760787282362
45 0.3200954861111111 0.11903860711582134 0.053385416666666664 0.03217259651778955
119 0.3665364583333333 0.11771385314155942 0.04383680555555555 0.036336109008327025
225 0.34809027777777773 0.16824375473126418 0.035590277777777776 0.029901589704769114
201 0.33246527777777773 0.07380772142316427 0.03298611111111111 0.03179409538228615
8 0.22352430555555555 0.3128311884935655 0.04253472222222222 0.03595760787282362
161 0.5355902777777778 0.5683194549583649 0.04513888888888889 0.0404996214988645
212 0.3728298611111111 0.16900075700227102 0.019965277777777776 0.042013626040878126
201 0.29340277777777773 0.22199091597274792 0.034722222222222224 0.02838758516275549
23 0.1091579861111111 0.26381529144587434 0.03602430555555555 0.04239212717638153
119 0.35785590277777773 0.26514004542013625 0.04991319444444444 0.042013626040878126
8 0.39105902777777773 0.511544284632854 0.04253472222222222 0.0404996214988645
23 0.2738715277777778 0.12055261165783497 0.046875 0.034443603330809994
59 0.267578125 0.41635124905374715 0.052517361111111105 0.025738077214231644
119 0.2530381944444444 0.26949280847842544 0.05208333333333333 0.03860711582134747
14 0.43359375 0.5158970476911431 0.056423611111111105 0.03557910673732021
23 0.31119791666666663 0.26476154428463283 0.05208333333333333 0.038228614685844056
8 0.3943142361111111 0.3620363361090083 0.04383680555555555 0.03671461014383043
212 0.3205295138888889 0.5105980317940954 0.037760416666666664 0.04617713853141559
201 0.5729166666666666 0.5715367146101439 0.03125 0.03860711582134747
186 0.3524305555555555 0.5109765329295988 0.043402777777777776 0.04239212717638153
201 0.4568142361111111 0.5651021953065859 0.03255208333333333 0.03406510219530658
23 0.08658854166666666 0.2210446631339894 0.04470486111111111 0.03860711582134747
100 0.3116319444444444 0.32248296744890237 0.033854166666666664 0.04920514761544285
177 0.5067274305555556 0.5170325510976533 0.04123263888888889 0.03785011355034065
59 0.4079861111111111 0.463663890991673 0.057291666666666664 0.03406510219530658
212 0.3166232638888889 0.16616199848599547 0.029947916666666664 0.04314912944738834
107 0.4001736111111111 0.1216881150643452 0.03211805555555555 0.04277062831188493
119 0.6536458333333333 0.5660484481453444 0.04513888888888889 0.039742619227857684
225 0.09027777777777778 0.12358062074186223 0.035590277777777776 0.0404996214988645
14 0.2827690972222222 0.36241483724451173 0.04817708333333333 0.03595760787282362
23 0.20030381944444442 0.1216881150643452 0.03862847222222222 0.03217259651778955
119 0.3333333333333333 0.21763815291445873 0.04774305555555555 0.03255109765329296
120 0.166015625 0.16672975018925057 0.04210069444444444 0.03671461014383043
225 0.369140625 0.46233913701741103 0.03689236111111111 0.032929598788796366
100 0.0625 0.17884178652535956 0.03645833333333333 0.045041635124905374
150 0.2026909722222222 0.2685465556396669 0.041666666666666664 0.03595760787282362
23 0.3797743055555555 0.5630204390613172 0.04253472222222222 0.03595760787282362
8 0.375 0.21744890234670705 0.043402777777777776 0.03898561695685087
177 0.3342013888888889 0.5651021953065859 0.049479166666666664 0.03936411809235428
150 0.5540364583333333 0.5179788039364118 0.045572916666666664 0.04125662376987131
120 0.25 0.17183951551854657 0.04427083333333333 0.03860711582134747
14 0.2983940972222222 0.07323996971990916 0.04904513888888889 0.03368660105980318