201 0.47044673539518905 0.41267730496453897 0.032989690721649485 0.04078014184397163
23 0.3984536082474227 0.41134751773049644 0.03951890034364262 0.04343971631205674
100 0.4505154639175258 0.24756205673758866 0.026804123711340208 0.057180851063829786
8 0.3865979381443299 0.46852836879432624 0.04123711340206186 0.051418439716312055
119 0.21408934707903782 0.5396719858156028 0.036426116838487975 0.050975177304964536
14 0.38195876288659797 0.3614804964539007 0.04982817869415808 0.043882978723404256
8 0.14415807560137459 0.4869237588652482 0.03333333333333333 0.053634751773049646
8 0.6147766323024055 0.34397163120567376 0.026804123711340208 0.054964539007092195
8 0.4221649484536083 0.23204787234042554 0.037457044673539525 0.043882978723404256
119 0.08109965635738832 0.6595744680851063 0.04123711340206186 0.03102836879432624
212 0.17130584192439863 0.48359929078014185 0.02646048109965636 0.05585106382978723
150 0.13814432989690723 0.5500886524822695 0.056357388316151204 0.04078014184397163
225 0.7139175257731959 0.21675531914893617 0.03333333333333333 0.04964539007092199
45 0.859278350515464 0.6050531914893617 0.04845360824742268 0.04875886524822695
8 0.5604810996563574 0.3448581560283688 0.029553264604811 0.04698581560283688
45 0.7568728522336771 0.3346631205673759 0.050515463917525774 0.0425531914893617
120 0.7790378006872852 0.6074911347517731 0.03367697594501719 0.07136524822695035
212 0.48814432989690726 0.17154255319148937 0.021649484536082477 0.04875886524822695
77 0.2948453608247423 0.3065159574468085 0.027491408934707907 0.06604609929078015
119 0.44381443298969075 0.3512854609929078 0.037457044673539525 0.04565602836879432
161 0.684020618556701 0.34596631205673756 0.034020618556701035 0.05274822695035461
150 0.3223367697594502 0.24578900709219859 0.03436426116838488 0.03856382978723404
225 0.3584192439862543 0.24379432624113476 0.0288659793814433 0.0425531914893617
23 0.28316151202749146 0.5325797872340425 0.03780068728522337 0.03856382978723404
8 0.050515463917525774 0.5547429078014184 0.048797250859106536 0.04210992907801418
201 0.31993127147766326 0.4729609929078014 0.03573883161512028 0.04698581560283688
100 0.21443298969072166 0.5986258865248226 0.027491408934707907 0.043882978723404256
8 0.47542955326460484 0.2914450354609929 0.0443298969072165 0.043882978723404256
33 0.8199312714776633 0.6023936170212766 0.03505154639175258 0.05673758865248227
23 0.11134020618556702 0.6068262411347518 0.036426116838487975 0.0398936170212766
150 0.40618556701030933 0.300531914893617 0.04123711340206186 0.041666666666666664
33 0.2639175257731959 0.4137854609929078 0.03436426116838488 0.04476950354609929
100 0.33247422680412375 0.1879432624113475 0.03195876288659794 0.054964539007092195
23 0.34725085910652925 0.362145390070922 0.03676975945017182 0.0425531914893617
161 0.36271477663230245 0.1870567375886525 0.03127147766323024 0.04964539007092199
107 0.09948453608247423 0.49157801418439717 0.051202749140893476 0.05230496453900709
33 0.590893470790378 0.3390957446808511 0.03539518900343643 0.047872340425531915
225 0.5403780068728523 0.24046985815602837 0.025085910652920963 0.03856382978723404
14 0.2989690721649485 0.41511524822695034 0.04673539518900344 0.04565602836879432
14 0.7168384879725086 0.33865248226950356 0.031615120274914095 0.03900709219858156
212 0.6369415807560138 0.34352836879432624 0.0147766323024055 0.04964539007092199
17 0.5036082474226804 0.41312056737588654 0.03333333333333333 0.047872340425531915
161 0.6202749140893471 0.22318262411347517 0.03505154639175258 0.060726950354609927
77 0.3917525773195877 0.18528368794326242 0.03917525773195876 0.07801418439716312
161 0.0527491408934708 0.5004432624113475 0.04158075601374571 0.03900709219858156
119 0.14931271477663233 0.600177304964539 0.0450171821305842 0.044326241134751775
119 0.5831615120274914 0.2327127659574468 0.03848797250859107 0.04875886524822695
23 0.5139175257731959 0.23714539007092197 0.03127147766323024 0.04964539007092199
8 0.6548109965635739 0.3419769503546099 0.027147766323024056 0.050975177304964536
77 0.5089347079037801 0.3517287234042553 0.0288659793814433 0.06515957446808511
150 0.24432989690721651 0.5961879432624113 0.03436426116838488 0.05053191489361702
8 0.331958762886598 0.29809397163120566 0.02611683848797251 0.05274822695035461
225 0.08075601374570447 0.6103723404255319 0.0288659793814433 0.044326241134751775
225 0.4699312714776633 0.17597517730496454 0.027147766323024056 0.035460992907801414
7 0.36477663230240553 0.41068262411347517 0.03333333333333333 0.04831560283687943
100 0.5400343642611685 0.36170212765957444 0.02371134020618557 0.05585106382978723
212 0.5572164948453608 0.23448581560283688 0.02027491408934708 0.04698581560283688
120 0.4396907216494846 0.2974290780141844 0.030584192439862545 0.041666666666666664
33 0.12560137457044673 0.657136524822695 0.0443298969072165 0.03235815602836879
150 0.04793814432989691 0.6183510638297872 0.03814432989690722 0.03900709219858156
45 0.7489690721649485 0.38541666666666663 0.05257731958762887 0.03856382978723404
59 0.36494845360824746 0.3016400709219858 0.04742268041237114 0.03590425531914893
14 0.08883161512027492 0.5531914893617021 0.0450171821305842 0.03900709219858156
150 0.42972508591065295 0.17841312056737588 0.03127147766323024 0.057180851063829786
8 0.18900343642611686 0.5939716312056738 0.03505154639175258 0.04875886524822695
201 0.413745704467354 0.3594858156028369 0.0288659793814433 0.041666666666666664
186 0.3505154639175258 0.4674202127659574 0.03573883161512028 0.05186170212765957
212 0.27714776632302407 0.35638297872340424 0.03539518900343643 0.054078014184397165
8 0.2833333333333334 0.4669769503546099 0.042268041237113405 0.050975177304964536
119 0.43402061855670104 0.40935283687943264 0.04192439862542956 0.047429078014184396
212 0.2766323024054983 0.59552304964539 0.028178694158075602 0.05806737588652482
14 0.39364261168384884 0.24335106382978722 0.0429553264604811 0.035460992907801414
212 0.29089347079037803 0.2557624113475177 0.01752577319587629 0.044326241134751775
8 0.3323024054982818 0.40935283687943264 0.03436426116838488 0.047429078014184396
212 0.3152920962199313 0.306072695035461 0.015463917525773196 0.04654255319148936
77 0.4835051546391753 0.23692375886524822 0.04123711340206186 0.07579787234042552
201 0.48453608247422686 0.3484042553191489 0.030240549828178698 0.04343971631205674
144 0.3106529209621993 0.3636968085106383 0.036426116838487975 0.037677304964539006