14 0.6634948096885813 0.2013274336283186 0.14359861591695502 0.1504424778761062
77 0.20674740484429066 0.7522123893805309 0.1643598615916955 0.3274336283185841
107 0.16176470588235295 0.49004424778761063 0.16089965397923875 0.1261061946902655
225 0.08737024221453288 0.7643805309734513 0.10207612456747406 0.1747787610619469
23 0.6461937716262977 0.4170353982300885 0.16782006920415227 0.16592920353982302
212 0.3416955017301038 0.46128318584070793 0.06747404844290658 0.19247787610619468
23 0.43771626297577854 0.19911504424778761 0.11418685121107267 0.1327433628318584
150 0.36505190311418684 0.7245575221238938 0.16262975778546712 0.18805309734513273
59 0.4671280276816609 0.4491150442477876 0.20415224913494812 0.1415929203539823
201 0.2759515570934256 0.4889380530973451 0.09515570934256055 0.1415929203539823
120 0.5155709342560554 0.7245575221238938 0.15916955017301038 0.21902654867256638
100 0.8814878892733564 0.20575221238938052 0.10207612456747406 0.17699115044247787
119 0.773356401384083 0.4004424778761062 0.16262975778546712 0.16814159292035397
201 0.7802768166089966 0.2013274336283186 0.10726643598615918 0.1504424778761062
225 0.5415224913494809 0.19469026548672566 0.11418685121107267 0.1504424778761062