14 0.5511795281887245 0.29375991538868323 0.03558576569372251 0.023268112109994712
150 0.5937624950019992 0.4726335272342676 0.039184326269492205 0.025647805393971445
225 0.7920831667333067 0.26652564780539395 0.026389444222311077 0.02168164992067689
225 0.6605357856857257 0.12585933368588048 0.025589764094362255 0.02749867794817557
186 0.32506997201119553 0.5347699629825489 0.03278688524590164 0.024061343204653623
201 0.13034786085565775 0.21099947117927023 0.02958816473410636 0.02009518773135907
201 0.6623350659736106 0.6144896879957694 0.029188324670131948 0.024325753569539928
212 0.2191123550579768 0.38921205711263884 0.02159136345461815 0.02908514013749339
8 0.4690123950419832 0.8896086726599682 0.039184326269492205 0.03358011634056055
59 0.6127548980407836 0.821390798519302 0.042782886845261894 0.027234267583289264
8 0.6773290683726509 0.3659439450026441 0.04078368652538984 0.03172924378635643
23 0.3988404638144742 0.14370703331570597 0.046781287485006 0.030407191961924908
212 0.3086765293882447 0.1121099947117927 0.020791683326669332 0.03437334743521946
33 0.40883646541383445 0.4664198836594394 0.03718512594962015 0.03225806451612903
8 0.9122351059576169 0.47250132205182444 0.03398640543782487 0.024854574299312534
14 0.3202718912435026 0.8968799576943416 0.023990403838464614 0.03278688524590164
45 0.5745701719312275 0.5066102591221576 0.047181127548980406 0.022739291380222106
186 0.6973210715713715 0.5411158117398202 0.03358656537385046 0.027763088313061873
201 0.0507796881247501 0.27776308831306185 0.027988804478208715 0.02141723955579059
201 0.4800079968012795 0.3602591221575886 0.029988004798080767 0.024061343204653623
23 0.4988004798080768 0.6815177154944474 0.03078768492602959 0.027234267583289264
201 0.5825669732107157 0.8219196192490745 0.026389444222311077 0.023003701745108407
23 0.8638544582167134 0.5066102591221576 0.029988004798080767 0.026969857218402962
107 0.5715713714514195 0.7546271813855103 0.04918032786885246 0.025912215758857746
8 0.7862854858056777 0.8183500793231094 0.03398640543782487 0.024854574299312534
186 0.5267892842862855 0.6845584346906399 0.04358256697321072 0.023796932839767318
9 0.7225109956017592 0.40481226864093073 0.030387844862055178 0.02908514013749339
59 0.7930827668932428 0.7854309888947647 0.032387045181927226 0.030407191961924908
23 0.5449820071971212 0.186409307244844 0.03438624550179928 0.026441036488630353
119 0.2974810075969612 0.6048387096774194 0.03198720511795282 0.026705446853516657
23 0.9170331867253099 0.8154415653093601 0.037984806077568975 0.034902168164992066
14 0.5829668132746901 0.1266525647805394 0.027988804478208715 0.033315705975674244
33 0.24890043982407037 0.35351665785298786 0.03878448620551779 0.025912215758857746
186 0.383046781287485 0.32152300370174514 0.04078368652538984 0.026441036488630353
23 0.6009596161535385 0.1891856160761502 0.026389444222311077 0.02617662612374405
119 0.8914434226309477 0.6841618191433104 0.03398640543782487 0.02829190904283448
201 0.6571371451419432 0.7158910629296669 0.024390243902439025 0.020359598096245372
77 0.670531787285086 0.40401903754627183 0.03998400639744103 0.04336329984135378
23 0.4336265493802479 0.7518508725542041 0.025189924030387844 0.02459016393442623
201 0.5383846461415434 0.5741671073506082 0.03638544582167133 0.030407191961924908
23 0.5565773690523791 0.5386039132734003 0.04238304678128749 0.026969857218402962
111 0.7690923630547781 0.44857218402961396 0.025189924030387844 0.026705446853516657
107 0.46781287485005996 0.6111845584346907 0.04878048780487805 0.02829190904283448
212 0.06737305077968812 0.3130618720253834 0.01719312275089964 0.022210470650449496
33 0.4380247900839664 0.42702273929138024 0.03158736505397841 0.03172924378635643
14 0.5747700919632147 0.7920412480169222 0.03318672530987605 0.024061343204653623
212 0.3286685325869652 0.07641459545214173 0.01919232307077169 0.03278688524590164
33 0.5757696921231508 0.1891856160761502 0.02958816473410636 0.026705446853516657
186 0.7926829268292683 0.6134320465362242 0.03318672530987605 0.02538339502908514
8 0.7970811675329869 0.6487308302485457 0.037984806077568975 0.03146483342147012
225 0.5665733706517393 0.1565309360126917 0.028788484606157537 0.026441036488630353
161 0.7455017992802879 0.6858804865150714 0.03558576569372251 0.02749867794817557
45 0.5181927229108356 0.7571390798519302 0.04238304678128749 0.021946060285563194
23 0.7195121951219512 0.5129561078794289 0.023590563774490203 0.026441036488630353
161 0.30427828868452617 0.793495505023797 0.031187524990003997 0.022739291380222106
186 0.18832467013194723 0.38471708090957163 0.0431827269092363 0.022739291380222106
120 0.6301479408236705 0.6452934955050238 0.03438624550179928 0.026705446853516657
8 0.6017592962814874 0.6126388154415653 0.030387844862055178 0.030142781597038603
23 0.505797680927629 0.46813855103120044 0.023990403838464614 0.024061343204653623
8 0.541983206717313 0.22289793759915388 0.01799280287884846 0.028556319407720784
161 0.8482606957217114 0.7459016393442623 0.03078768492602959 0.03225806451612903
212 0.5 0.8898730830248546 0.03158736505397841 0.03305129561078794
119 0.7828868452618952 0.8495505023796933 0.04558176729308277 0.023796932839767318
23 0.32926829268292684 0.21232152300370175 0.029188324670131948 0.026441036488630353
225 0.5577768892443022 0.1187202538339503 0.03358656537385046 0.025912215758857746
161 0.6105557776889244 0.2591221575885775 0.027988804478208715 0.02908514013749339
119 0.4516193522590964 0.36012691697514543 0.03558576569372251 0.03120042305658382
186 0.6883246701319472 0.12427287149656266 0.026789284286285485 0.02538339502908514
120 0.7143142742902839 0.4456636700158646 0.027588964414234307 0.0298783712321523
59 0.46301479408236706 0.6812533051295611 0.043982407037185124 0.026705446853516657
119 0.7171131547381048 0.19460602855631942 0.03878448620551779 0.026441036488630353
8 0.7872850859656138 0.7441829719725013 0.030387844862055178 0.027234267583289264
119 0.8444622151139545 0.5433632998413538 0.023190723710515795 0.02538339502908514
23 0.6469412235105958 0.8241671073506082 0.03278688524590164 0.02908514013749339
23 0.8782487005197921 0.7468270756213644 0.026789284286285485 0.027234267583289264
201 0.29908036785285885 0.8934426229508197 0.026389444222311077 0.029613960867265997
23 0.2838864454218313 0.637625594923321 0.031187524990003997 0.016657852987837122
119 0.7015193922431028 0.3646218931782126 0.03158736505397841 0.03225806451612903
212 0.3552578968412635 0.3219196192490746 0.01719312275089964 0.027763088313061873
8 0.3770491803278688 0.3917239555790587 0.03198720511795282 0.02617662612374405
8 0.6389444222311076 0.2239555790586991 0.03838464614154338 0.028027498677948175
201 0.7277089164334266 0.6138286620835537 0.023990403838464614 0.02459016393442623
119 0.8308676529388245 0.6841618191433104 0.01919232307077169 0.02459016393442623
186 0.1909236305477809 0.28106821787414066 0.032387045181927226 0.024325753569539928
212 0.7239104358256697 0.85193019566367 0.03878448620551779 0.026441036488630353
100 0.7948820471811275 0.23532522474881015 0.023990403838464614 0.033315705975674244
59 0.1561375449820072 0.24457958751983078 0.03558576569372251 0.034902168164992066
23 0.429828068772491 0.6809888947646747 0.027988804478208715 0.025647805393971445
201 0.2630947620951619 0.10867265996827076 0.03278688524590164 0.02538339502908514
100 0.3000799680127949 0.32112638815441563 0.029988004798080767 0.034637757800105765
14 0.304078368652539 0.6407985193019566 0.029188324670131948 0.0224748810153358
225 0.6863254698120752 0.6860126916975146 0.029188324670131948 0.025647805393971445
119 0.08096761295481807 0.27696985721840295 0.03718512594962015 0.02617662612374405
23 0.049780087964814076 0.31240084611316765 0.03078768492602959 0.0224748810153358
212 0.8632546981207517 0.5420412480169222 0.023990403838464614 0.025912215758857746
119 0.27129148340663733 0.2801427815970386 0.04438224710115954 0.027763088313061873
201 0.3122750899640144 0.5002644103648863 0.023990403838464614 0.01850872554204125
150 0.21711315473810475 0.3540454785827604 0.043982407037185124 0.02749867794817557
100 0.28688524590163933 0.11171337916446325 0.022790883646541384 0.0298783712321523
119 0.40403838464614156 0.7540983606557377 0.03558576569372251 0.024854574299312534
8 0.6965213914434226 0.8512691697514543 0.03598560575769692 0.027234267583289264
8 0.27908836465413833 0.35430988894764676 0.03278688524590164 0.026441036488630353
201 0.3652538984406237 0.11144896879957694 0.03318672530987605 0.02617662612374405
7 0.7141143542582967 0.6848228450555262 0.03438624550179928 0.024854574299312534
150 0.3198720511795282 0.7515864621893178 0.03438624550179928 0.023003701745108407
59 0.5347860855657737 0.5055526176626124 0.03958416633346661 0.026969857218402962
186 0.16233506597361055 0.2094130089899524 0.03198720511795282 0.022210470650449496
59 0.8764494202319072 0.47514542570068746 0.0431827269092363 0.02749867794817557
186 0.20031987205117952 0.4251718667371761 0.03438624550179928 0.026441036488630353
212 0.16233506597361055 0.2842411422527763 0.023990403838464614 0.028027498677948175
111 0.638344662135146 0.4711792702273929 0.048380647740903636 0.023268112109994712
119 0.7361055577768892 0.16076150185087257 0.03358656537385046 0.03067160232681121
8 0.7221111555377849 0.88590692755156 0.027189124350259896 0.021946060285563194
9 0.5703718512594962 0.6468799576943416 0.03318672530987605 0.02829190904283448
201 0.6087564974010395 0.12506610259122158 0.026789284286285485 0.026969857218402962
8 0.7520991603358657 0.8496827075621365 0.02159136345461815 0.024061343204653623
150 0.6213514594162335 0.4372025383395029 0.03678528588564574 0.034108937070333155
9 0.2708916433426629 0.8929138022210471 0.03558576569372251 0.03648863035430989
8 0.48340663734506195 0.9202802749867794 0.03838464614154338 0.026705446853516657
8 0.6953218712514994 0.787414066631412 0.02958816473410636 0.034902168164992066
119 0.505797680927629 0.8220518244315177 0.03758496601359456 0.025912215758857746
119 0.8828468612554978 0.81795346377578 0.0351859256297481 0.023532522474881017
23 0.6887245101959216 0.1902432575356954 0.03158736505397841 0.02829190904283448
119 0.2528988404638145 0.24907456372289793 0.03558576569372251 0.024854574299312534
100 0.48660535785685727 0.43654151242728717 0.02159136345461815 0.035430988894764676
23 0.853858456617353 0.8190111052353253 0.03078768492602959 0.021946060285563194
77 0.5667732906837265 0.4333685880486515 0.032387045181927226 0.04336329984135378
111 0.8994402239104359 0.8552353252247488 0.025989604158336666 0.024061343204653623
186 0.4632147141143543 0.08024854574299313 0.04118352658936426 0.02617662612374405
100 0.4724110355857657 0.501718667371761 0.029188324670131948 0.03358011634056055
120 0.2808876449420232 0.6754362771020624 0.037984806077568975 0.025647805393971445
186 0.1605357856857257 0.35100475938656794 0.03318672530987605 0.02617662612374405
201 0.7672930827668932 0.26520359598096244 0.022391043582566973 0.020624008461131677
119 0.7688924430227909 0.47514542570068746 0.05037984806077569 0.02538339502908514
33 0.2630947620951619 0.5325224748810153 0.03198720511795282 0.024325753569539928
45 0.4346261495401839 0.18297197250132205 0.041583366653338664 0.022739291380222106
14 0.34226309476209515 0.5033051295610788 0.027189124350259896 0.02829190904283448
8 0.35405837664934026 0.7544949762030672 0.03878448620551779 0.02829190904283448
14 0.7477009196321471 0.26520359598096244 0.031187524990003997 0.024854574299312534
8 0.6673330667732906 0.578397673188789 0.030387844862055178 0.02829190904283448
201 0.6947221111555378 0.40401903754627183 0.022790883646541384 0.020624008461131677
119 0.476609356257497 0.1154151242728715 0.0351859256297481 0.030936012691697514
8 0.12455017992802879 0.3158381808566896 0.029988004798080767 0.024061343204653623
150 0.49400239904038384 0.32509254362771023 0.03638544582167133 0.02617662612374405
59 0.6507397041183527 0.18839238498149127 0.045181927229108354 0.027763088313061873
8 0.7165133946421431 0.2620306716023268 0.026389444222311077 0.024854574299312534
120 0.9002399040383846 0.7476203067160233 0.029188324670131948 0.025118984664198835
150 0.31887245101959216 0.46694870438921204 0.03878448620551779 0.030142781597038603
186 0.6463414634146342 0.5409836065573771 0.04198320671731307 0.023796932839767318
23 0.2061175529788085 0.1044420941300899 0.028388644542183126 0.024325753569539928
150 0.7149140343862455 0.8224484399788472 0.041583366653338664 0.030407191961924908
33 0.38144742103158735 0.42715494447382335 0.03438624550179928 0.03886832363828662
212 0.4658136745301879 0.1825753569539926 0.023190723710515795 0.030936012691697514
186 0.1135545781687325 0.2809360126916975 0.04078368652538984 0.025647805393971445
107 0.62375049980008 0.3317028027498678 0.03678528588564574 0.027234267583289264
14 0.36045581767293083 0.36065573770491804 0.037984806077568975 0.03172924378635643
14 0.2968812475009996 0.5707297726070862 0.03478608556577369 0.0224748810153358
23 0.4504198320671731 0.8235060814383924 0.029188324670131948 0.023532522474881017
120 0.32906837265093963 0.2849021681649921 0.027189124350259896 0.025118984664198835
107 0.8208716513394642 0.8190111052353253 0.03678528588564574 0.027763088313061873
161 0.4034386245501799 0.3917239555790587 0.03278688524590164 0.027763088313061873
100 0.6501399440223911 0.33685880486515074 0.025589764094362255 0.029613960867265997
161 0.6377449020391843 0.12189317821258594 0.027988804478208715 0.03225806451612903
150 0.5999600159936026 0.6471443680592279 0.03078768492602959 0.0298783712321523
59 0.7876849260295882 0.5427022739291381 0.04238304678128749 0.03305129561078794
14 0.6753298680527788 0.22884717080909572 0.03438624550179928 0.028820729772607086
8 0.7752898840463814 0.1619513484928609 0.0431827269092363 0.028820729772607086
14 0.5819672131147541 0.6154151242728715 0.03318672530987605 0.03199365415124273
8 0.2682926829268293 0.42583289264939184 0.03358656537385046 0.02459016393442623
119 0.4998000799680128 0.2535695399259651 0.031187524990003997 0.026969857218402962
225 0.5097960815673731 0.3605235325224749 0.031187524990003997 0.023003701745108407
201 0.659936025589764 0.2597831835007932 0.02039184326269492 0.02459016393442623
119 0.09336265493802479 0.31451612903225806 0.03718512594962015 0.02459016393442623
59 0.6039584166333467 0.22527763088313063 0.04438224710115954 0.023268112109994712
225 0.6135545781687325 0.5413802221047065 0.025189924030387844 0.029349550502379692
150 0.7658936425429828 0.23003701745108407 0.032387045181927226 0.030142781597038603
8 0.27029188324670134 0.21456901110523532 0.02958816473410636 0.025647805393971445
150 0.8256697321071571 0.8523268112109995 0.028788484606157537 0.03358011634056055
7 0.3784486205517793 0.854574299312533 0.03478608556577369 0.028027498677948175
119 0.27029188324670134 0.1792702273929138 0.030387844862055178 0.03278688524590164
225 0.7618952419032387 0.7472236911686938 0.025989604158336666 0.023268112109994712
107 0.6345461815273891 0.7544949762030672 0.031187524990003997 0.027234267583289264
33 0.44022391043582565 0.8853781068217874 0.04638144742103159 0.030936012691697514
212 0.6261495401839264 0.5387361184558435 0.015193922431027589 0.028820729772607086
45 0.6519392243102758 0.09413008989952407 0.03638544582167133 0.022210470650449496
100 0.6075569772091164 0.2968006345848757 0.021191523390643743 0.028820729772607086
23 0.3270691723310676 0.5717874140666314 0.027189124350259896 0.025647805393971445
100 0.7289084366253499 0.29653622421998943 0.03358656537385046 0.02088841882601798
8 0.3008796481407437 0.07377049180327869 0.037984806077568975 0.028556319407720784
45 0.34966013594562173 0.675965097831835 0.045981607357057176 0.0224748810153358
150 0.27588964414234307 0.4997355896351137 0.04078368652538984 0.029613960867265997
177 0.51859256297481 0.5347699629825489 0.047181127548980406 0.030407191961924908
120 0.9208316673330668 0.5375462718138551 0.030387844862055178 0.022210470650449496
201 0.6001599360255898 0.7883395029085141 0.025589764094362255 0.018244315177154944
77 0.554578168732507 0.26136964569011106 0.0351859256297481 0.035166578529878374
8 0.757297081167533 0.7876784769962982 0.02958816473410636 0.023796932839767318
111 0.24690123950419832 0.21364357482813326 0.027588964414234307 0.026441036488630353
212 0.40823670531787287 0.18019566367001585 0.015193922431027589 0.025647805393971445
212 0.6805277888844462 0.7147012162876785 0.022391043582566973 0.026969857218402962
225 0.6151539384246302 0.39820200951877316 0.025989604158336666 0.022210470650449496
23 0.6709316273490604 0.5376784769962982 0.024790083966413433 0.025118984664198835
201 0.7471011595361855 0.19539925965097832 0.021991203518592562 0.023796932839767318
119 0.8288684526189524 0.6491274457958752 0.03678528588564574 0.02749867794817557
100 0.19852059176329467 0.07443151771549444 0.03878448620551779 0.025647805393971445
201 0.34606157536985205 0.8918561607615019 0.03478608556577369 0.025912215758857746
186 0.3624550179928029 0.14397144368059228 0.03638544582167133 0.028820729772607086
119 0.759296281487405 0.6152829190904283 0.043982407037185124 0.028027498677948175
201 0.23990403838464613 0.38802221047065044 0.027189124350259896 0.023003701745108407
100 0.14894042383046782 0.17781597038603913 0.023590563774490203 0.030407191961924908
7 0.09016393442622951 0.21073506081438392 0.046781287485006 0.03067160232681121
186 0.20491803278688525 0.1770227392913802 0.040383846461415435 0.026705446853516657
8 0.4062375049980008 0.7112638815441565 0.04238304678128749 0.030142781597038603
150 0.5493802479008396 0.32879428873611843 0.03998400639744103 0.030936012691697514
212 0.950219912035186 0.8110787942887361 0.028388644542183126 0.042041248016922265
23 0.5705717712914834 0.08593336858804865 0.030387844862055178 0.03278688524590164
201 0.6565373850459816 0.6485986250661026 0.023990403838464614 0.01956636700158646
212 0.593562574970012 0.4415653093601269 0.019592163134746102 0.04177683765203596
201 0.667732906837265 0.5111052353252248 0.023190723710515795 0.024854574299312534
8 0.15553778488604558 0.3856425171866737 0.025589764094362255 0.02459016393442623
119 0.5375849660135945 0.7890005288207298 0.03718512594962015 0.022210470650449496
161 0.3548580567772891 0.5354309888947647 0.03878448620551779 0.02908514013749339
150 0.8810475809676129 0.5420412480169222 0.03318672530987605 0.026969857218402962
161 0.5829668132746901 0.6869381279746166 0.03678528588564574 0.03225806451612903
8 0.5169932027189125 0.29071919619249076 0.02958816473410636 0.028820729772607086
225 0.5609756097560976 0.6103913273400318 0.025589764094362255 0.027234267583289264
119 0.3902439024390244 0.8853781068217874 0.044782087165133946 0.030936012691697514
23 0.2878848460615754 0.7531729243786356 0.024790083966413433 0.025647805393971445
225 0.3546581367453019 0.9258328926493918 0.027988804478208715 0.021946060285563194
33 0.6635345861655337 0.7896615547329455 0.045981607357057176 0.035166578529878374
177 0.44562175129948023 0.22078265468006344 0.03558576569372251 0.02749867794817557
212 0.6395441823270692 0.71602326811211 0.015593762495001998 0.02009518773135907
100 0.5081967213114754 0.4398466419883659 0.024790083966413433 0.034108937070333155
120 0.892842862854858 0.5725806451612904 0.03598560575769692 0.02829190904283448
150 0.5873650539784087 0.39780539397144365 0.03678528588564574 0.025118984664198835
177 0.5543782487005198 0.39780539397144365 0.03718512594962015 0.025118984664198835
119 0.34866053578568573 0.8554997355896351 0.02958816473410636 0.028820729772607086
23 0.17413034786085566 0.24418297197250133 0.027588964414234307 0.025647805393971445
201 0.5371851259496202 0.15520888418826018 0.028388644542183126 0.023796932839767318
23 0.49900039984006395 0.5005288207297726 0.027988804478208715 0.030142781597038603
8 0.5841663334666134 0.25806451612903225 0.03358656537385046 0.026441036488630353
225 0.7570971611355458 0.3680592279217345 0.029188324670131948 0.023268112109994712
8 0.5003998400639744 0.6107879428873612 0.03078768492602959 0.02908514013749339
150 0.38844462215113956 0.2876784769962982 0.03558576569372251 0.028556319407720784
23 0.5017992802878849 0.07866208355367531 0.03598560575769692 0.030407191961924908
119 0.6603358656537385 0.29574299312533053 0.03318672530987605 0.026705446853516657
186 0.15833666533386645 0.3133262823902697 0.03758496601359456 0.02538339502908514
212 0.8428628548580568 0.4728979375991539 0.043982407037185124 0.023003701745108407
212 0.38124750099960014 0.4680063458487573 0.019592163134746102 0.03120042305658382
14 0.3984406237504998 0.608937070333157 0.04118352658936426 0.02908514013749339
186 0.27848860455817676 0.31874669487043894 0.037984806077568975 0.023003701745108407
23 0.14174330267892843 0.28053939714436804 0.021191523390643743 0.026441036488630353
111 0.3322670931627349 0.7928344791115812 0.027189124350259896 0.023532522474881017
8 0.5277888844462215 0.2540983606557377 0.030387844862055178 0.02538339502908514
225 0.47840863654538185 0.46813855103120044 0.03318672530987605 0.021946060285563194
201 0.8096761295481807 0.6853516657852988 0.027189124350259896 0.023796932839767318
23 0.5091963214714115 0.5770756213643575 0.024390243902439025 0.025647805393971445
23 0.4500199920031987 0.571390798519302 0.029988004798080767 0.02908514013749339
23 0.3636545381847261 0.25 0.04438224710115954 0.0298783712321523
14 0.32247101159536185 0.42781597038603913 0.03478608556577369 0.025912215758857746
7 0.7578968412634945 0.8886832363828662 0.03638544582167133 0.02749867794817557
23 0.36985205917632946 0.5022474881015336 0.02958816473410636 0.023003701745108407
8 0.5347860855657737 0.43270756213643574 0.03158736505397841 0.029349550502379692
33 0.76609356257497 0.5797197250132206 0.030387844862055178 0.025647805393971445
201 0.7175129948020792 0.7510576414595452 0.025189924030387844 0.025647805393971445
119 0.398640543782487 0.6795346377578001 0.04238304678128749 0.029613960867265997
225 0.5641743302678929 0.7147012162876785 0.02958816473410636 0.020624008461131677
8 0.15533786485405837 0.07165520888418826 0.04758096761295482 0.0375462718138551
8 0.523390643742503 0.394632469592808 0.039184326269492205 0.029349550502379692
8 0.4728108756497401 0.6472765732416711 0.042782886845261894 0.02908514013749339
119 0.44962015193922433 0.9222633527234267 0.042782886845261894 0.025912215758857746
119 0.8546581367453019 0.5761501850872555 0.027588964414234307 0.029613960867265997
150 0.32167133146741306 0.9258328926493918 0.03478608556577369 0.023003701745108407
23 0.741703318672531 0.4460602855631941 0.026389444222311077 0.026969857218402962
8 0.19452219112355057 0.20861977789529348 0.03318672530987605 0.026969857218402962
8 0.2932826869252299 0.5329190904283448 0.03078768492602959 0.023532522474881017
201 0.5397840863654538 0.7164198836594394 0.02958816473410636 0.023003701745108407
212 0.24770091963214713 0.4282125859333686 0.02039184326269492 0.028820729772607086
186 0.5075969612155138 0.18178212585933368 0.042782886845261894 0.025118984664198835
33 0.7315073970411835 0.22897937599153886 0.03958416633346661 0.03278688524590164
8 0.7357057177129148 0.5815705975674247 0.03758496601359456 0.03199365415124273
107 0.5095961615353859 0.6488630354309889 0.042782886845261894 0.024325753569539928
8 0.5395841663334666 0.8205975674246431 0.03878448620551779 0.029349550502379692
119 0.7802878848460616 0.19711792702273928 0.03398640543782487 0.029349550502379692
8 0.630547780887645 0.29640401903754626 0.02958816473410636 0.028556319407720784
107 0.9016393442622951 0.5085933368588048 0.039184326269492205 0.023003701745108407
212 0.17313074770091963 0.4321787414066631 0.019992003198720514 0.040983606557377046
8 0.8610555777688924 0.6849550502379693 0.03078768492602959 0.02459016393442623
100 0.25849660135945624 0.756081438392385 0.029188324670131948 0.0298783712321523
33 0.31187524990004 0.3539132734003173 0.03358656537385046 0.029349550502379692
201 0.42782886845261897 0.6107879428873612 0.030387844862055178 0.026441036488630353
201 0.5547780887644942 0.6831041776837652 0.028388644542183126 0.02617662612374405
8 0.2776889244302279 0.8228450555261766 0.03718512594962015 0.03172924378635643
100 0.3770491803278688 0.713379164463247 0.02159136345461815 0.02749867794817557
120 0.4714114354258297 0.7129825489159175 0.02958816473410636 0.02141723955579059
225 0.7502998800479808 0.5416446324695928 0.029188324670131948 0.028820729772607086
100 0.125749700119952 0.3914595452141724 0.03318672530987605 0.035166578529878374
33 0.44002399040383844 0.7107350608143839 0.03638544582167133 0.029613960867265997
119 0.7526989204318273 0.8211263881544156 0.03638544582167133 0.0298783712321523
119 0.12594962015193922 0.42226335272342674 0.03358656537385046 0.02538339502908514
100 0.42043182726909234 0.05327868852459016 0.03638544582167133 0.024061343204653623
59 0.570171931227509 0.3631676361713379 0.04078368652538984 0.026705446853516657
212 0.41943222710915634 0.9219989423585404 0.025589764094362255 0.02749867794817557
8 0.32666933226709316 0.6056319407720783 0.03998400639744103 0.0298783712321523
45 0.3870451819272291 0.9218667371760974 0.04558176729308277 0.02088841882601798
119 0.6235505797680928 0.8525912215758857 0.03558576569372251 0.021946060285563194
119 0.2882846861255498 0.9278159703860391 0.027988804478208715 0.028027498677948175
161 0.9208316673330668 0.572316234796404 0.028788484606157537 0.028820729772607086
23 0.4752099160335866 0.21946060285563193 0.032387045181927226 0.026441036488630353
120 0.5655737704918032 0.4698572184029614 0.029988004798080767 0.023268112109994712
212 0.7345061975209916 0.4739555790586991 0.01759296281487405 0.027763088313061873
107 0.3232706917233107 0.24907456372289793 0.04358256697321072 0.026441036488630353
186 0.6351459416233507 0.6125066102591221 0.042782886845261894 0.025647805393971445
59 0.08476609356257497 0.24550502379693284 0.03998400639744103 0.02459016393442623
23 0.28608556577369054 0.24735589635113697 0.027588964414234307 0.023532522474881017
7 0.8156737305077969 0.743918561607615 0.024790083966413433 0.03146483342147012
201 0.25089964014394245 0.3183500793231095 0.026789284286285485 0.02009518773135907
23 0.227109156337465 0.4243786356425172 0.023990403838464614 0.024854574299312534
212 0.5979608156737305 0.16181914331041777 0.025989604158336666 0.033844526705446853
23 0.6053578568572571 0.7544949762030672 0.027189124350259896 0.023003701745108407
23 0.4408236705317873 0.11356425171866737 0.04118352658936426 0.03358011634056055
119 0.6795281887245102 0.8242993125330513 0.03638544582167133 0.028820729772607086
45 0.3906437425029988 0.5345055526176626 0.043982407037185124 0.029349550502379692
8 0.4102359056377449 0.42993125330512955 0.031187524990003997 0.02538339502908514
201 0.7059176329468213 0.7168164992067689 0.028388644542183126 0.025912215758857746
107 0.22131147540983606 0.31755684822845054 0.04358256697321072 0.023796932839767318
119 0.585765693722511 0.33209941829719725 0.03678528588564574 0.030142781597038603
201 0.33446621351459416 0.35761501850872557 0.024390243902439025 0.021946060285563194
45 0.7023190723710516 0.15996827075621364 0.040383846461415435 0.022739291380222106
201 0.5091963214714115 0.7890005288207298 0.029188324670131948 0.01956636700158646
14 0.30307876849260296 0.14740877842411423 0.03198720511795282 0.023003701745108407
150 0.6819272291083567 0.4736911686938128 0.032387045181927226 0.02459016393442623
201 0.8132746901239504 0.5445531464833422 0.027988804478208715 0.028820729772607086
150 0.7576969212315074 0.4044156530936013 0.03438624550179928 0.02617662612374405
45 0.39464214314274293 0.6439714436805922 0.049580167932826866 0.021946060285563194
23 0.3062774890043982 0.28239026969857217 0.027988804478208715 0.026441036488630353
150 0.5061975209916033 0.7154944473823374 0.0431827269092363 0.028027498677948175
225 0.26389444222311076 0.5691433104177683 0.031187524990003997 0.03252247488101533
59 0.698920431827269 0.5782654680063458 0.03678528588564574 0.024325753569539928
14 0.382047181127549 0.7929666842940243 0.03398640543782487 0.022210470650449496
23 0.7273090763694522 0.5425700687466949 0.02958816473410636 0.026969857218402962
100 0.4682127149140344 0.8533844526705446 0.03998400639744103 0.030407191961924908
33 0.8854458216713315 0.6450290851401375 0.03398640543782487 0.030936012691697514
119 0.25549780087964813 0.712585933368588 0.03758496601359456 0.02538339502908514
169 0.639344262295082 0.504362771020624 0.0351859256297481 0.04309888947646748
45 0.6493402638944422 0.6824431517715495 0.04638144742103159 0.02538339502908514
77 0.743702518992403 0.6475409836065574 0.03598560575769692 0.04283447911158118
7 0.5895641743302679 0.7166842940243258 0.03158736505397841 0.020359598096245372
225 0.7145141943222711 0.331041776837652 0.025589764094362255 0.023268112109994712
212 0.6601359456217513 0.7572712850343734 0.01759296281487405 0.04283447911158118
8 0.32946821271491405 0.31953992596509784 0.03438624550179928 0.02829190904283448
45 0.4146341463414634 0.32218402961396087 0.0431827269092363 0.023003701745108407
161 0.2644942023190724 0.4665520888418826 0.021191523390643743 0.02088841882601798
14 0.6873250699720111 0.2625594923320994 0.03198720511795282 0.026969857218402962
8 0.5395841663334666 0.6142252776308831 0.027588964414234307 0.03067160232681121
23 0.3560575769692123 0.7904547858276044 0.03158736505397841 0.023003701745108407
161 0.5283886445421832 0.1197778952934955 0.03478608556577369 0.030142781597038603
45 0.36065573770491804 0.2140401903754627 0.044782087165133946 0.023003701745108407
225 0.4254298280687725 0.07879428873611846 0.031187524990003997 0.026441036488630353
33 0.6625349860055978 0.8529878371232152 0.04238304678128749 0.024854574299312534
201 0.3550579768092763 0.5720518244315177 0.02958816473410636 0.019830777366472766
201 0.4104358256697321 0.7911158117398202 0.025989604158336666 0.022210470650449496
120 0.3010795681727309 0.21113167636171337 0.03438624550179928 0.024061343204653623
23 0.12335065973610555 0.24431517715494447 0.03638544582167133 0.02749867794817557
119 0.22950819672131148 0.10735060814383923 0.02958816473410636 0.025912215758857746
59 0.44062375049980007 0.25317292437863564 0.04078368652538984 0.025647805393971445
100 0.585765693722511 0.5403225806451613 0.027988804478208715 0.030407191961924908
212 0.47540983606557374 0.2534373347435219 0.026389444222311077 0.025118984664198835
212 0.0547780887644942 0.24484399788471709 0.022391043582566973 0.024854574299312534
201 0.4646141543382647 0.4279481755684823 0.025589764094362255 0.02141723955579059
100 0.7696921231507396 0.64806980433633 0.02159136345461815 0.030142781597038603
186 0.6295481807277089 0.15996827075621364 0.04758096761295482 0.023796932839767318
23 0.6183526589364254 0.7152300370174511 0.03078768492602959 0.023796932839767318
111 0.8514594162335066 0.8564251718667372 0.024390243902439025 0.028027498677948175
59 0.24830067972810876 0.1414595452141724 0.041583366653338664 0.02749867794817557
100 0.789484206317473 0.5815705975674247 0.029188324670131948 0.025647805393971445
45 0.37365053978408636 0.824034902168165 0.045981607357057176 0.01930195663670016
212 0.7035185925629748 0.22792173453199366 0.02039184326269492 0.026969857218402962
59 0.4022391043582567 0.11277102062400846 0.04238304678128749 0.030936012691697514
119 0.38904438224710114 0.5739026969857218 0.03838464614154338 0.026705446853516657
23 0.2776889244302279 0.1404019037546272 0.03318672530987605 0.026441036488630353
8 0.9562175129948021 0.5375462718138551 0.03718512594962015 0.024325753569539928
107 0.47720911635345864 0.7920412480169222 0.03958416633346661 0.027234267583289264
161 0.7365053978408637 0.7469592808038075 0.025589764094362255 0.023796932839767318
119 0.4348260695721711 0.6442358540454786 0.037984806077568975 0.023003701745108407
161 0.47560975609756095 0.8220518244315177 0.03078768492602959 0.024325753569539928
225 0.7171131547381048 0.474748810153358 0.03318672530987605 0.0224748810153358
14 0.49780087964814074 0.22382337387625595 0.04078368652538984 0.02459016393442623
119 0.41543382646941224 0.8228450555261766 0.0431827269092363 0.023268112109994712
14 0.2510995601759296 0.6400052882072977 0.03678528588564574 0.02141723955579059
212 0.6197520991603359 0.19156530936012692 0.010395841663334666 0.034108937070333155
23 0.3180727708916433 0.8574828133262824 0.045181927229108354 0.028027498677948175
225 0.4212315073970412 0.28807509254362773 0.028388644542183126 0.028820729772607086
186 0.6113554578168733 0.6833685880486515 0.031187524990003997 0.025647805393971445
8 0.43642542982806876 0.46668429402432576 0.025989604158336666 0.029613960867265997
107 0.43562574970011997 0.5334479111581174 0.03718512594962015 0.0298783712321523
201 0.8686525389844062 0.5768112109994712 0.03478608556577369 0.028820729772607086
161 0.2960815673730508 0.42689053410893707 0.03558576569372251 0.03146483342147012
119 0.4332267093162735 0.8540454785827605 0.03478608556577369 0.03278688524590164
100 0.2856857257097161 0.4684029613960867 0.021991203518592562 0.0372818614489688
161 0.6853258696521392 0.6483342147012163 0.03598560575769692 0.03278688524590164
8 0.05177928828468613 0.21047065044949761 0.03078768492602959 0.02749867794817557
45 0.7636945221911235 0.2949497620306716 0.039184326269492205 0.027763088313061873
225 0.656937225109956 0.4393178212585933 0.026389444222311077 0.02617662612374405
201 0.15213914434226308 0.42345319936541514 0.021991203518592562 0.0224748810153358
45 0.21211515393842462 0.24656266525647805 0.0507796881247501 0.023003701745108407
186 0.41943222710915634 0.5739026969857218 0.03758496601359456 0.02459016393442623
8 0.691123550579768 0.08844526705446853 0.037984806077568975 0.025118984664198835
8 0.8774490203918432 0.8557641459545214 0.024390243902439025 0.027763088313061873
107 0.3438624550179928 0.3925171866737176 0.044782087165133946 0.02459016393442623
17 0.35765693722510994 0.07628239026969857 0.03558576569372251 0.03252247488101533
23 0.31187524990004 0.38855103120042306 0.03358656537385046 0.027234267583289264
8 0.6815273890443823 0.4415653093601269 0.03398640543782487 0.03120042305658382
201 0.6773290683726509 0.32932310946589105 0.03198720511795282 0.02141723955579059
107 0.5337864854058376 0.4701216287678477 0.03678528588564574 0.024854574299312534
8 0.16913234706117553 0.17556848228450556 0.03358656537385046 0.026969857218402962
7 0.4806077568972411 0.5742993125330513 0.03358656537385046 0.03278688524590164
100 0.6355457816873251 0.264806980433633 0.023590563774490203 0.03358011634056055
150 0.34746101559376247 0.7094130089899524 0.0431827269092363 0.03225806451612903
14 0.6423430627748901 0.5802485457429931 0.037984806077568975 0.023532522474881017
100 0.22011195521791282 0.2157588577472237 0.025989604158336666 0.03966155473294553
186 0.6977209116353459 0.29587519830777365 0.041583366653338664 0.022739291380222106
23 0.6399440223910435 0.4009783183500793 0.032387045181927226 0.029349550502379692
119 0.4570171931227509 0.32443151771549444 0.04238304678128749 0.02538339502908514
107 0.3116753298680528 0.17689053410893707 0.04758096761295482 0.01956636700158646
212 0.45741703318672533 0.46562665256478053 0.01839264294282287 0.026441036488630353
8 0.32946821271491405 0.14357482813326283 0.03998400639744103 0.03172924378635643
161 0.26649340263894444 0.6056319407720783 0.03158736505397841 0.03146483342147012
14 0.8574570171931227 0.7915124272871497 0.03638544582167133 0.030936012691697514
107 0.5053978408636546 0.15230037017451084 0.044782087165133946 0.028556319407720784
212 0.4722111155537785 0.14767318878900054 0.01839264294282287 0.02459016393442623
100 0.5179928028788484 0.3331570597567425 0.026789284286285485 0.03595980962453728
161 0.4058376649340264 0.2521152829190904 0.027988804478208715 0.027234267583289264
119 0.6297481007596961 0.790058170280275 0.039184326269492205 0.02749867794817557
8 0.5339864054378248 0.3609201480698043 0.03638544582167133 0.02908514013749339
33 0.3078768492602959 0.8227128503437334 0.031187524990003997 0.027234267583289264
150 0.6037584966013595 0.36475409836065575 0.03198720511795282 0.03252247488101533
33 0.7239104358256697 0.7882072977260709 0.03478608556577369 0.024854574299312534
212 0.5571771291483406 0.5748281332628239 0.01799280287884846 0.033844526705446853
212 0.5609756097560976 0.822316234796404 0.01679328268692523 0.03278688524590164
23 0.4500199920031987 0.2878106821787414 0.03558576569372251 0.02829190904283448
8 0.39284286285485803 0.07615018508725542 0.032387045181927226 0.028556319407720784
8 0.6129548180727709 0.5764145954521417 0.024790083966413433 0.028027498677948175
45 0.23250699720111956 0.2827868852459016 0.03558576569372251 0.023532522474881017
23 0.7984806077568972 0.4502908514013749 0.027988804478208715 0.022210470650449496
177 0.41943222710915634 0.35867265996827075 0.0351859256297481 0.02829190904283448
59 0.4894042383046781 0.39344262295081966 0.044782087165133946 0.024325753569539928
150 0.8284686125549781 0.7855631940772079 0.030387844862055178 0.028027498677948175
201 0.23350659736105558 0.755288207297726 0.027988804478208715 0.01930195663670016
119 0.6963214714114354 0.613299841353781 0.04118352658936426 0.027763088313061873
161 0.6077568972411036 0.5076679005817029 0.02958816473410636 0.029613960867265997
23 0.4180327868852459 0.21602326811211 0.03478608556577369 0.029613960867265997
111 0.3626549380247901 0.645425700687467 0.027189124350259896 0.023796932839767318
7 0.5649740103958416 0.2269962982548916 0.0351859256297481 0.025647805393971445
14 0.5939624150339864 0.09294024325753569 0.04198320671731307 0.03569539925965098
100 0.6979208316673331 0.8835272342675833 0.022790883646541384 0.021946060285563194
201 0.33466613354658137 0.8219196192490745 0.03358656537385046 0.023003701745108407
119 0.26889244302279086 0.07112638815441566 0.03958416633346661 0.03067160232681121
33 0.5811675329868052 0.5764145954521417 0.040383846461415435 0.023268112109994712
177 0.6375449820071971 0.36554732945531465 0.042782886845261894 0.028820729772607086
59 0.7772890843662535 0.685616076150185 0.03998400639744103 0.026441036488630353
225 0.4302279088364654 0.39410364886303545 0.030387844862055178 0.021946060285563194
8 0.8104758096761295 0.16961924907456372 0.027189124350259896 0.027234267583289264
23 0.35425829668132747 0.2855631940772078 0.028788484606157537 0.02908514013749339
119 0.3634546181527389 0.6084082496033845 0.041583366653338664 0.026441036488630353
23 0.45521791283486607 0.39212057112638815 0.03078768492602959 0.02538339502908514
201 0.7145141943222711 0.6466155473294554 0.027988804478208715 0.021946060285563194
23 0.4224310275889644 0.5035695399259651 0.03078768492602959 0.021946060285563194
186 0.5461815273890444 0.08328926493918562 0.055177928828468614 0.035430988894764676
8 0.6601359456217513 0.15943945002644103 0.03598560575769692 0.025912215758857746
201 0.8152738904438225 0.5798519301956637 0.027189124350259896 0.028027498677948175
100 0.5235905637744902 0.6151507139079851 0.024390243902439025 0.034108937070333155
119 0.27169132347061176 0.3911951348492861 0.03878448620551779 0.025647805393971445
201 0.5013994402239105 0.11832363828662083 0.020791683326669332 0.02617662612374405
23 0.3520591763294682 0.4272871496562665 0.03158736505397841 0.02538339502908514
7 0.6929228308676529 0.5093865679534638 0.02958816473410636 0.027763088313061873
23 0.3504598160735706 0.17794817556848228 0.029188324670131948 0.023268112109994712
8 0.35405837664934026 0.46668429402432576 0.037984806077568975 0.028027498677948175
9 0.20391843262694923 0.7575356953992597 0.026389444222311077 0.03172924378635643
8 0.3308676529388245 0.645425700687467 0.03158736505397841 0.024854574299312534
14 0.39704118352658935 0.5063458487572713 0.027988804478208715 0.023796932839767318
23 0.4024390243902439 0.8533844526705446 0.03638544582167133 0.029349550502379692
150 0.57796881247501 0.2933632998413538 0.03558576569372251 0.028820729772607086
7 0.6855257896841264 0.7523796932839767 0.03318672530987605 0.0298783712321523
150 0.2892842862854858 0.7086197778952935 0.03478608556577369 0.028556319407720784
77 0.4460215913634546 0.14899524061343206 0.03718512594962015 0.03622421998942359
23 0.7177129148340664 0.12559492332099417 0.023990403838464614 0.028027498677948175
186 0.8346661335465814 0.506081438392385 0.029988004798080767 0.023268112109994712
201 0.7842862854858057 0.36911686938127974 0.027588964414234307 0.021152829190904283
23 0.728108756497401 0.3659439450026441 0.030387844862055178 0.034902168164992066
212 0.8544582167133147 0.6482020095187732 0.023990403838464614 0.035166578529878374
23 0.312874850059976 0.6760973030142782 0.025989604158336666 0.028027498677948175
23 0.46001599360255896 0.5331835007932311 0.027588964414234307 0.029349550502379692
107 0.4842063174730108 0.2903225806451613 0.04238304678128749 0.024854574299312534
59 0.4660135945621751 0.752644103648863 0.03638544582167133 0.02617662612374405
100 0.4884046381447421 0.5352987837123215 0.03078768492602959 0.03252247488101533
186 0.37684926029588167 0.18032786885245902 0.040383846461415435 0.023796932839767318
23 0.8164734106357457 0.6142252776308831 0.024790083966413433 0.025912215758857746
119 0.4384246301479408 0.7915124272871497 0.03638544582167133 0.02617662612374405
201 0.11995201919232307 0.1749074563722898 0.030387844862055178 0.020359598096245372
201 0.544782087165134 0.6496562665256478 0.026789284286285485 0.020624008461131677
119 0.7542982806877249 0.5111052353252248 0.03878448620551779 0.025912215758857746
23 0.390843662534986 0.35920148069804336 0.027588964414234307 0.034108937070333155