161 0.2991473235433444 0.8691348973607038 0.039317858834675506 0.028592375366568914
8 0.16224538133585978 0.2906891495601173 0.02510658455708195 0.020772238514173997
17 0.5847939365229748 0.7978983382209188 0.041212695405021316 0.03128054740957967
23 0.3988630980577925 0.176564027370479 0.026527711984841308 0.018328445747800588
23 0.1634296541923259 0.39882697947214074 0.04358124111795358 0.025415444770283478
8 0.23117006158218853 0.3973607038123167 0.03505447655139744 0.020527859237536656
23 0.2306963524396021 0.290811339198436 0.03694931312174325 0.022482893450635387
14 0.5248697299857887 0.7970430107526881 0.04358124111795358 0.02321603128054741
144 0.34059687351965895 0.8688905180840665 0.03884414969208906 0.024193548387096774
23 0.21553765987683562 0.6185239491691105 0.03410705826622454 0.023949169110459433
119 0.7098531501657982 0.5450879765395894 0.04216011369019422 0.02321603128054741
161 0.5845570819516817 0.5449657869012707 0.03315963998105163 0.024437927663734114
23 0.5812411179535765 0.17350928641251223 0.02936996684036002 0.020527859237536656
201 0.25959261013737567 0.47421798631476053 0.025580293699668404 0.020283479960899315
161 0.27688299384178117 0.5079423264907136 0.05352913311226907 0.02370478983382209
100 0.20180009474182853 0.4046920821114369 0.030317385125532923 0.03372434017595308
8 0.3995736617716722 0.4715298142717498 0.03173851255329228 0.022727272727272728
186 0.45594504973946 0.5858993157380255 0.04026527711984841 0.02126099706744868
111 0.16295594504973945 0.7928885630498533 0.028422548555187114 0.02126099706744868
161 0.5002368545712932 0.32942326490713586 0.04358124111795358 0.02346041055718475
212 0.5343439128375178 0.13929618768328444 0.016106110847939364 0.026881720430107527
212 0.6859308384651824 0.6590909090909091 0.025580293699668404 0.03763440860215054
120 0.6243486499289437 0.6208455522971652 0.04073898626243486 0.021749755620723364
14 0.6245855045002369 0.4022482893450635 0.04026527711984841 0.024437927663734114
8 0.17124585504500237 0.8648582600195504 0.04594978683088584 0.023949169110459433
100 0.3777830412126954 0.14173998044965788 0.02700142112742776 0.036656891495601175
100 0.23969682614874468 0.6603128054740958 0.028422548555187114 0.03616813294232649
23 0.5603979156797726 0.21615347018572825 0.04452865940312648 0.027126099706744868
225 0.436049265750829 0.40053763440860213 0.026054002842254856 0.02346041055718475
23 0.28422548555187116 0.7245845552297165 0.04358124111795358 0.023949169110459433
212 0.23330175272382758 0.8332111436950147 0.018474656560871626 0.024682306940371455
14 0.3086215063950734 0.4015151515151515 0.050686878256750355 0.02346041055718475
23 0.288252013263856 0.47250733137829914 0.030791094268119375 0.020772238514173997
186 0.6316911416390336 0.47617302052785926 0.04216011369019422 0.021749755620723364
77 0.5611084793936523 0.3301564027370479 0.04405495026054003 0.04349951124144673
120 0.1788252013263856 0.6180351906158358 0.04026527711984841 0.021994134897360705
23 0.7018000947418285 0.7278836754643206 0.035528185693983895 0.022727272727272728
120 0.3787304594978683 0.7953323558162267 0.05447655139744197 0.026637341153470186
201 0.518948365703458 0.17644183773216032 0.027948839412600665 0.016617790811339198
8 0.3503079109426812 0.6550586510263929 0.03837044054950261 0.02126099706744868
212 0.7046423495973473 0.6190127077223851 0.035528185693983895 0.029814271749755622
23 0.39744197063003317 0.6930596285434996 0.03505447655139744 0.026392961876832845
23 0.638323069635244 0.7259286412512219 0.04216011369019422 0.020772238514173997
23 0.5675035528185695 0.8277126099706745 0.02936996684036002 0.025415444770283478
119 0.33159639981051636 0.47214076246334313 0.04073898626243486 0.022482893450635387
150 0.5762671719564187 0.28971163245356796 0.03837044054950261 0.02321603128054741
14 0.4604452865940313 0.8315004887585533 0.04642349597347229 0.025659824046920823
107 0.5473709142586451 0.4027370478983382 0.04784462340123164 0.023949169110459433
212 0.5814779725248698 0.3989491691104594 0.023211747986736146 0.024193548387096774
23 0.37707247749881573 0.8671798631476051 0.03694931312174325 0.024682306940371455
59 0.519895783988631 0.7605083088954057 0.056371387967787775 0.023949169110459433
100 0.33680720037896733 0.22372922776148582 0.031264803410705824 0.03201368523949169
45 0.6972998578872572 0.3985826001955034 0.04168640454760777 0.022482893450635387
119 0.16721932733301753 0.3609481915933529 0.04642349597347229 0.025904203323558164
225 0.23685457129322596 0.1744868035190616 0.02936996684036002 0.018084066471163247
8 0.40265277119848414 0.3647360703812317 0.04073898626243486 0.024682306940371455
225 0.5092373282804358 0.4010263929618768 0.028422548555187114 0.016129032258064516
201 0.5317385125532923 0.3614369501466276 0.026054002842254856 0.018084066471163247
119 0.4732354334438655 0.21395405669599218 0.04642349597347229 0.022238514173998046
201 0.5696352439602085 0.6926930596285436 0.021316911416390336 0.022727272727272728
8 0.31620085267645665 0.43132942326490714 0.043107531975367125 0.025415444770283478
119 0.18474656560871625 0.2110215053763441 0.03694931312174325 0.030547409579667645
201 0.6234012316437707 0.5813782991202346 0.027475130270014213 0.01857282502443793
120 0.3240170535291331 0.6566471163245357 0.05589767882520133 0.021016617790811338
111 0.6733775461866414 0.72886119257087 0.03837044054950261 0.024682306940371455
23 0.29772619611558504 0.3633919843597263 0.03458076740881099 0.030303030303030304
8 0.2901468498342018 0.5789345063538612 0.035528185693983895 0.022482893450635387
45 0.4441023211747987 0.6199902248289345 0.05921364282330649 0.021016617790811338
45 0.42325911890099477 0.21566471163245357 0.06395073424917101 0.017839687194525906
177 0.3685457129322596 0.4011485826001955 0.045476077688299386 0.025171065493646137
8 0.33893889152060636 0.29178885630498536 0.0364756039791568 0.020039100684261974
23 0.40549502605400284 0.39846041055718473 0.037896731406916156 0.026148582600195504
201 0.5390810042633822 0.25525415444770283 0.02936996684036002 0.017839687194525906
100 0.24940786357176695 0.43792766373411535 0.028896257697773566 0.026881720430107527
14 0.5163429654192326 0.2163978494623656 0.054950260540028426 0.02370478983382209
212 0.7354334438654666 0.7264173998044966 0.02036949313121743 0.026148582600195504
120 0.3642823306489815 0.8324780058651027 0.045476077688299386 0.02370478983382209
107 0.42657508289909996 0.32954545454545453 0.04973945997157745 0.021749755620723364
8 0.2839886309805779 0.6884164222873901 0.058266224538133585 0.021505376344086023
212 0.3649928943628612 0.2903225806451613 0.024159166271909047 0.025904203323558164
161 0.5054476551397442 0.6948924731182796 0.045476077688299386 0.028592375366568914
161 0.6243486499289437 0.33406647116324534 0.03600189483657035 0.03519061583577712
212 0.5975840833728091 0.6213343108504399 0.02226432970156324 0.02956989247311828
100 0.23614400757934628 0.4731182795698925 0.02700142112742776 0.025415444770283478
8 0.5386072951207959 0.6553030303030303 0.03979156797726196 0.02126099706744868
201 0.6395073424917102 0.7613636363636364 0.05779251539554713 0.01735092864125122
186 0.38417811463761253 0.5083088954056696 0.0502131691141639 0.026392961876832845
212 0.18569398389388916 0.583088954056696 0.018000947418285174 0.026392961876832845
9 0.4933680720037897 0.6208455522971652 0.04216011369019422 0.02321603128054741
120 0.155139744197063 0.7545210166177908 0.02700142112742776 0.01881720430107527
23 0.5926101373756514 0.3283235581622678 0.026527711984841308 0.02321603128054741
107 0.19516816674561818 0.5455767350928641 0.04831833254381809 0.021749755620723364
186 0.4156797726196116 0.2570869990224829 0.039317858834675506 0.019550342130987292
119 0.2354334438654666 0.79227761485826 0.054950260540028426 0.024437927663734114
150 0.5037896731406917 0.8275904203323559 0.04216011369019422 0.027126099706744868
33 0.2591189009947892 0.2532991202346041 0.04452865940312648 0.024682306940371455
7 0.5570819516816674 0.1381964809384164 0.037896731406916156 0.020772238514173997
212 0.4943154902889626 0.1774193548387097 0.023211747986736146 0.03128054740957967
59 0.4369966840360019 0.1757086999022483 0.05542396968261488 0.019550342130987292
45 0.6283751776409284 0.7953323558162267 0.04973945997157745 0.025171065493646137
119 0.5386072951207959 0.8293010752688172 0.030317385125532923 0.026148582600195504
119 0.7354334438654666 0.3980938416422287 0.039317858834675506 0.021505376344086023
23 0.4045476077688299 0.8324780058651027 0.04168640454760777 0.02761485826001955
8 0.5277119848413074 0.6180351906158358 0.04263382283278067 0.020039100684261974
8 0.5731880625296069 0.7272727272727273 0.03979156797726196 0.022482893450635387
45 0.2991473235433444 0.29215542521994137 0.04594978683088584 0.019794721407624633
23 0.6579819990525817 0.3663245356793744 0.04263382283278067 0.026392961876832845
119 0.29227854097584083 0.3242913000977517 0.0502131691141639 0.02297165200391007
77 0.2380388441496921 0.13563049853372433 0.04784462340123164 0.03616813294232649
119 0.5731880625296069 0.5075757575757576 0.05210800568450971 0.024437927663734114
8 0.26764566556134534 0.6566471163245357 0.031264803410705824 0.01906158357771261
45 0.35741354808147796 0.4302297165200391 0.0611084793936523 0.01930596285434995
150 0.5928469919469446 0.13966275659824046 0.0364756039791568 0.02370478983382209
201 0.5651350071056371 0.7620967741935484 0.03410705826622454 0.025171065493646137
201 0.7048792041686405 0.32697947214076245 0.03694931312174325 0.02932551319648094
100 0.5935575556608242 0.5882209188660802 0.03600189483657035 0.036656891495601175
23 0.3884414969208906 0.5442326490713587 0.03410705826622454 0.02346041055718475
225 0.6018474656560872 0.40041544477028346 0.02036949313121743 0.02321603128054741
212 0.3387020369493131 0.4013929618768328 0.018948365703458078 0.028592375366568914
107 0.4478919943154903 0.4769061583577713 0.05731880625296068 0.021749755620723364
100 0.2629085741354808 0.2966764418377322 0.03884414969208906 0.03176930596285435
120 0.4462340123164377 0.7598973607038123 0.053055423969682616 0.024193548387096774
59 0.4452865940312648 0.29142228739002934 0.06252960682141165 0.02126099706744868
212 0.16816674561819042 0.6886608015640274 0.022738038844149693 0.019550342130987292
201 0.4021790620558977 0.13355327468230693 0.027475130270014213 0.015395894428152493
212 0.39365229748934155 0.33162267839687193 0.023685457129322598 0.02785923753665689
212 0.42941733775461866 0.831989247311828 0.023211747986736146 0.028592375366568914
161 0.4189957366177167 0.7987536656891495 0.035528185693983895 0.028592375366568914
161 0.5945049739459972 0.47629521016617793 0.03884414969208906 0.02297165200391007
225 0.625769777356703 0.14015151515151514 0.03221222169587873 0.025659824046920823
14 0.5009474182851729 0.1386852394916911 0.052581714827096164 0.018328445747800588
225 0.24869729985788727 0.7234848484848485 0.03410705826622454 0.024193548387096774
119 0.6207958313595452 0.5452101661779081 0.04026527711984841 0.021994134897360705
59 0.19848413074372337 0.32404692082111436 0.08147797252486973 0.019550342130987292
201 0.20748460445286596 0.5084310850439883 0.028422548555187114 0.020283479960899315
212 0.31620085267645665 0.5810117302052786 0.018474656560871626 0.022727272727272728
161 0.253671245855045 0.7564760508308895 0.041212695405021316 0.02370478983382209
212 0.7513027001421128 0.3277126099706745 0.05400284225485552 0.03421309872922776
119 0.21766935101847465 0.5811339198435973 0.04594978683088584 0.02297165200391007
201 0.31785883467550924 0.17558651026392963 0.031264803410705824 0.016373411534701857
23 0.3675982946470867 0.3229472140762463 0.03221222169587873 0.024193548387096774
212 0.2581714827096163 0.3989491691104594 0.020843202273803884 0.028103616813294232
201 0.25580293699668405 0.5454545454545454 0.026527711984841308 0.01906158357771261
100 0.5040265277119849 0.6578690127077224 0.03221222169587873 0.033235581622678395
33 0.29819990525817147 0.7590420332355816 0.03458076740881099 0.019550342130987292
150 0.20558976788252015 0.17680840664711633 0.04073898626243486 0.021749755620723364
33 0.3370440549502605 0.3614369501466276 0.041212695405021316 0.024437927663734114
212 0.45120795831359545 0.5061094819159335 0.02036949313121743 0.028347996089931573
100 0.40099478919943154 0.626466275659824 0.023211747986736146 0.03592375366568915
225 0.23661771672193274 0.5072091886608016 0.027948839412600665 0.022238514173998046
212 0.4815253434391284 0.7602639296187683 0.024159166271909047 0.03128054740957967
201 0.19635243960208432 0.6871945259042033 0.028896257697773566 0.021505376344086023
9 0.4223117006158219 0.7265395894428153 0.035528185693983895 0.02932551319648094
225 0.4448128848886784 0.1369745845552297 0.0246328754144955 0.015884652981427175
100 0.36901942207484606 0.3684017595307918 0.030317385125532923 0.03494623655913978
201 0.6755092373282805 0.542644183773216 0.023685457129322598 0.022727272727272728
23 0.48389388915206066 0.363880742913001 0.04216011369019422 0.023949169110459433
119 0.49668403600189487 0.7262952101661779 0.04689720511605874 0.024437927663734114
119 0.41212695405021316 0.4348729227761486 0.06252960682141165 0.026637341153470186
212 0.197063003315964 0.4368279569892473 0.03221222169587873 0.031036168132942327
100 0.6755092373282805 0.3288123167155425 0.028422548555187114 0.022238514173998046
119 0.2008526764566556 0.2541544477028348 0.05684509711037423 0.02297165200391007
59 0.34249171009000473 0.54411045943304 0.05779251539554713 0.01930596285434995
23 0.27972524869729987 0.7927663734115347 0.03268593083846518 0.024926686217008796
33 0.26030317385125534 0.5796676441837733 0.03268593083846518 0.023949169110459433
100 0.6418758882046424 0.6588465298142717 0.028422548555187114 0.028836754643206255
225 0.46684036001894835 0.6906158357771262 0.056371387967787775 0.026881720430107527
225 0.5201326385599242 0.583455522971652 0.03410705826622454 0.022238514173998046
23 0.38986262434864993 0.25635386119257086 0.03410705826622454 0.023949169110459433
8 0.30341070582662244 0.2529325513196481 0.0364756039791568 0.022482893450635387
33 0.35812411179535764 0.5822336265884653 0.03979156797726196 0.028592375366568914
212 0.5402652771198484 0.6936705767350929 0.027948839412600665 0.02956989247311828
17 0.16935101847465656 0.8310117302052786 0.045002368545712934 0.02956989247311828
119 0.6068214116532449 0.6922043010752689 0.05400284225485552 0.02370478983382209
212 0.4682614874467077 0.1424731182795699 0.016579819990525817 0.022482893450635387
186 0.3649928943628612 0.6182795698924731 0.058266224538133585 0.019550342130987292
23 0.465419232591189 0.25647605083088953 0.030791094268119375 0.02126099706744868
14 0.3671245855045002 0.4731182795698925 0.03505447655139744 0.021505376344086023
9 0.28872572240644245 0.5442326490713587 0.03268593083846518 0.02297165200391007
14 0.3131217432496447 0.13636363636363635 0.04358124111795358 0.021994134897360705
119 0.4268119374703932 0.5421554252199413 0.03979156797726196 0.02126099706744868
119 0.17266698247276172 0.5087976539589443 0.04689720511605874 0.024926686217008796
212 0.31335859782093795 0.5108748778103617 0.02036949313121743 0.031036168132942327
201 0.4748934154429181 0.17289833822091888 0.02036949313121743 0.01735092864125122
201 0.22406442444339175 0.43462854349951124 0.03221222169587873 0.015395894428152493
100 0.48863098057792514 0.48240469208211145 0.026054002842254856 0.03176930596285435
8 0.18569398389388916 0.7541544477028348 0.03694931312174325 0.019550342130987292
212 0.4258645191852203 0.1345307917888563 0.020843202273803884 0.020772238514173997
45 0.46186641402179063 0.6540811339198436 0.054950260540028426 0.01881720430107527
23 0.34912363808621505 0.1312316715542522 0.03600189483657035 0.024437927663734114
14 0.32780672666982474 0.6915933528836755 0.04831833254381809 0.025415444770283478
8 0.4218379914732354 0.5075757575757576 0.04026527711984841 0.020527859237536656
14 0.5516342965419233 0.1753421309872923 0.033633349123638086 0.018328445747800588
14 0.5312648034107058 0.29105571847507333 0.04594978683088584 0.021505376344086023
225 0.5355281856939839 0.47421798631476053 0.023211747986736146 0.020772238514173997
23 0.4431549028896258 0.8669354838709677 0.03458076740881099 0.026148582600195504
100 0.3649928943628612 0.6972140762463344 0.033633349123638086 0.033235581622678395
201 0.27593557555660825 0.13477517106549364 0.030791094268119375 0.01930596285434995
8 0.38015158692562767 0.6560361681329423 0.04594978683088584 0.025659824046920823
14 0.25130270014211276 0.8671798631476051 0.05352913311226907 0.028103616813294232
201 0.4279962103268593 0.6915933528836755 0.03458076740881099 0.022482893450635387
201 0.4810516342965419 0.7955767350928641 0.03458076740881099 0.022238514173998046
119 0.564898152534344 0.2569648093841642 0.04026527711984841 0.02321603128054741
14 0.44931312174324967 0.364613880742913 0.052581714827096164 0.024926686217008796
186 0.37304594978683087 0.7598973607038123 0.04973945997157745 0.022238514173998046
100 0.2299857887257224 0.5493646138807429 0.026054002842254856 0.03225806451612903
14 0.1906679298910469 0.2920332355816227 0.048792041686404546 0.021505376344086023
225 0.2079583135954524 0.8664467253176931 0.037896731406916156 0.027126099706744868
161 0.6309805779251539 0.17387585532746824 0.02936996684036002 0.025171065493646137
201 0.7138796778777831 0.6529814271749755 0.03410705826622454 0.01759530791788856
177 0.39365229748934155 0.2903225806451613 0.05210800568450971 0.02346041055718475
201 0.5528185693983894 0.7961876832844574 0.03221222169587873 0.022482893450635387
212 0.6532449076267172 0.5835777126099707 0.0246328754144955 0.028836754643206255
23 0.20322122216958788 0.4722629521016618 0.03694931312174325 0.022238514173998046
201 0.6819043107531976 0.5813782991202346 0.03268593083846518 0.021994134897360705
14 0.5383704405495026 0.729227761485826 0.05163429654192326 0.026392961876832845
8 0.4604452865940313 0.7250733137829912 0.03979156797726196 0.026392961876832845
8 0.5568450971103742 0.5788123167155426 0.05163429654192326 0.02761485826001955
150 0.49289436286120325 0.29044477028348 0.03837044054950261 0.02126099706744868
77 0.48413074372335385 0.5095307917888563 0.04642349597347229 0.04007820136852395
186 0.416153481762198 0.6559139784946236 0.045002368545712934 0.019550342130987292
14 0.16532449076267172 0.47543988269794724 0.03410705826622454 0.02761485826001955
225 0.569161534817622 0.6214565004887586 0.045002368545712934 0.020039100684261974
14 0.34722880151586927 0.2567204301075269 0.04831833254381809 0.021749755620723364
150 0.33893889152060636 0.3250244379276637 0.04405495026054003 0.02297165200391007
201 0.27877783041212695 0.43536168132942327 0.027948839412600665 0.013440860215053764
33 0.35172903837044056 0.792644183773216 0.05542396968261488 0.02761485826001955
161 0.39459971577451447 0.5807673509286413 0.03600189483657035 0.019794721407624633
23 0.3481762198010422 0.5062316715542522 0.0502131691141639 0.026148582600195504
201 0.5390810042633822 0.25525415444770283 0.02936996684036002 0.017839687194525906
161 0.3382283278067267 0.7594086021505376 0.04358124111795358 0.025659824046920823
8 0.4782093794410232 0.396505376344086 0.04689720511605874 0.025171065493646137
150 0.5613453339649456 0.4750733137829912 0.03221222169587873 0.021994134897360705
120 0.49692089057318806 0.25806451612903225 0.054950260540028426 0.030303030303030304
212 0.39033633349123636 0.7267839687194526 0.022738038844149693 0.03176930596285435
119 0.5672666982472762 0.36241446725317694 0.056371387967787775 0.025904203323558164
33 0.31880625296068216 0.8274682306940372 0.04263382283278067 0.02737047898338221
8 0.3214116532449076 0.9009042033235581 0.04026527711984841 0.021749755620723364
201 0.21932733301752724 0.7537878787878788 0.03315963998105163 0.020772238514173997
150 0.6693510184746566 0.6213343108504399 0.049265750828991 0.026637341153470186
120 0.6044528659403127 0.7262952101661779 0.03979156797726196 0.02346041055718475
201 0.4876835622927523 0.5821114369501467 0.030791094268119375 0.018084066471163247
119 0.27143533870203695 0.8279569892473119 0.05589767882520133 0.02785923753665689
45 0.37020369493131217 0.21700879765395895 0.04973945997157745 0.01857282502443793
212 0.5971103742302226 0.7642961876832844 0.03173851255329228 0.025659824046920823
212 0.653008053055424 0.5455767350928641 0.021316911416390336 0.026637341153470186
120 0.4073898626243487 0.8663245356793744 0.04452865940312648 0.024926686217008796
212 0.16035054476551397 0.5434995112414467 0.026054002842254856 0.029814271749755622
23 0.20653718616769304 0.8274682306940372 0.03884414969208906 0.025415444770283478
150 0.2070108953102795 0.7218963831867058 0.045476077688299386 0.028347996089931573
100 0.5130270014211274 0.3701124144672532 0.02936996684036002 0.031036168132942327
33 0.6054002842254855 0.8291788856304986 0.045476077688299386 0.026392961876832845
100 0.15892941733775462 0.5855327468230694 0.03173851255329228 0.03470185728250244
107 0.17550923732828044 0.6550586510263929 0.041212695405021316 0.02126099706744868
23 0.6110847939365229 0.6567693059628543 0.03315963998105163 0.027126099706744868
8 0.6655613453339649 0.3969941348973607 0.03979156797726196 0.01686217008797654
8 0.4123638086215064 0.759286412512219 0.04973945997157745 0.01906158357771261
212 0.310279488394126 0.7920332355816226 0.025580293699668404 0.029814271749755622
23 0.26125059213642826 0.2143206256109482 0.033633349123638086 0.024437927663734114
14 0.2543818095689247 0.3651026392961877 0.05210800568450971 0.021016617790811338
14 0.6030317385125533 0.1777859237536657 0.03505447655139744 0.01735092864125122
107 0.2754618664140218 0.176564027370479 0.05163429654192326 0.022238514173998046
14 0.29819990525817147 0.21933040078201368 0.05352913311226907 0.020772238514173997
8 0.21222169587873047 0.6540811339198436 0.03884414969208906 0.02126099706744868
119 0.231643770724775 0.6889051808406648 0.04642349597347229 0.02297165200391007
23 0.18924680246328754 0.7917888563049853 0.03268593083846518 0.02297165200391007
23 0.532449076267172 0.32783479960899314 0.0246328754144955 0.026637341153470186
77 0.5760303173851256 0.6582355816226784 0.04168640454760777 0.0427663734115347
14 0.616295594504974 0.36656891495601174 0.04642349597347229 0.022482893450635387
201 0.46494552344860257 0.3304007820136852 0.030791094268119375 0.01906158357771261
14 0.22193273330175273 0.21566471163245357 0.04689720511605874 0.017839687194525906
59 0.19279962103268594 0.1333088954056696 0.047370914258645196 0.017839687194525906
107 0.342728564661298 0.7264173998044966 0.07247749881572714 0.025171065493646137
201 0.5130270014211274 0.4738514173998045 0.0246328754144955 0.021994134897360705
100 0.16721932733301753 0.7239736070381232 0.02936996684036002 0.029081133919843596
8 0.20914258645191852 0.3602150537634409 0.04405495026054003 0.024437927663734114
14 0.45168166745618193 0.7976539589442815 0.04026527711984841 0.024437927663734114
17 0.2550923732828044 0.6208455522971652 0.0364756039791568 0.025659824046920823
120 0.3559924206537186 0.17680840664711633 0.06963524396020843 0.026148582600195504
201 0.6639033633349124 0.6534701857282502 0.027948839412600665 0.020527859237536656
23 0.2482235907153008 0.3247800586510264 0.026527711984841308 0.02297165200391007
111 0.2979630506868783 0.6560361681329423 0.037896731406916156 0.02126099706744868
201 0.5315016579819991 0.5101417399804496 0.03410705826622454 0.022238514173998046
225 0.27759355755566084 0.3998044965786901 0.02936996684036002 0.01759530791788856