212 0.44395742016280526 0.34127423822714686 0.03256105197244834 0.0554016620498615
14 0.21446462116468376 0.20526315789473687 0.054477144646211645 0.049307479224376734
8 0.34126487163431435 0.6822714681440444 0.0688791484032561 0.06481994459833795
111 0.5225422667501565 0.2700831024930748 0.048215403882279274 0.050415512465373964
23 0.6161552911709455 0.48559556786703606 0.060112711333750776 0.06371191135734072
169 0.24953036944270507 0.5542936288088643 0.06825297432686286 0.06371191135734072
212 0.22197871008140263 0.6221606648199447 0.024420788979336253 0.05650969529085873
8 0.43894802755165935 0.40083102493074796 0.0638697557921102 0.06038781163434904
23 0.8096430807764559 0.6232686980609419 0.057608015028177834 0.0554016620498615
23 0.4492798998121478 0.6930747922437673 0.06324358171571696 0.05761772853185596
100 0.567313713212273 0.7573407202216067 0.040075140889167186 0.05429362880886427
150 0.22573575453976205 0.4819944598337951 0.05322479649342517 0.05318559556786704
201 0.8575453976205385 0.7595567867036012 0.056981840951784594 0.05429362880886427
8 0.306199123356293 0.5465373961218837 0.04884157795867251 0.05927977839335181
119 0.5112711333750782 0.4049861495844876 0.058234189104571066 0.0554016620498615
201 0.2100814026299311 0.41080332409972303 0.060738885410144015 0.05706371191135735
212 0.3321853475266124 0.7531855955678671 0.028177833437695678 0.05706371191135735
212 0.666562304320601 0.8238227146814405 0.035691922354414526 0.04875346260387812
23 0.36537257357545394 0.27146814404432135 0.05072010018785222 0.04986149584487535
212 0.2514088916718848 0.4113573407202216 0.03318722604884158 0.052631578947368425
119 0.43362554790231683 0.7595567867036012 0.07827175954915466 0.05872576177285319
201 0.7432686286787726 0.7617728531855956 0.055103318722604884 0.05761772853185596
45 0.2736380713838447 0.2030470914127424 0.07764558547276143 0.0481994459833795
212 0.5375704445835943 0.7603878116343491 0.036944270507201 0.051523545706371195
201 0.4380087664370695 0.5495844875346261 0.06700062617407639 0.04542936288088643
120 0.27958672510958044 0.6889196675900278 0.06574827802128992 0.06371191135734072
111 0.39855979962429555 0.6833795013850416 0.051972448340638695 0.05706371191135735
201 0.6233562930494677 0.7606648199445984 0.060738885410144015 0.05096952908587258
201 0.5150281778334377 0.6249307479224377 0.06324358171571696 0.04653739612188366
150 0.27802128991859737 0.1407202216066482 0.058860363180964305 0.06094182825484765
107 0.3916718847839699 0.34016620498614963 0.07701941139636818 0.04986149584487535
212 0.5288040075140888 0.8221606648199447 0.038196618659987476 0.05318559556786704
150 0.31809643080776456 0.6204986149584488 0.06261740763932373 0.0554016620498615
23 0.18190356919223544 0.6224376731301939 0.0707576706324358 0.06481994459833795
186 0.2723857232310582 0.33407202216066484 0.06512210394489668 0.05429362880886427
23 0.32654978083907327 0.8277008310249309 0.058234189104571066 0.05429362880886427
111 0.343143393863494 0.20470914127423825 0.057608015028177834 0.054847645429362886
212 0.33688165309956164 0.4110803324099723 0.045084533500313086 0.04764542936288089
120 0.7977457733249843 0.7581717451523546 0.06762680025046963 0.05927977839335181
100 0.44176581089542893 0.20886426592797785 0.044458359423919847 0.05650969529085873
119 0.7276142767689417 0.693628808864266 0.073888541014402 0.05872576177285319
186 0.5685660613650595 0.1448753462603878 0.06512210394489668 0.04376731301939059
201 0.47589229805886035 0.27506925207756233 0.056355666875391355 0.04709141274238227
186 0.38196618659987475 0.39806094182825486 0.07138384470882905 0.05706371191135735
186 0.17908578584846588 0.47950138504155126 0.052598622417031934 0.0481994459833795
14 0.7160300563556669 0.8277008310249309 0.060738885410144015 0.04653739612188366
14 0.6352536005009393 0.6897506925207757 0.06825297432686286 0.06094182825484765
23 0.32216656230432056 0.33545706371191136 0.06324358171571696 0.055955678670360116
33 0.2335629304946775 0.7573407202216067 0.0688791484032561 0.06204986149584488
225 0.21571696931747025 0.8318559556786704 0.051972448340638695 0.05706371191135735
212 0.5720100187852223 0.4052631578947369 0.048215403882279274 0.04598337950138504
8 0.7845961177207263 0.6966759002770083 0.057608015028177834 0.06260387811634349
186 0.3105823418910457 0.27202216066482 0.0638697557921102 0.06094182825484765
225 0.2883531621790858 0.4083102493074793 0.051972448340638695 0.05207756232686981
161 0.3177833437695679 0.486426592797784 0.05322479649342517 0.0554016620498615
59 0.5488415779586725 0.4789473684210527 0.07201001878522229 0.051523545706371195
107 0.42266750156543514 0.8263157894736842 0.06512210394489668 0.055955678670360116
23 0.49655604257983715 0.7570637119113574 0.061365059486537255 0.051523545706371195
119 0.5835942391984972 0.3393351800554017 0.036318096430807766 0.054847645429362886
8 0.4204758922980588 0.47756232686980615 0.059486537257357544 0.05207756232686981
201 0.4805886036318096 0.8279778393351801 0.060738885410144015 0.06149584487534627
59 0.44802755165936126 0.6235457063711912 0.09830932999373826 0.055955678670360116
150 0.5782717595491547 0.6878116343490305 0.0707576706324358 0.05706371191135735
107 0.3678772698810269 0.5495844875346261 0.07827175954915466 0.06204986149584488
201 0.7072636192861615 0.6277008310249308 0.055729492798998116 0.0554016620498615
107 0.6455854727614276 0.6232686980609419 0.07263619286161553 0.05207756232686981
14 0.4232936756418284 0.2753462603878117 0.060112711333750776 0.05096952908587258
119 0.269254852849092 0.4819944598337951 0.045084533500313086 0.05318559556786704
59 0.47964934251721975 0.47756232686980615 0.057608015028177834 0.0554016620498615
161 0.5322479649342517 0.34016620498614963 0.053850970569818406 0.05761772853185596
23 0.4884157795867251 0.2030470914127424 0.050093926111458985 0.051523545706371195
14 0.4652473387601753 0.14570637119113575 0.0638697557921102 0.04986149584487535
8 0.5788979336255479 0.2706371191135734 0.06700062617407639 0.054847645429362886
201 0.3691296180338134 0.7562326869806095 0.05322479649342517 0.05650969529085873
186 0.3290544771446462 0.14210526315789473 0.05322479649342517 0.054847645429362886
212 0.37382592360676264 0.8282548476454294 0.036318096430807766 0.06204986149584488
201 0.17532874139010643 0.3404432132963989 0.050093926111458985 0.05706371191135735
14 0.6734502191609267 0.554016620498615 0.06324358171571696 0.05761772853185596
8 0.19067000626174074 0.5565096952908588 0.058234189104571066 0.06038781163434904
212 0.22291797119599246 0.33684210526315794 0.038822792736380715 0.0554016620498615
59 0.8440826549780839 0.6952908587257618 0.07514088916718847 0.05983379501385042
201 0.48184095178459607 0.34182825484764545 0.056981840951784594 0.05318559556786704
107 0.6840951784596118 0.7570637119113574 0.07827175954915466 0.053739612188365656
201 0.765184721352536 0.8277008310249309 0.04884157795867251 0.04986149584487535
8 0.29117094552285533 0.7534626038781164 0.061365059486537255 0.05650969529085873
14 0.16343143393863493 0.4094182825484765 0.045084533500313086 0.05207756232686981
186 0.5059486537257357 0.6905817174515236 0.09142141515341265 0.06371191135734072
120 0.76017532874139 0.6229916897506925 0.0638697557921102 0.06038781163434904
8 0.39699436443331243 0.20526315789473687 0.050093926111458985 0.05927977839335181
201 0.5623043206011271 0.5523545706371191 0.053850970569818406 0.0554016620498615
150 0.5200375704445835 0.14542936288088643 0.045710707576706325 0.04709141274238227
119 0.5034439574201628 0.551246537396122 0.073888541014402 0.0554016620498615
186 0.2639323731997495 0.6238227146814405 0.07201001878522229 0.04986149584487535
212 0.6759549154664997 0.6952908587257618 0.03443957420162805 0.05761772853185596
150 0.2501565435190983 0.2706371191135734 0.0707576706324358 0.04709141274238227
150 0.7442078897933625 0.5587257617728533 0.07827175954915466 0.05927977839335181
14 0.23137132122730117 0.1440443213296399 0.044458359423919847 0.04875346260387812
201 0.380087664370695 0.6249307479224377 0.06261740763932373 0.04764542936288089
33 0.18346900438321853 0.2703601108033241 0.061365059486537255 0.05761772853185596
14 0.6249217282404508 0.8232686980609419 0.058860363180964305 0.04875346260387812
161 0.5757670632435817 0.6227146814404433 0.06950532247964934 0.05650969529085873
33 0.2667501565435191 0.8254847645429364 0.06637445209768315 0.05761772853185596
8 0.22448340638697556 0.6847645429362882 0.06950532247964934 0.05761772853185596
107 0.5576080150281778 0.20581717451523548 0.07952410770194114 0.053739612188365656
201 0.5767063243581716 0.8254847645429364 0.04884157795867251 0.04986149584487535
225 0.6145898559799624 0.556786703601108 0.059486537257357544 0.05207756232686981