201 0.7088915956151035 0.1887997081357169 0.04060089321965083 0.020430499817584824
177 0.7726349979699554 0.258847136081722 0.04141291108404385 0.021889821233126595
23 0.7641088103938286 0.7983400218898212 0.0389768574908648 0.020612914994527543
23 0.33191230207064554 0.356165632980664 0.040194884287454324 0.020612914994527543
14 0.7389362565976452 0.41563298066399124 0.03816483962647178 0.01659978110178767
33 0.6881851400730816 0.2572053994892375 0.04628501827040195 0.021524990879241153
119 0.7515225334957369 0.1887997081357169 0.04790905399918798 0.020430499817584824
186 0.769995939910678 0.3946552353155782 0.04506699147381242 0.0202480846406421
14 0.729192042224929 0.6413717621306092 0.048721071863580996 0.022984312294782927
111 0.6735688185140073 0.16864283108354614 0.022736500203004467 0.017329441809558557
14 0.30186764108810393 0.5059284932506385 0.05318717011774259 0.019153593578985773
8 0.6406820950060901 0.52681503101058 0.0438489646772229 0.022984312294782927
119 0.5895249695493301 0.5257205399489238 0.05278116118554608 0.02334914264866837
212 0.6209906617945595 0.23376504925209776 0.022330491270807957 0.019153593578985773
8 0.785221274868047 0.4353338197738052 0.032480714575720666 0.022072236410069317
201 0.3440925700365408 0.689073330901131 0.04181892001624036 0.019153593578985773
100 0.535931790499391 0.45868296242247353 0.02354851806739748 0.019518423932871214
186 0.6723507917174177 0.3257022984312295 0.05278116118554608 0.02243706676395476
107 0.2620787657328461 0.10114921561473915 0.05562322371092164 0.022801897117840204
100 0.34855866829070237 0.7356804086099964 0.03126268777913114 0.020795330171470266
14 0.3369874137231019 0.6673659248449471 0.04628501827040195 0.01696461145567311
8 0.4007308160779537 0.48248814301349874 0.0438489646772229 0.01897117840204305
23 0.5613073487616728 0.7104159066034293 0.046691027202598455 0.02243706676395476
225 0.608607389362566 0.6426486683692083 0.03816483962647178 0.021160160525355708
23 0.4782785221274868 0.33126596132798247 0.044660982541615914 0.02334914264866837
23 0.7563946406820949 0.7085917548340022 0.04709703613479496 0.021707406056183876
8 0.7911084043848965 0.3254286756658154 0.05562322371092164 0.021160160525355708
119 0.7147787251319528 0.30344764684421743 0.04587900933820544 0.0202480846406421
150 0.5669914738124239 0.4809376140094856 0.05075111652456354 0.022072236410069317
23 0.2586276898091758 0.17402407880335644 0.03735282176207876 0.022619481940897482
45 0.5696305318717012 0.5498905508938343 0.0535931790499391 0.0202480846406421
225 0.6002842062525375 0.7559284932506385 0.03532277710109622 0.020430499817584824
107 0.6155095412099066 0.41836920831813207 0.0438489646772229 0.02243706676395476
8 0.3229801055623224 0.4851331630791682 0.04100690215184734 0.02243706676395476
23 0.5842468534307754 0.304086099963517 0.03816483962647178 0.02334914264866837
8 0.2553796183516037 0.19427216344399853 0.0341047503045067 0.018241517694272163
225 0.19366626065773446 0.1520430499817585 0.03978887535525782 0.019883254286756656
119 0.571863580998782 0.3947464429040496 0.05075111652456354 0.021160160525355708
45 0.24116930572472595 0.2645020065669464 0.04060089321965083 0.019700839109813937
8 0.6388550548112059 0.7541955490696826 0.040194884287454324 0.022072236410069317
8 0.5637434023548518 0.19117110543597227 0.03532277710109622 0.02006566946369938
8 0.6510353227771011 0.30372126960963153 0.04100690215184734 0.020795330171470266
225 0.7758830694275274 0.7540131338927398 0.03735282176207876 0.020612914994527543
212 0.7237109216402761 0.43752280189711784 0.022330491270807957 0.019518423932871214
14 0.5903369874137231 0.3277088653775994 0.04303694681282988 0.02462604888726742
201 0.6455542021924482 0.7085005472455308 0.0341047503045067 0.020795330171470266
8 0.5192854242793341 0.43752280189711784 0.03735282176207876 0.0202480846406421
119 0.717214778725132 0.4595950383071872 0.05075111652456354 0.0202480846406421
23 0.5172553796183516 0.6876140094855892 0.04303694681282988 0.022072236410069317
23 0.6047503045066991 0.2599416271433783 0.04587900933820544 0.02334914264866837
23 0.30836378400324804 0.21725647573878146 0.03126268777913114 0.01897117840204305
14 0.31384490458790093 0.73458591754834 0.03978887535525782 0.018606348048157608
8 0.30572472594397077 0.6670010944910616 0.030044660982541615 0.01805910251732944
8 0.655704425497361 0.684786574242977 0.0389768574908648 0.021524990879241153
150 0.3737312220868859 0.4159978110178767 0.04587900933820544 0.017329441809558557
161 0.6719447827852213 0.7541955490696826 0.03978887535525782 0.022072236410069317
186 0.44843686561104346 0.2136993797883984 0.05156313438895656 0.01805910251732944
225 0.37697929354445797 0.12258299890550893 0.03288672350791717 0.017511856986501276
100 0.795574502639058 0.3470448741335279 0.04506699147381242 0.021707406056183876
177 0.42407632967925296 0.5741517694272164 0.04181892001624036 0.0202480846406421
23 0.34612261469752337 0.10279095220722365 0.03613479496548924 0.019153593578985773
100 0.7354851806739748 0.16590660342940533 0.027202598457166056 0.01805910251732944
119 0.3118148599269184 0.23796059832178038 0.04953308972797402 0.01805910251732944
150 0.5635403978887535 0.6421926304268515 0.04790905399918798 0.022072236410069317
119 0.7539585870889159 0.5030098504195549 0.04953308972797402 0.023896388179496533
225 0.6128704831506293 0.8267055819044145 0.046691027202598455 0.02553812477198103
119 0.7202598457166057 0.7994345129514776 0.04709703613479496 0.022072236410069317
23 0.2777101096224117 0.2636811382707041 0.0341047503045067 0.02134257570229843
201 0.2693869265123833 0.23960233491426486 0.039382866423061304 0.019883254286756656
119 0.36155095412099064 0.48340021889821233 0.04181892001624036 0.02334914264866837
45 0.5454730004060089 0.21406421014228383 0.049939098660170524 0.015505290040131339
186 0.28846934632561916 0.05928493250638453 0.040194884287454324 0.01568770521707406
23 0.45594803085667884 0.528547975191536 0.04303694681282988 0.0202480846406421
119 0.7001624035728786 0.23257935060197008 0.03288672350791717 0.018606348048157608
212 0.8077547706049533 0.3943816125501642 0.03613479496548924 0.02334914264866837
8 0.6435241575314656 0.6421014228383801 0.0438489646772229 0.020795330171470266
9 0.6928542427933414 0.596315213425757 0.03613479496548924 0.021889821233126595
201 0.5071051563134389 0.6649945275446917 0.03978887535525782 0.0202480846406421
186 0.6246447421843281 0.4585005472455308 0.04263093788063337 0.020612914994527543
23 0.5592773041006902 0.4387997081357169 0.04100690215184734 0.019518423932871214
59 0.4874137231019082 0.39447282013863555 0.04831506293138449 0.02097774534841299
161 0.37779131140885097 0.4621488507843853 0.036946812829882256 0.019518423932871214
111 0.46122614697523345 0.757843852608537 0.03816483962647178 0.021707406056183876
14 0.6278928136419001 0.6647209047792776 0.04587900933820544 0.02334914264866837
33 0.4453917986195696 0.19217438890915725 0.03816483962647178 0.019883254286756656
111 0.5509541209906618 0.6856074425392192 0.035728786033292735 0.019883254286756656
107 0.5030450669914738 0.504560379423568 0.04790905399918798 0.021524990879241153
212 0.3654080389768575 0.3968442174388909 0.01705237515225335 0.02134257570229843
45 0.7876573284612262 0.6169281284202845 0.04303694681282988 0.02334914264866837
201 0.46609825416159156 0.461327982488143 0.042224928948436866 0.01933600875592849
59 0.49350385708485583 0.14830353885443268 0.036946812829882256 0.01897117840204305
23 0.4598051157125457 0.41727471725647575 0.033698741372310194 0.019518423932871214
100 0.6889971579374746 0.6188434877781831 0.03329273244011368 0.026450200656694636
120 0.2245229395046691 0.1748449470995987 0.04303694681282988 0.021707406056183876
119 0.6173365814047909 0.6864283108354615 0.04425497360941941 0.020795330171470266
161 0.5805927730410069 0.35151404596862457 0.0438489646772229 0.021160160525355708
119 0.6918392204628502 0.4378876322510033 0.04303694681282988 0.019153593578985773
8 0.4598051157125457 0.2360452389638818 0.04100690215184734 0.021160160525355708
119 0.5020300446609826 0.7334002188982123 0.04587900933820544 0.0202480846406421
161 0.6451481932602517 0.3942904049616928 0.034916768168899714 0.022072236410069317
119 0.6871701177425903 0.641827800072966 0.05075111652456354 0.02134257570229843
225 0.7099066179455948 0.7753557095950383 0.03613479496548924 0.019883254286756656
14 0.6063743402354852 0.37230937614009485 0.040194884287454324 0.018241517694272163
23 0.37840032480714575 0.1475738781466618 0.0389768574908648 0.01933600875592849
212 0.4334145351197726 0.48248814301349874 0.025578562728380026 0.01897117840204305
161 0.7320341047503045 0.7337650492520977 0.044660982541615914 0.02462604888726742
119 0.6514413317092976 0.7326705581904415 0.04587900933820544 0.019883254286756656
120 0.43950466910272024 0.7795512586647209 0.03613479496548924 0.02134257570229843
119 0.402557856272838 0.2630426851514046 0.04587900933820544 0.021524990879241153
225 0.8213560698335364 0.4367931411893469 0.04303694681282988 0.0202480846406421
225 0.6427121396670726 0.8022619481940897 0.0438489646772229 0.02334914264866837
8 0.7509135200974422 0.7756293323604524 0.04181892001624036 0.02371397300255381
111 0.6360129922858303 0.777818314483765 0.036946812829882256 0.024808464064210143
7 0.7125456760048721 0.6643560744253921 0.048721071863580996 0.022619481940897482
161 0.27689809175801866 0.4171835096680044 0.035728786033292735 0.018606348048157608
14 0.6624035728786033 0.28009850419554905 0.03613479496548924 0.022072236410069317
8 0.76045473000406 0.3021707406056184 0.048721071863580996 0.022072236410069317
23 0.757206658546488 0.48139365195184236 0.0389768574908648 0.02371397300255381
23 0.2677628907835972 0.6214885078438526 0.036946812829882256 0.020795330171470266
150 0.633373934226553 0.3266143743159431 0.04709703613479496 0.02243706676395476
23 0.22513195290296387 0.12595767967894927 0.033698741372310194 0.019153593578985773
7 0.2624847746650426 0.1265961327982488 0.04100690215184734 0.01787668734038672
59 0.7440113682501015 0.27891280554542136 0.04831506293138449 0.019700839109813937
8 0.4870077141697117 0.1908974826705582 0.04912708079577751 0.019883254286756656
225 0.5064961429151441 0.5743341846041591 0.04506699147381242 0.019883254286756656
8 0.7023954526999594 0.37139730025538126 0.03735282176207876 0.018241517694272163
77 0.45554202192448234 0.12468077344035024 0.042224928948436866 0.022801897117840204
212 0.3386114494518879 0.5061109084275812 0.02192448233861145 0.018423932871214885
107 0.42935444579780757 0.598595403137541 0.04100690215184734 0.019883254286756656
150 0.2750710515631344 0.439073330901131 0.039382866423061304 0.017511856986501276
119 0.41981323589118963 0.7114191900766144 0.048721071863580996 0.021160160525355708
119 0.42103126268777913 0.3097409704487413 0.04790905399918798 0.02334914264866837
212 0.6447421843280552 0.16727471725647575 0.0389768574908648 0.017511856986501276
225 0.40946000812017863 0.19454578620941262 0.037758830694275276 0.0202480846406421
23 0.5075111652456354 0.7774534841298796 0.0389768574908648 0.018606348048157608
59 0.32501015022330493 0.439346953666545 0.05237515225334957 0.022072236410069317
23 0.6613885505481121 0.5489784750091208 0.04790905399918798 0.0202480846406421
212 0.48335363377994317 0.4151769427216344 0.023142509135200974 0.01897117840204305
212 0.2858302882663419 0.17420649398029917 0.029232643118148598 0.021160160525355708
100 0.29334145351197727 0.6005107624954397 0.030450669914738125 0.020430499817584824
212 0.5948030856678846 0.4589565851878876 0.020300446609825416 0.020795330171470266
23 0.5440519691433211 0.8262495439620576 0.03816483962647178 0.023896388179496533
77 0.6218026796589525 0.503283473184969 0.04506699147381242 0.035388544326888
14 0.5318717011774259 0.8013498723093762 0.0389768574908648 0.018241517694272163
23 0.7511165245635404 0.684786574242977 0.03978887535525782 0.020795330171470266
14 0.7693869265123833 0.7309376140094855 0.0341047503045067 0.021889821233126595
225 0.6774259033698742 0.39365195184239327 0.04506699147381242 0.020795330171470266
100 0.7358911896061713 0.371579715432324 0.033698741372310194 0.02334914264866837
23 0.5430369468128299 0.5269974461875228 0.04587900933820544 0.020795330171470266
212 0.3280552172147787 0.7819226559649762 0.02354851806739748 0.01805910251732944
14 0.40844498578968735 0.505563662896753 0.035728786033292735 0.0202480846406421
14 0.5440519691433211 0.7326705581904415 0.04953308972797402 0.021707406056183876
45 0.4937068615509541 0.2126960963152134 0.042224928948436866 0.02334914264866837
14 0.5267965895249695 0.19199197373221452 0.046691027202598455 0.019518423932871214
161 0.3920016240357288 0.17311200291864282 0.04100690215184734 0.01897117840204305
212 0.47442143727161995 0.6659066034294053 0.02151847340641494 0.0202480846406421
225 0.7503045066991474 0.5716891645384896 0.042224928948436866 0.019700839109813937
14 0.5395858708891595 0.2357716161984677 0.0389768574908648 0.019883254286756656
8 0.5032480714575721 0.30736957314848595 0.04587900933820544 0.022984312294782927
45 0.6585464880227365 0.2334914264866837 0.05115712545676005 0.016417365924844947
201 0.4029638652050345 0.78082816490332 0.036946812829882256 0.01696461145567311
119 0.821965083231831 0.4152681503101058 0.04831506293138449 0.01696461145567311
119 0.6416971173365814 0.25802626778547977 0.05156313438895656 0.023896388179496533
23 0.7505075111652456 0.8246990149580445 0.05075111652456354 0.025902955125866472
33 0.44254973609419407 0.6663626413717622 0.042224928948436866 0.021160160525355708
119 0.7046285018270402 0.34923385625684056 0.04506699147381242 0.02462604888726742
186 0.4602111246447422 0.4820321050711419 0.040194884287454324 0.019883254286756656
45 0.4250913520097442 0.6875228018971178 0.051969143321153065 0.021160160525355708
212 0.7304100690215185 0.4820321050711419 0.024360535931790498 0.02243706676395476
186 0.5172553796183516 0.41654505654870483 0.048721071863580996 0.019883254286756656
120 0.4185952090946001 0.41608901860634806 0.04628501827040195 0.018241517694272163
107 0.6934632561916362 0.4837650492520978 0.042224928948436866 0.020795330171470266
107 0.3627689809175802 0.7800072966070777 0.04587900933820544 0.01933600875592849
186 0.30633373934226554 0.07862094126231302 0.039382866423061304 0.017147026632615834
8 0.6183516037352822 0.5989602334914265 0.03816483962647178 0.021707406056183876
8 0.5655704425497361 0.7562021160160525 0.0438489646772229 0.019883254286756656
201 0.5779537149817295 0.23476833272528275 0.03126268777913114 0.021160160525355708
119 0.622208688591149 0.5492520977745349 0.049939098660170524 0.021524990879241153
111 0.7373122208688591 0.23285297336738417 0.034916768168899714 0.019883254286756656
23 0.5412099066179455 0.6656329806639912 0.042224928948436866 0.020795330171470266
201 0.7123426715387738 0.5725100328347318 0.04263093788063337 0.022801897117840204
186 0.5020300446609826 0.45977745348412985 0.04587900933820544 0.021707406056183876
225 0.4060089321965083 0.6671835096680043 0.0389768574908648 0.019518423932871214
150 0.6187576126674786 0.6199379788398395 0.044660982541615914 0.02243706676395476
59 0.5095412099066179 0.7097774534841299 0.06414941128704832 0.021160160525355708
23 0.499187982135607 0.48139365195184236 0.04181892001624036 0.018606348048157608
225 0.7870483150629314 0.6852426121853338 0.03613479496548924 0.02243706676395476
33 0.45533901745838407 0.827344035023714 0.05562322371092164 0.024990879241152862
23 0.5225334957369062 0.09978110178766873 0.030044660982541615 0.019700839109813937
186 0.5044660982541616 0.3502371397300255 0.027202598457166056 0.018606348048157608
150 0.4644742184328055 0.3077344035023714 0.04303694681282988 0.022984312294782927
212 0.6739748274462039 0.526541408245166 0.028420625253755584 0.021707406056183876
23 0.7764920828258222 0.641827800072966 0.05156313438895656 0.023896388179496533
100 0.3406414941128705 0.4617840204304998 0.03329273244011368 0.0202480846406421
201 0.439301664636622 0.3959321415541773 0.042224928948436866 0.019518423932871214
225 0.6682907023954527 0.3722181685516235 0.030044660982541615 0.018788763225100327
212 0.5294356475842469 0.48102882159795696 0.022736500203004467 0.021160160525355708
150 0.4051969143321153 0.2159795695001824 0.04790905399918798 0.018241517694272163
8 0.6660576532683719 0.6639000364830354 0.04587900933820544 0.02243706676395476
119 0.808363784003248 0.30271798613644657 0.04141291108404385 0.019153593578985773
59 0.547909053999188 0.77882159795695 0.05156313438895656 0.019883254286756656
212 0.3639870077141697 0.43779642466253194 0.023142509135200974 0.020795330171470266
23 0.7976045473000406 0.5026450200656695 0.03613479496548924 0.019153593578985773
225 0.7543645960211125 0.16563298066399124 0.022736500203004467 0.018606348048157608
14 0.3152659358505887 0.2879423568040861 0.04912708079577751 0.0202480846406421
107 0.5042630937880633 0.8267055819044145 0.0438489646772229 0.022984312294782927
23 0.7119366626065773 0.3257935060197008 0.03613479496548924 0.02334914264866837
14 0.6191636215996752 0.35178766873403866 0.03978887535525782 0.023166727471725646
45 0.3576938692651238 0.26213060926669096 0.0535931790499391 0.020795330171470266
212 0.5600893219650832 0.330901130974097 0.02151847340641494 0.022619481940897482
186 0.2689809175801868 0.3092849325063845 0.05562322371092164 0.02243706676395476
150 0.6607795371498173 0.3503283473184969 0.046691027202598455 0.021707406056183876
100 0.5962241169305724 0.4397117840204305 0.036946812829882256 0.019518423932871214
150 0.2669508729192042 0.07907697920466983 0.039382866423061304 0.017694272163444
14 0.7090946000812017 0.7542867566581539 0.037758830694275276 0.021160160525355708
8 0.6583434835566382 0.4194636993797884 0.04425497360941941 0.022072236410069317
107 0.5245635403978888 0.33044509303174024 0.04790905399918798 0.02243706676395476
100 0.5769386926512383 0.8265231667274717 0.03329273244011368 0.025902955125866472
23 0.2391392610637434 0.2180773440350237 0.031668696711327646 0.017694272163444
111 0.35952090946000814 0.5529004013133892 0.037758830694275276 0.018241517694272163
8 0.5655704425497361 0.45868296242247353 0.03816483962647178 0.0202480846406421
225 0.3700771416971173 0.5051988325428676 0.037758830694275276 0.019153593578985773
201 0.41331709297604546 0.12322145202480846 0.035728786033292735 0.019518423932871214
59 0.34693463256191637 0.5759759211966435 0.0637434023548518 0.019883254286756656
212 0.3036946812829882 0.14830353885443268 0.01705237515225335 0.021889821233126595
23 0.2679658952496955 0.33527909522072236 0.042224928948436866 0.020795330171470266
119 0.5012180267965896 0.2362276541408245 0.053999187982135606 0.01897117840204305
119 0.39606171335769386 0.4387997081357169 0.05075111652456354 0.022072236410069317
212 0.42407632967925296 0.803082816490332 0.018270401948842874 0.021707406056183876
14 0.37819732034104747 0.6212148850784385 0.04181892001624036 0.019153593578985773
212 0.7135606983353634 0.6194819408974827 0.027202598457166056 0.022619481940897482
186 0.7135606983353634 0.685789857716162 0.04100690215184734 0.022072236410069317
45 0.7501015022330492 0.20986866107260124 0.04263093788063337 0.019518423932871214
23 0.3942346731628096 0.6431047063115651 0.03735282176207876 0.0202480846406421
45 0.6624035728786033 0.825337468077344 0.05562322371092164 0.022072236410069317
150 0.33110028420625254 0.3959321415541773 0.04344295574502639 0.021707406056183876
45 0.6705237515225335 0.45913900036483035 0.056435241575314654 0.018606348048157608
23 0.40946000812017863 0.8270704122582999 0.037758830694275276 0.022984312294782927
100 0.38408444985789686 0.7116928128420285 0.030044660982541615 0.020612914994527543
201 0.49533089727974017 0.8035388544326888 0.03978887535525782 0.020795330171470266
107 0.3114088509947219 0.6233126596132799 0.048721071863580996 0.01897117840204305
212 0.29334145351197727 0.48504195549069684 0.02151847340641494 0.020430499817584824
119 0.6079983759642712 0.7109631521342575 0.046691027202598455 0.02462604888726742
7 0.5397888753552578 0.6199379788398395 0.04100690215184734 0.02243706676395476
212 0.4303694681282988 0.7574790222546516 0.025172553796183515 0.02243706676395476
9 0.7466504263093788 0.6182050346588837 0.0389768574908648 0.02334914264866837
107 0.4539179861956963 0.8018971178402043 0.0389768574908648 0.02334914264866837
120 0.31770198944376776 0.2619481940897483 0.049939098660170524 0.022984312294782927
8 0.7594397076735688 0.5266326158336373 0.056435241575314654 0.025902955125866472
23 0.35525781567194475 0.5291864283108354 0.0389768574908648 0.022619481940897482
201 0.679658952496955 0.8011674571324334 0.03816483962647178 0.021160160525355708
8 0.7001624035728786 0.28055454213790587 0.04587900933820544 0.02371397300255381
120 0.18879415347137637 0.17393287121488507 0.03816483962647178 0.0202480846406421
8 0.3166869671132765 0.3106530463334549 0.0438489646772229 0.02334914264866837
8 0.2732440113682501 0.1494892375045604 0.04628501827040195 0.02134257570229843
201 0.595818107998376 0.7800072966070777 0.047503045066991476 0.022984312294782927
23 0.32967925294356476 0.3342758117475374 0.03329273244011368 0.02097774534841299
33 0.2732440113682501 0.2174388909157242 0.04141291108404385 0.020795330171470266
8 0.3089727974015428 0.4606895293688435 0.03816483962647178 0.020612914994527543
161 0.6256597645148193 0.282105071141919 0.03735282176207876 0.017329441809558557
225 0.2850182704019488 0.39584093396570597 0.04141291108404385 0.019700839109813937
119 0.2986195696305319 0.19491061656329806 0.05481120584652862 0.017694272163444
201 0.5759236703207471 0.5062021160160525 0.036946812829882256 0.020795330171470266
59 0.8272431993503857 0.47984312294782927 0.05562322371092164 0.02243706676395476
212 0.46650426309378806 0.5062021160160525 0.027608607389362567 0.020795330171470266
23 0.3749492488834754 0.19491061656329806 0.04100690215184734 0.019518423932871214
33 0.5661794559480309 0.25802626778547977 0.04100690215184734 0.022072236410069317
8 0.5812017864393016 0.6879788398394746 0.040194884287454324 0.022072236410069317
225 0.36114494518879414 0.8038124771981029 0.03288672350791717 0.019518423932871214
45 0.5992691839220463 0.7332178037212695 0.06090133982947625 0.019883254286756656
8 0.34997969955339014 0.7112367748996716 0.0438489646772229 0.022619481940897482
150 0.36033292732440114 0.23759576796789492 0.05075111652456354 0.019883254286756656
23 0.6149005278116119 0.393834367019336 0.04100690215184734 0.020430499817584824
119 0.3266341859520909 0.8027179861364465 0.04587900933820544 0.019883254286756656
107 0.769183922046285 0.45868296242247353 0.046691027202598455 0.019518423932871214
212 0.6412911084043849 0.37258299890550894 0.025578562728380026 0.019883254286756656
23 0.37048315062931386 0.6671835096680043 0.03207470564352416 0.019518423932871214
201 0.45371498172959807 0.14675300985041956 0.04506699147381242 0.02134257570229843
45 0.4053999187982136 0.5509850419554907 0.05075111652456354 0.01805910251732944
186 0.2001624035728786 0.2162531922655965 0.04141291108404385 0.015505290040131339
119 0.31242387332521315 0.7118752280189712 0.04100690215184734 0.019518423932871214
45 0.5071051563134389 0.0788945640277271 0.05440519691433211 0.01659978110178767
161 0.46224116930572473 0.7101422838380154 0.03613479496548924 0.021160160525355708
150 0.7086885911490053 0.5248084640642101 0.046691027202598455 0.02334914264866837
119 0.3639870077141697 0.8298978475009121 0.05075111652456354 0.024990879241152862
225 0.7515225334957369 0.32597592119664354 0.04060089321965083 0.022984312294782927
186 0.33576938692651237 0.14730025538124772 0.048721071863580996 0.02097774534841299
23 0.3231831100284206 0.5537212696096315 0.0389768574908648 0.01805910251732944
100 0.4695493300852619 0.550802626778548 0.02882663418595209 0.020612914994527543
100 0.5442549736094194 0.5062933236045238 0.03207470564352416 0.021707406056183876
59 0.49736094194072267 0.5279095220722364 0.06333739342265529 0.021524990879241153
201 0.2626877791311409 0.48394746442904046 0.0438489646772229 0.022619481940897482
212 0.6841250507511165 0.6856986501276906 0.02354851806739748 0.020795330171470266
59 0.7105156313438895 0.7081357168916453 0.048721071863580996 0.021524990879241153
201 0.3103938286642306 0.6450200656694637 0.039382866423061304 0.02334914264866837
150 0.6753958587088916 0.7765414082451659 0.04100690215184734 0.022984312294782927
161 0.6287048315062931 0.18998540678584458 0.04263093788063337 0.02134257570229843
119 0.6311408850994722 0.21187522801897118 0.03857084855866829 0.018423932871214885
212 0.6096224116930572 0.8035388544326888 0.022330491270807957 0.02334914264866837
45 0.7795371498172959 0.414812112367749 0.04303694681282988 0.018241517694272163
59 0.2862362971985384 0.3565304633345494 0.0535931790499391 0.01805910251732944
59 0.4762484774665043 0.6882524626048887 0.058465286236297195 0.021524990879241153
150 0.7285830288266342 0.39365195184239327 0.05156313438895656 0.02334914264866837
23 0.5332927324401137 0.39447282013863555 0.04181892001624036 0.02243706676395476
7 0.5909460008120179 0.18971178402043049 0.03857084855866829 0.02371397300255381
45 0.31282988225740965 0.8295330171470267 0.047503045066991476 0.021707406056183876
45 0.4695493300852619 0.17019336008755928 0.04181892001624036 0.01568770521707406
177 0.7501015022330492 0.3477745348412988 0.037758830694275276 0.021707406056183876
120 0.6153065367438083 0.304086099963517 0.03613479496548924 0.021524990879241153
8 0.7515225334957369 0.6632615833637359 0.0389768574908648 0.022984312294782927
212 0.365002030044661 0.28666545056548703 0.04953308972797402 0.0202480846406421
201 0.4295574502639058 0.10051076249543962 0.03816483962647178 0.01787668734038672
8 0.5428339423467317 0.3510580080262678 0.03816483962647178 0.01696461145567311
201 0.39626471782379213 0.8038124771981029 0.03735282176207876 0.0202480846406421
100 0.6617945594803085 0.5071141919007661 0.03735282176207876 0.020795330171470266
161 0.7647178237921234 0.5947646844217439 0.04181892001624036 0.01805910251732944
212 0.7874543239951279 0.4809376140094856 0.02151847340641494 0.022801897117840204
150 0.4642712139667073 0.5726012404232032 0.04587900933820544 0.021524990879241153
23 0.2125456760048721 0.10169646114556731 0.039382866423061304 0.0202480846406421
120 0.39118960617133575 0.5280919372491791 0.05075111652456354 0.022984312294782927
201 0.4445797807551766 0.2622218168551623 0.0438489646772229 0.019883254286756656
201 0.7287860332927324 0.5957679678949288 0.03654080389768575 0.01897117840204305
23 0.7030044660982542 0.16636264137176213 0.033698741372310194 0.01787668734038672
120 0.4699553390174584 0.7780919372491791 0.037758830694275276 0.019883254286756656
201 0.6552984165651644 0.4401678219627873 0.03816483962647178 0.01678219627873039
150 0.5651644336175395 0.41700109449106165 0.05278116118554608 0.021524990879241153
111 0.7097036134794965 0.2108719445457862 0.032480714575720666 0.01933600875592849
23 0.46224116930572473 0.28639182780007294 0.04181892001624036 0.022619481940897482
107 0.4226552984165652 0.46233126596132795 0.04709703613479496 0.019883254286756656
23 0.6224116930572473 0.5713243341846042 0.0389768574908648 0.02225465158701204
14 0.3093788063337393 0.10133163079168186 0.04303694681282988 0.020612914994527543
59 0.5436459602111247 0.30709595038307186 0.05684125050751117 0.021707406056183876
14 0.5539991879821357 0.2846588836191171 0.04181892001624036 0.021707406056183876
119 0.5081201786439301 0.2842028456767603 0.05562322371092164 0.020795330171470266
107 0.33414535119772637 0.5998723093761401 0.0535931790499391 0.019883254286756656
23 0.2746650426309379 0.667092302079533 0.04181892001624036 0.021889821233126595
45 0.5133982947624848 0.5498905508938343 0.05887129516849371 0.02134257570229843
111 0.6276898091758019 0.43889091572418826 0.029232643118148598 0.01678219627873039
8 0.5909460008120179 0.28292593943816124 0.04181892001624036 0.020795330171470266
212 0.4303694681282988 0.2362276541408245 0.025172553796183515 0.01897117840204305
212 0.6739748274462039 0.7081357168916453 0.024360535931790498 0.02334914264866837
45 0.7042224928948437 0.504560379423568 0.053999187982135606 0.021524990879241153
7 0.4226552984165652 0.5279095220722364 0.03329273244011368 0.021524990879241153
119 0.45635403978887534 0.6209412623130245 0.0438489646772229 0.021160160525355708
201 0.3036946812829882 0.5756110908427581 0.048721071863580996 0.01805910251732944
186 0.43808363784003246 0.6445640277271069 0.048721071863580996 0.019883254286756656
186 0.39667072675598863 0.3968442174388909 0.04303694681282988 0.018423932871214885
14 0.4405196914332115 0.549799343305363 0.03816483962647178 0.020430499817584824
7 0.22838002436053592 0.15067493615468808 0.04263093788063337 0.022619481940897482
225 0.5140073081607796 0.16909886902590296 0.04709703613479496 0.017147026632615834
119 0.6652456354039789 0.5715979569500182 0.05075111652456354 0.019518423932871214
186 0.2693869265123833 0.4595038307187158 0.04181892001624036 0.02225465158701204
119 0.3869265123832724 0.10133163079168186 0.04953308972797402 0.017694272163444
119 0.6155095412099066 0.482305727836556 0.04790905399918798 0.022984312294782927
119 0.706049533089728 0.5481576067128785 0.05765326837190418 0.021889821233126595
119 0.5832318311002842 0.6654505654870485 0.049939098660170524 0.01933600875592849
201 0.46569224522939506 0.5985041955490696 0.0389768574908648 0.020795330171470266
161 0.41392610637434024 0.14684421743889092 0.03451075923670321 0.02006566946369938
23 0.44295574502639057 0.4408062750820868 0.04303694681282988 0.019153593578985773
23 0.37190418189200164 0.17274717256475738 0.04303694681282988 0.020795330171470266
201 0.38550548112058464 0.7367748996716527 0.039382866423061304 0.018606348048157608
225 0.6569224522939504 0.5970448741335279 0.048721071863580996 0.018606348048157608
120 0.7511165245635404 0.4365195184239329 0.03978887535525782 0.020795330171470266
8 0.3928136419001218 0.5747902225465159 0.040194884287454324 0.021524990879241153
14 0.3404384896467722 0.19454578620941262 0.05075111652456354 0.017694272163444
23 0.23751522533495736 0.24033199562203575 0.03816483962647178 0.023896388179496533
119 0.3225740966301259 0.5321962787303903 0.04587900933820544 0.02243706676395476
14 0.49878197320341044 0.5983217803721269 0.03532277710109622 0.021889821233126595
225 0.5994721883881445 0.23340021889821233 0.027202598457166056 0.01805910251732944
45 0.4782785221274868 0.09859540313754105 0.05684125050751117 0.022072236410069317
100 0.30146163215590743 0.33436701933600876 0.027202598457166056 0.022619481940897482
225 0.7070645554202193 0.8234221087194454 0.040194884287454324 0.025173294418095585
59 0.3576938692651238 0.2174388909157242 0.059277304100690216 0.01933600875592849
107 0.27161997563946405 0.6442904049616928 0.042224928948436866 0.022984312294782927
23 0.4163621599675193 0.6220357533746808 0.04181892001624036 0.020795330171470266
225 0.6082013804303694 0.16818679314118934 0.03978887535525782 0.017511856986501276
77 0.5050751116524563 0.6210324699014957 0.04953308972797402 0.03848960233491427
119 0.3524157531465692 0.645111273257935 0.048721071863580996 0.021707406056183876
8 0.40052781161185547 0.23668369208318132 0.04181892001624036 0.021707406056183876
119 0.3729192042224929 0.3786939073330901 0.05318717011774259 0.017147026632615834
201 0.43869265123832724 0.5064757387814666 0.03613479496548924 0.019518423932871214
59 0.3225740966301259 0.17320321050711418 0.05562322371092164 0.021707406056183876
107 0.327446203816484 0.4166362641371762 0.05075111652456354 0.017147026632615834
201 0.7407632967925294 0.7554724553082817 0.03288672350791717 0.0202480846406421
23 0.657328461226147 0.4834914264866837 0.0341047503045067 0.022072236410069317
100 0.4959399106780349 0.12458956585187887 0.04181892001624036 0.02225465158701204
177 0.7781161185546082 0.37121488507843853 0.04831506293138449 0.02006566946369938
225 0.3047097036134795 0.6878876322510032 0.04344295574502639 0.021889821233126595
201 0.8394234673162809 0.4564027727106895 0.046691027202598455 0.01933600875592849
120 0.7882663418595209 0.6627143378329077 0.03451075923670321 0.02006566946369938
100 0.8049127080795777 0.45795330171470267 0.029638652050345108 0.01696461145567311
150 0.19021518473406415 0.12842028456767604 0.04344295574502639 0.022619481940897482
23 0.5724725943970768 0.8027179861364465 0.04953308972797402 0.021707406056183876
23 0.49675192854242795 0.7566581539584093 0.036946812829882256 0.02334914264866837
150 0.2742590336987414 0.287668734038672 0.04506699147381242 0.022619481940897482
23 0.6569224522939504 0.6194819408974827 0.0389768574908648 0.020795330171470266
201 0.3455136012992286 0.6220357533746808 0.0389768574908648 0.01897117840204305
59 0.42062525375558263 0.2861182050346589 0.05278116118554608 0.019518423932871214
33 0.4835566382460414 0.4399854067858446 0.0438489646772229 0.01897117840204305
100 0.5294356475842469 0.7557460780736958 0.028420625253755584 0.020795330171470266
45 0.3830694275274056 0.5981393651951842 0.05156313438895656 0.01897117840204305
201 0.6938692651238327 0.7334914264866836 0.04303694681282988 0.02334914264866837