186 0.25491237387148163 0.2553914327917282 0.06479022835900158 0.03397341211225997
119 0.5406266595857674 0.7026587887740029 0.06585236325013276 0.035155096011816836
212 0.451141795007966 0.4039881831610044 0.03239511417950079 0.036336779911373705
100 0.654275092936803 0.7700147710487444 0.0403611258629846 0.034564254062038405
119 0.6585236325013276 0.5889217134416543 0.06797663303239511 0.03161004431314623
177 0.22012745618693572 0.4831610044313146 0.05257567711099309 0.033382570162481535
212 0.7660647902283589 0.39940915805022154 0.02602230483271375 0.03899556868537666
225 0.8948486457780137 0.7351550960118168 0.04779607010090281 0.031019202363367797
23 0.4893786510886882 0.4805022156573116 0.051513542219861916 0.03397341211225997
161 0.760754115772703 0.5477104874446085 0.04514073287307488 0.03604135893648449
186 0.7549123738714816 0.36336779911373707 0.051513542219861916 0.030132939438700147
107 0.5427509293680297 0.47961595273264396 0.061603823685608065 0.032200886262924666
14 0.6818906001062134 0.5149187592319054 0.054168879447689854 0.03249630723781388
8 0.787838555496548 0.6248153618906942 0.04301646309081253 0.03781388478581979
212 0.35262878385554963 0.6642540620384046 0.03823685608072225 0.03161004431314623
8 0.31200212426978224 0.2573116691285081 0.055762081784386616 0.03781388478581979
201 0.7190653212958045 0.5474150664697193 0.048858204992033985 0.029542097488921712
120 0.20207116303770578 0.39955686853766614 0.056824216675517784 0.031019202363367797
144 0.22650026553372277 0.2958641063515509 0.06850770047796069 0.036336779911373705
119 0.3789166224110462 0.25583456425406204 0.06107275624004248 0.03072378138847858
23 0.8005841741901221 0.6997045790251107 0.05257567711099309 0.036336779911373705
186 0.6083377588953797 0.2174298375184638 0.07381837493361657 0.03426883308714918
33 0.5193839617631438 0.44135893648449037 0.043547530536378116 0.03426883308714918
201 0.47716409984067976 0.2565731166912851 0.05045140732873075 0.03161004431314623
212 0.6789697291556027 0.5512555391432792 0.03027084439723845 0.03722304283604136
212 0.8430695698353691 0.7017725258493352 0.03558151885289432 0.038109305760709006
100 0.6744556558682953 0.6257016248153618 0.033988316516197555 0.03604135893648449
14 0.2764206054168879 0.5220088626292466 0.0483271375464684 0.03190546528803545
23 0.8937865108868825 0.8324963072378139 0.048858204992033985 0.027769571639586408
120 0.1404673393520977 0.400738552437223 0.056824216675517784 0.036336779911373705
23 0.6046202867764205 0.5906942392909896 0.05045140732873075 0.03161004431314623
14 0.8473181093998937 0.7698670605612998 0.04726500265533722 0.027178729689807973
77 0.4091874668082846 0.6654357459379615 0.07063197026022304 0.05878877400295421
59 0.5493892724375995 0.7344165435745937 0.06532129580456718 0.03249630723781388
9 0.5849707912904939 0.6249630723781388 0.05257567711099309 0.03988183161004431
144 0.7517259691980881 0.769423929098966 0.056824216675517784 0.0327917282127031
119 0.5323951141795008 0.14062038404726734 0.06850770047796069 0.03072378138847858
33 0.5847052575677111 0.5518463810930576 0.06372809346787041 0.030132939438700147
33 0.5807222517259691 0.805612998522895 0.05469994689325544 0.03545051698670605
8 0.4121083377588953 0.5543574593796159 0.05735528412108337 0.035155096011816836
201 0.5196494954859266 0.5181683899556868 0.04514073287307488 0.028951255539143277
212 0.4954859267126925 0.6273264401772526 0.031864046733935204 0.0327917282127031
225 0.4859267126925119 0.09113737075332348 0.061603823685608065 0.034564254062038405
212 0.6617100371747211 0.2189069423929099 0.03717472118959107 0.03604135893648449
100 0.31890600106213485 0.6639586410635154 0.040892193308550186 0.033382570162481535
8 0.4288369622942113 0.25361890694239286 0.053637812002124266 0.030428360413589362
225 0.8035050451407328 0.4008862629246676 0.04992033988316516 0.04194977843426883
119 0.8754646840148699 0.6620384047267356 0.06744556558682953 0.03545051698670605
161 0.7015400955921401 0.4400295420974889 0.046733935209771635 0.0327917282127031
119 0.3985661178969729 0.7802067946824224 0.056824216675517784 0.0413589364844904
161 0.1723313860860329 0.29719350073855244 0.04726500265533722 0.03308714918759231
201 0.5318640467339352 0.628655834564254 0.053637812002124266 0.03367799113737075
23 0.3202336696760488 0.5945347119645494 0.04779607010090281 0.033382570162481535
100 0.8027084439723844 0.25361890694239286 0.04514073287307488 0.03397341211225997
161 0.17180031864046733 0.48611521418020676 0.05257567711099309 0.035155096011816836
120 0.7559745087626127 0.7345642540620383 0.056824216675517784 0.030428360413589362
186 0.7565055762081784 0.43663220088626287 0.06850770047796069 0.03781388478581979
119 0.42007434944237915 0.36602658788774 0.07010090281465746 0.03663220088626292
100 0.6757833244822092 0.8875923190546529 0.03239511417950079 0.034564254062038405
150 0.15454062665958576 0.4395864106351551 0.041423260754115766 0.03899556868537666
150 0.12241104620286776 0.3363367799113737 0.04620286776420605 0.029246676514032493
201 0.15852363250132764 0.25406203840472674 0.051513542219861916 0.03545051698670605
120 0.33935209771640995 0.4799113737075332 0.050982474774296335 0.036927621861152136
212 0.6064790228359002 0.3311669128508124 0.03292618162506638 0.03249630723781388
150 0.23154540626659584 0.5231905465288035 0.05841741901221455 0.03131462333825701
120 0.498672331386086 0.6649926144756277 0.05841741901221455 0.03426883308714918
201 0.5908125331917153 0.7035450516986705 0.04620286776420605 0.033382570162481535
225 0.8544875199150291 0.7372230428360413 0.04992033988316516 0.029837518463810928
100 0.7522570366436537 0.327917282127031 0.04514073287307488 0.04076809453471196
14 0.458842272968667 0.551698670605613 0.04460966542750929 0.03397341211225997
23 0.6887944768985661 0.8418020679468241 0.05735528412108337 0.03161004431314623
212 0.6635687732342007 0.29098966026587886 0.021773765268189058 0.029542097488921712
7 0.619490175252257 0.25760709010339733 0.04620286776420605 0.03072378138847858
59 0.8645778013807753 0.4353028064992614 0.0520446096654275 0.029246676514032493
212 0.5876261285183217 0.47961595273264396 0.03451938396176314 0.0327917282127031
225 0.5525756771109931 0.25568685376661743 0.0483271375464684 0.030428360413589362
150 0.6510886882634094 0.4376661742983752 0.05735528412108337 0.03161004431314623
212 0.7501327668613913 0.6258493353028064 0.03239511417950079 0.036336779911373705
119 0.5695698353690918 0.5163958641063515 0.05469994689325544 0.03249630723781388
111 0.36245353159851296 0.5559822747415066 0.04726500265533722 0.03604135893648449
45 0.2976633032395114 0.29497784342688327 0.07063197026022304 0.025110782865583454
186 0.4221986192246415 0.5893648449039881 0.054168879447689854 0.03249630723781388
8 0.610462028677642 0.7703101920236336 0.056824216675517784 0.036927621861152136
119 0.6471056824216675 0.7010339734121122 0.07169410515135421 0.03367799113737075
225 0.5204460966542751 0.2960118168389955 0.050982474774296335 0.028951255539143277
100 0.3847583643122676 0.5189069423929099 0.03345724907063197 0.032200886262924666
212 0.7397769516728624 0.8025110782865583 0.050982474774296335 0.0327917282127031
225 0.8345724907063197 0.6243722304283603 0.05045140732873075 0.033382570162481535
8 0.7190653212958045 0.6983751846381092 0.05310674455655868 0.03840472673559822
150 0.804567180031864 0.3639586410635155 0.046733935209771635 0.03190546528803545
8 0.8085501858736058 0.8816838995568684 0.05045140732873075 0.039290989660265875
23 0.7926181625066383 0.3268833087149187 0.04938927243759957 0.040472673559822744
59 0.8566117896972915 0.880354505169867 0.054168879447689854 0.03663220088626292
111 0.2777482740308019 0.5945347119645494 0.04779607010090281 0.031019202363367797
100 0.3297928836962294 0.32998522895125554 0.03717472118959107 0.03426883308714918
161 0.3130642591609134 0.5559822747415066 0.056824216675517784 0.029542097488921712
119 0.7251725969198087 0.39970457902511075 0.064259160913436 0.03604135893648449
59 0.6364843335103557 0.47769571639586406 0.06850770047796069 0.03426883308714918
59 0.20286776420605415 0.14194977843426881 0.08603292618162506 0.033382570162481535
212 0.7010090281465745 0.21728212703101918 0.041423260754115766 0.03397341211225997
119 0.42405735528412103 0.33057607090103397 0.06107275624004248 0.03367799113737075
225 0.5735528412108337 0.331314623338257 0.04460966542750929 0.032200886262924666
119 0.6741901221455124 0.7355982274741506 0.06107275624004248 0.03190546528803545
212 0.5852363250132766 0.2567208271787297 0.023366967604885817 0.028951255539143277
23 0.22092405735528411 0.5580502215657311 0.048858204992033985 0.028360413589364843
8 0.7033988316516196 0.32747415066469715 0.05469994689325544 0.036336779911373705
14 0.11019649495485925 0.36720827178729687 0.058948486457780135 0.030132939438700147
45 0.48459904407859794 0.5911373707533234 0.07594264471587892 0.03249630723781388
59 0.20233669676048857 0.18035450516986704 0.06903876792352628 0.032200886262924666
23 0.6832182687201274 0.18301329394387 0.06001062134891131 0.033382570162481535
23 0.5560276155071694 0.18153618906942393 0.05310674455655868 0.030428360413589362
23 0.6994158258098778 0.7719350073855243 0.048858204992033985 0.027769571639586408
201 0.7113648433351035 0.25332348596750365 0.04620286776420605 0.03397341211225997
150 0.6301115241635687 0.514327917282127 0.06213489113117365 0.03308714918759231
120 0.22623473181093998 0.5929098966026587 0.061603823685608065 0.03190546528803545
59 0.7695167286245352 0.4782865583456425 0.08390865639936271 0.03485967503692762
8 0.8685608072225172 0.5432791728212703 0.03770578863515666 0.03604135893648449
212 0.44423791821561337 0.09409158050221565 0.03451938396176314 0.0327917282127031
33 0.8181093998937865 0.5487444608567208 0.06744556558682953 0.036927621861152136
111 0.7405735528412107 0.8420974889217133 0.06107275624004248 0.029246676514032493
150 0.8335103558151885 0.5896602658788773 0.06319702602230483 0.03663220088626292
212 0.4561869357408391 0.6636632200886262 0.027615507169410514 0.033382570162481535
107 0.4992033988316516 0.18197932053175775 0.06691449814126393 0.03308714918759231
14 0.296866702071163 0.662629246676514 0.04779607010090281 0.03072378138847858
119 0.5942644715878916 0.36528803545051697 0.06372809346787041 0.038109305760709006
225 0.20552310143388208 0.25435745937961596 0.046733935209771635 0.03485967503692762
23 0.36829527349973445 0.5937961595273263 0.05469994689325544 0.03190546528803545
8 0.2294211364843335 0.4403249630723781 0.050982474774296335 0.037518463810930575
161 0.7033988316516196 0.36514032496307236 0.05257567711099309 0.027178729689807973
8 0.3600637280934678 0.3642540620384047 0.06479022835900158 0.03367799113737075
201 0.2373871481678173 0.21639586410635153 0.04992033988316516 0.029837518463810928
212 0.717206585236325 0.7366322008862629 0.02496016994158258 0.0327917282127031
14 0.5671800318640466 0.7706056129985228 0.04460966542750929 0.036336779911373705
201 0.43680297397769513 0.7054652880354505 0.053637812002124266 0.03308714918759231
107 0.6080722251725968 0.8841949778434268 0.043547530536378116 0.03426883308714918
212 0.6051513542219862 0.4403249630723781 0.03239511417950079 0.03161004431314623
201 0.7095061072756239 0.6614475627769572 0.054168879447689854 0.03426883308714918
225 0.13409453000531066 0.18301329394387 0.06956983536909186 0.030428360413589362
33 0.5746149761019649 0.29468242245199405 0.05735528412108337 0.03161004431314623
23 0.6988847583643122 0.47976366322008857 0.04992033988316516 0.03426883308714918
150 0.3635156664896442 0.4423929098966026 0.05045140732873075 0.038700147710487444
23 0.6662241104620287 0.25642540620384047 0.04726500265533722 0.03545051698670605
45 0.52947424322889 0.3642540620384047 0.07010090281465746 0.03367799113737075
23 0.43998937865108867 0.7358936484490398 0.053637812002124266 0.03190546528803545
201 0.5738183749336165 0.40310192023633673 0.04514073287307488 0.03397341211225997
8 0.805894848645778 0.7358936484490398 0.0483271375464684 0.03426883308714918
8 0.8143919277748274 0.43870014771048743 0.056824216675517784 0.03367799113737075
107 0.7549123738714816 0.28936484490398817 0.05788635156664896 0.029246676514032493
119 0.25092936802973975 0.3676514032496307 0.06850770047796069 0.031019202363367797
59 0.4017525225703664 0.6228951255539142 0.07169410515135421 0.033382570162481535
33 0.550185873605948 0.5909896602658788 0.05523101433882103 0.034564254062038405
119 0.36670207116303766 0.2980797636632201 0.06638343069569835 0.03308714918759231
212 0.7230483271375464 0.5180206794682422 0.036643653744025485 0.03574593796159527
100 0.6391396707381837 0.8035450516986705 0.06107275624004248 0.03249630723781388
225 0.5738183749336165 0.09423929098966026 0.05257567711099309 0.03840472673559822
59 0.7716409984067976 0.5147710487444608 0.06691449814126393 0.03397341211225997
119 0.4787573021773765 0.2189069423929099 0.07169410515135421 0.028951255539143277
201 0.8943175783324482 0.7706056129985228 0.046733935209771635 0.028064992614475627
8 0.6399362719065321 0.5519940915805022 0.050982474774296335 0.035155096011816836
212 0.4508762612851832 0.18375184638109304 0.03505045140732873 0.03663220088626292
212 0.7177376526818905 0.8887740029542097 0.04938927243759957 0.033382570162481535
33 0.44768985661178967 0.769423929098966 0.0605416887944769 0.041654357459379614
8 0.47291556027615506 0.36602658788774 0.05788635156664896 0.03426883308714918
8 0.3635156664896442 0.1797636632200886 0.04726500265533722 0.0327917282127031
77 0.8409453000531066 0.48581979320531754 0.06638343069569835 0.05819793205317577
8 0.2857142857142857 0.33028064992614475 0.04567180031864047 0.03485967503692762
8 0.12028677642060541 0.22200886262924666 0.056824216675517784 0.037518463810930575
9 0.6484333510355814 0.328655834564254 0.05523101433882103 0.034564254062038405
119 0.8576739245884226 0.8020679468242244 0.07859798194370685 0.03367799113737075
161 0.6447158789166224 0.8868537666174298 0.03717472118959107 0.03604135893648449
100 0.27190653212958044 0.4398818316100443 0.03823685608072225 0.04254062038404727
7 0.6144450345193839 0.18212703101920236 0.06372809346787041 0.0327917282127031
23 0.8151885289431757 0.6617429837518464 0.05523101433882103 0.03249630723781388
161 0.611789697291556 0.0914327917282127 0.04248539564524694 0.038109305760709006
8 0.5443441317047265 0.21816838995568683 0.06691449814126393 0.029837518463810928
119 0.3061603823685608 0.4020679468242245 0.055762081784386616 0.03131462333825701
8 0.5084970791290494 0.7714918759231905 0.06532129580456718 0.034564254062038405
23 0.13170472650026552 0.29660265878877395 0.03823685608072225 0.028951255539143277
150 0.3975039830058417 0.4806499261447562 0.06638343069569835 0.03426883308714918
45 0.17896972915560275 0.3675036927621861 0.0807222517259692 0.029542097488921712
45 0.4060010621348911 0.21698670605612996 0.08125331917153478 0.03161004431314623
212 0.4830058417419012 0.7023633677991137 0.03451938396176314 0.034564254062038405
186 0.30430164630908124 0.36499261447562775 0.05523101433882103 0.032200886262924666
23 0.4094530005310674 0.17932053175775478 0.0562931492299522 0.03722304283604136
14 0.530801911842804 0.40310192023633673 0.041954328199681354 0.03574593796159527
8 0.6332979288369622 0.6239290989660266 0.053637812002124266 0.03781388478581979
201 0.5902814657461497 0.14209748892171342 0.05257567711099309 0.030132939438700147
119 0.5015932023366967 0.7363367799113737 0.07912904938927243 0.034564254062038405
100 0.1771109930961232 0.5240768094534711 0.0483271375464684 0.03426883308714918
186 0.6534784917684545 0.6584933530280649 0.07063197026022304 0.03426883308714918
33 0.7780138077535846 0.5893648449039881 0.06585236325013276 0.03899556868537666
225 0.4872543813064259 0.40339734121122595 0.04938927243759957 0.036927621861152136
201 0.2588953797132236 0.4028064992614475 0.044078597981943704 0.029246676514032493
201 0.4232607541157727 0.5183161004431314 0.043547530536378116 0.031019202363367797
107 0.17525225703664363 0.21669128508124075 0.061603823685608065 0.029246676514032493
201 0.46070100902814654 0.6236336779911373 0.04938927243759957 0.03190546528803545
23 0.7166755177907593 0.6236336779911373 0.041954328199681354 0.04076809453471196
120 0.2870419543281997 0.2175775480059084 0.05257567711099309 0.0327917282127031
120 0.7639405204460966 0.8887740029542097 0.04301646309081253 0.030428360413589362
23 0.47344662772172064 0.14135893648449038 0.053637812002124266 0.033382570162481535
23 0.6903876792352628 0.8042836041358936 0.04460966542750929 0.031019202363367797
23 0.47716409984067976 0.33220088626292466 0.04938927243759957 0.0327917282127031
23 0.6627721720658523 0.4020679468242245 0.05947955390334572 0.030132939438700147
23 0.805894848645778 0.7723781388478581 0.05045140732873075 0.028655834564254058
8 0.3706850770047796 0.33013293943870015 0.048858204992033985 0.035155096011816836
212 0.6022304832713754 0.7350073855243722 0.0403611258629846 0.029542097488921712
111 0.7591609134360063 0.6989660265878876 0.04514073287307488 0.029542097488921712
120 0.31625066383430694 0.18020679468242243 0.05469994689325544 0.03308714918759231
212 0.5276155071694105 0.08729689807976365 0.036643653744025485 0.04933530280649926
7 0.2665958576739246 0.5570162481536188 0.050982474774296335 0.026883308714918758
212 0.7987254381306426 0.2884785819793205 0.028677642060541686 0.029246676514032493
177 0.8335103558151885 0.28921713441654356 0.05045140732873075 0.03840472673559822
45 0.7936802973977695 0.8019202363367799 0.05045140732873075 0.03161004431314623
8 0.5674455655868295 0.4400295420974889 0.058948486457780135 0.0327917282127031
107 0.7583643122676579 0.25302806499261443 0.0520446096654275 0.029246676514032493
201 0.408656399362719 0.09350073855243722 0.05045140732873075 0.03161004431314623
120 0.33669676048858205 0.2189069423929099 0.048858204992033985 0.03485967503692762
7 0.1887944768985661 0.441506646971935 0.03983005841741901 0.036927621861152136
23 0.7182687201274561 0.5875923190546528 0.053637812002124266 0.03249630723781388
107 0.23473181093998935 0.3326440177252585 0.061603823685608065 0.03367799113737075
161 0.5270844397238449 0.33190546528803544 0.05045140732873075 0.033382570162481535
225 0.16834838024429102 0.3364844903988183 0.04779607010090281 0.027769571639586408
59 0.7599575146043547 0.6621861152141801 0.07010090281465746 0.035155096011816836
100 0.40812533191715344 0.4047267355982274 0.053637812002124266 0.03781388478581979
119 0.8802442910249602 0.7005908419497784 0.0483271375464684 0.032200886262924666
201 0.6513542219861922 0.36484490398818314 0.05045140732873075 0.03485967503692762
186 0.6521508231545405 0.09409158050221565 0.04779607010090281 0.038109305760709006
8 0.2695167286245353 0.18050221565731164 0.0483271375464684 0.03426883308714918
225 0.4739776951672862 0.5186115214180207 0.05788635156664896 0.030428360413589362
8 0.6269251194901752 0.29084194977843425 0.05045140732873075 0.029246676514032493
59 0.40414232607541156 0.14062038404726734 0.09134360063728093 0.03131462333825701
8 0.35581518852894317 0.4025110782865583 0.054168879447689854 0.036927621861152136
45 0.5568242166755177 0.6641063515509601 0.07169410515135421 0.028951255539143277
23 0.7020711630377058 0.28877400295420974 0.050982474774296335 0.031019202363367797
150 0.33457249070631967 0.5193500738552437 0.06903876792352628 0.03131462333825701
225 0.3117365905469994 0.43943870014771047 0.04779607010090281 0.036927621861152136
212 0.5135422198619224 0.25420974889217135 0.0403611258629846 0.036927621861152136