59 0.6996245306633292 0.19349142280524723 0.10137672090112641 0.05600403632694248
14 0.64549436795995 0.41321897073662966 0.06821026282853568 0.05146316851664985
23 0.17146433041301629 0.7305751765893037 0.03754693366708386 0.05146316851664985
8 0.46339173967459324 0.41094853683148336 0.07571964956195244 0.07719475277497477
212 0.4311639549436796 0.31786074672048437 0.03754693366708386 0.05751765893037336
8 0.6364205256570713 0.6377396569122099 0.1051314142678348 0.07164480322906155
8 0.47465581977471843 0.6458123107971746 0.06695869837296621 0.06559031281533804
107 0.3254067584480601 0.22300706357214933 0.08135168961201503 0.06659939455095863
8 0.2575093867334168 0.6488395560040363 0.06946182728410513 0.06256306760847628
17 0.7509386733416771 0.40968718466195764 0.0625782227784731 0.06861755802219979
201 0.3707759699624531 0.5454086781029264 0.05944931163954944 0.05146316851664985
177 0.7265331664580726 0.6374873864783047 0.07384230287859825 0.06609485368314834
9 0.5938673341677096 0.7330978809283552 0.07509386733416772 0.08577194752774975
14 0.2428035043804756 0.5426337033299697 0.11514392991239049 0.04994954591321897
23 0.58729662077597 0.41195761856710394 0.07697121401752191 0.06710393541876893
201 0.38360450563204007 0.7426841574167508 0.06508135168961202 0.0615539858728557
201 0.29881101376720903 0.3193743693239152 0.06320400500625782 0.054490413723511606
212 0.4956195244055069 0.20131180625630676 0.03504380475594493 0.060544904137235116
201 0.6958698372966208 0.40993945509586277 0.05506883604505632 0.058022199798183655
14 0.21245306633291616 0.6513622603430878 0.06195244055068836 0.05751765893037336
150 0.6627033792240301 0.7409182643794148 0.07008760951188986 0.08022199798183653
212 0.2643929912390488 0.4328960645812311 0.03566958698372966 0.05953582240161453
119 0.43617021276595747 0.5355701311806257 0.06758448060075094 0.07416750756811302
14 0.6645807259073843 0.5297679112008072 0.07384230287859825 0.054490413723511606
23 0.5729036295369212 0.3054994954591322 0.08322903629536921 0.062058526740666
9 0.38454317897371715 0.41801210898082747 0.06946182728410513 0.08324924318869828
225 0.2227784730913642 0.4306256306760848 0.0625782227784731 0.06004036326942482
100 0.7259073842302879 0.5451564076690212 0.07384230287859825 0.09737638748738647
23 0.5237797246558198 0.7409182643794148 0.07759699624530664 0.06104944500504541
119 0.31508135168961204 0.42356205852674067 0.07697121401752191 0.058022199798183655
100 0.32509386733416773 0.7447023208879919 0.06320400500625782 0.06256306760847628
201 0.17459324155193992 0.2325933400605449 0.06508135168961202 0.0615539858728557
150 0.7152690863579475 0.30297679112008075 0.0725907384230288 0.07820383451059536
225 0.5475594493116396 0.6442986881937437 0.08260325406758448 0.06256306760847628
186 0.6470588235294118 0.30196770938446016 0.08760951188986232 0.06508577194752775
225 0.7237171464330413 0.742936427850656 0.05819774718397998 0.07013118062563067
212 0.3426157697121402 0.322401614530777 0.03316645807259074 0.0615539858728557
8 0.2212140175219024 0.7323410696266398 0.049436795994993746 0.0479313824419778
8 0.1639549436795995 0.6599394550958628 0.05131414267834793 0.05549949545913219
225 0.39643304130162704 0.3186175580221998 0.07196495619524405 0.05600403632694248
150 0.4048811013767209 0.6548940464177598 0.07759699624530664 0.06962663975782038
186 0.5569461827284106 0.2010595358224016 0.08260325406758448 0.0549949545913219
107 0.5090738423028787 0.5330474268415741 0.0869837296620776 0.06710393541876893
100 0.23685857321652065 0.32870837537840564 0.07571964956195244 0.08324924318869828
100 0.3172715894868586 0.5494450050454087 0.06633291614518148 0.09081735620585267
8 0.5919899874843555 0.5216952573158425 0.09011264080100126 0.07769929364278506
120 0.5178347934918649 0.4144803229061554 0.07822277847309136 0.07214934409687185
225 0.44649561952440553 0.7452068617558022 0.0607008760951189 0.06357214934409687
119 0.4884230287859825 0.31559031281533806 0.07947434292866083 0.05701311806256307
23 0.6223404255319149 0.1922300706357215 0.06320400500625782 0.050454086781029264
119 0.24843554443053817 0.2250252270433905 0.08135168961201503 0.05751765893037336
119 0.32478097622027535 0.6538849646821393 0.08260325406758448 0.07366296670030273