201 0.3666729041916168 0.4053291536050157 0.008420658682634731 0.01692789968652038
212 0.24354416167664672 0.5040752351097179 0.003929640718562875 0.013793103448275864
225 0.2558008982035928 0.5650470219435737 0.00785928143712575 0.020376175548589344
201 0.21790793413173654 0.3003134796238245 0.011040419161676647 0.02006269592476489
201 0.30772829341317365 0.5849529780564263 0.008794910179640719 0.01943573667711599
120 0.657185628742515 0.5666144200626959 0.010853293413173653 0.024764890282131663
225 0.21089071856287425 0.6246081504702194 0.009730538922155689 0.02163009404388715
111 0.20443488023952097 0.4855799373040753 0.008046407185628743 0.01692789968652038
212 0.29247754491017963 0.4858934169278997 0.005988023952095809 0.02006269592476489
14 0.5881362275449102 0.36175548589341694 0.010479041916167666 0.01943573667711599
8 0.2751684131736527 0.6641065830721004 0.01066616766467066 0.01598746081504702
23 0.15662425149700598 0.3625391849529781 0.008233532934131737 0.017241379310344827
225 0.15484655688622756 0.28181818181818186 0.008794910179640719 0.021316614420062698
23 0.7088323353293413 0.39858934169279 0.007110778443113773 0.014106583072100314
150 0.10516467065868264 0.6427899686520376 0.009356287425149701 0.01536050156739812
14 0.34814745508982037 0.2810344827586207 0.004678143712574851 0.014106583072100314
161 0.43609655688622756 0.48244514106583075 0.009169161676646708 0.021316614420062698
120 0.5720434131736527 0.4244514106583072 0.008607784431137725 0.014420062695924767
225 0.41448353293413176 0.6021943573667712 0.010104790419161677 0.018808777429467086
225 0.861807634730539 0.33307210031347967 0.009169161676646708 0.022884012539184956
77 0.1288360778443114 0.40313479623824455 0.008794910179640719 0.04075235109717869
23 0.34010104790419166 0.3623824451410659 0.011040419161676647 0.01943573667711599
45 0.27217440119760483 0.38307210031347966 0.01440868263473054 0.01692789968652038
14 0.3508607784431138 0.46489028213166145 0.010479041916167666 0.013793103448275864
212 0.8196107784431138 0.29608150470219435 0.00561377245508982 0.021003134796238245
100 0.1814184131736527 0.46583072100313483 0.005052395209580838 0.015673981191222573
186 0.26431511976047906 0.5863636363636364 0.009543413173652695 0.021003134796238245
59 0.5780314371257486 0.30344827586206896 0.01347305389221557 0.018808777429467086
45 0.1629865269461078 0.4247648902821317 0.013098802395209582 0.012539184952978058
14 0.09449850299401198 0.6427899686520376 0.010104790419161677 0.017868338557993732
212 0.8183944610778444 0.4155172413793104 0.004303892215568862 0.01598746081504702
177 0.6512911676646707 0.4427899686520376 0.009169161676646708 0.014733542319749217
201 0.4076534431137725 0.5029780564263323 0.009169161676646708 0.022884012539184956
119 0.39867140718562877 0.5639498432601882 0.013285928143712575 0.02382445141065831
8 0.27629116766467066 0.5065830721003135 0.009543413173652695 0.023197492163009405
23 0.2903255988023952 0.5056426332288402 0.007672155688622755 0.016300940438871474
161 0.16925523952095808 0.6633228840125392 0.008046407185628743 0.013793103448275864
23 0.7973428143712575 0.3141065830721003 0.00785928143712575 0.014420062695924767
144 0.16513847305389223 0.5047021943573669 0.01066616766467066 0.018181818181818184
23 0.10413547904191617 0.4266457680250784 0.010291916167664672 0.015047021943573668
201 0.33093188622754494 0.42507836990595615 0.01066616766467066 0.018808777429467086
212 0.6945172155688624 0.420846394984326 0.005052395209580838 0.014733542319749217
119 0.2469124251497006 0.48620689655172417 0.012163173652694611 0.01755485893416928
186 0.28564745508982037 0.6429467084639499 0.009169161676646708 0.01692789968652038
201 0.22595434131736528 0.5042319749216301 0.008420658682634731 0.01598746081504702
9 0.21061002994011976 0.5230407523510973 0.008794910179640719 0.020376175548589344
8 0.36124625748503 0.5642633228840126 0.009917664670658683 0.023197492163009405
212 0.12078967065868264 0.24106583072100315 0.006923652694610779 0.021316614420062698
14 0.13894086826347307 0.6050156739811913 0.01066616766467066 0.02382445141065831
201 0.75374251497006 0.3785266457680251 0.008233532934131737 0.017868338557993732
33 0.7573914670658684 0.46034482758620693 0.01066616766467066 0.018495297805642633
14 0.10703592814371259 0.3634796238244514 0.009730538922155689 0.019122257053291538
225 0.27797529940119764 0.6236677115987461 0.012537425149700599 0.020376175548589344
14 0.706493263473054 0.3587774294670847 0.008794910179640719 0.019122257053291538
120 0.5744760479041916 0.48699059561128527 0.010853293413173653 0.018495297805642633
100 0.11405314371257486 0.6202194357366771 0.007297904191616767 0.018495297805642633
161 0.6335142215568863 0.31896551724137934 0.008046407185628743 0.01974921630094044
161 0.14464820359281438 0.4427899686520376 0.009730538922155689 0.018495297805642633
33 0.10432260479041917 0.4827586206896552 0.010291916167664672 0.01755485893416928
77 0.1277133233532934 0.4626959247648903 0.011788922155688624 0.034482758620689655
225 0.3723802395209581 0.6642633228840126 0.009356287425149701 0.018181818181818184
201 0.16626122754491018 0.30156739811912225 0.009917664670658683 0.02006269592476489
201 0.4042851796407186 0.3401253918495298 0.008420658682634731 0.016300940438871474
8 0.25233907185628746 0.2614420062695925 0.008794910179640719 0.01943573667711599
77 0.1317365269461078 0.3021943573667712 0.01122754491017964 0.03761755485893417
111 0.19507859281437126 0.6219435736677117 0.01066616766467066 0.018808777429467086
225 0.38922155688622756 0.6630094043887148 0.010104790419161677 0.018181818181818184
119 0.1445546407185629 0.5442006269592476 0.011414670658682636 0.016300940438871474
186 0.2283869760479042 0.3211598746081505 0.010291916167664672 0.018495297805642633
45 0.7802208083832336 0.2536050156739812 0.012163173652694611 0.015673981191222573
225 0.3474925149700599 0.522884012539185 0.005239520958083833 0.018808777429467086
212 0.3237275449101797 0.604858934169279 0.0033682634730538923 0.012852664576802508
119 0.18955838323353294 0.5031347962382445 0.01160179640718563 0.01692789968652038
7 0.20256362275449102 0.603448275862069 0.007672155688622755 0.01316614420062696
225 0.8448727544910181 0.3313479623824452 0.009730538922155689 0.022570532915360503
119 0.7447604790419162 0.45940438871473355 0.010853293413173653 0.017868338557993732
201 0.28424401197604793 0.5652037617554859 0.010479041916167666 0.01943573667711599
225 0.4450785928143713 0.48338557993730413 0.008420658682634731 0.0219435736677116
14 0.5849550898203593 0.23855799373040754 0.012350299401197605 0.01755485893416928
59 0.15933757485029942 0.6037617554858935 0.015157185628742516 0.021316614420062698
8 0.8543226047904192 0.33009404388714736 0.011788922155688624 0.023197492163009405
7 0.722118263473054 0.48150470219435737 0.007110778443113773 0.022570532915360503
8 0.25233907185628746 0.44592476489028215 0.009543413173652695 0.02225705329153605
100 0.20059880239520958 0.30062695924764893 0.0074850299401197605 0.018181818181818184
33 0.2909805389221557 0.5858934169278998 0.010853293413173653 0.018808777429467086
23 0.3507672155688623 0.6239811912225706 0.011040419161676647 0.020376175548589344
119 0.6145209580838323 0.338871473354232 0.01160179640718563 0.01755485893416928
212 0.643244760479042 0.44231974921630096 0.003929640718562875 0.015047021943573668
14 0.8400074850299402 0.47680250783699063 0.012724550898203594 0.021316614420062698
161 0.7047155688622755 0.2553291536050157 0.010104790419161677 0.020376175548589344
77 0.2785366766467066 0.31974921630094044 0.013660179640718563 0.028840125391849533
45 0.17664670658682635 0.5037617554858934 0.014221556886227546 0.013793103448275864
201 0.12537425149700598 0.6641065830721004 0.007110778443113773 0.012852664576802508
45 0.16233158682634732 0.44702194357366776 0.014782934131736527 0.01755485893416928
59 0.30782185628742514 0.4454545454545455 0.013098802395209582 0.01755485893416928
8 0.16195733532934134 0.663166144200627 0.009543413173652695 0.012225705329153605
225 0.7913547904191617 0.3559561128526646 0.00785928143712575 0.018495297805642633
201 0.6851609281437127 0.4409090909090909 0.009917664670658683 0.014733542319749217
120 0.19554640718562877 0.3832288401253919 0.01160179640718563 0.019122257053291538
119 0.8348615269461078 0.27445141065830725 0.012911676646706588 0.02163009404388715
59 0.6947979041916168 0.31739811912225707 0.01160179640718563 0.017241379310344827
100 0.659805389221557 0.4416927899686521 0.0074850299401197605 0.01692789968652038
8 0.11358532934131738 0.2655172413793104 0.01122754491017964 0.023197492163009405
8 0.6110591317365269 0.23746081504702196 0.012911676646706588 0.01598746081504702
119 0.31437125748503 0.5448275862068966 0.010853293413173653 0.015673981191222573
23 0.125748502994012 0.5827586206896552 0.0074850299401197605 0.015047021943573668
212 0.4059693113772455 0.40297805642633233 0.003929640718562875 0.01536050156739812
119 0.13229790419161677 0.4260188087774295 0.01122754491017964 0.0219435736677116
23 0.22913547904191617 0.6045454545454546 0.010291916167664672 0.024764890282131663
111 0.2314745508982036 0.6239811912225706 0.008233532934131737 0.016614420062695926
150 0.8118450598802396 0.37570532915360505 0.011414670658682636 0.014106583072100314
225 0.375748502994012 0.40485893416927904 0.008607784431137725 0.017241379310344827
23 0.29874625748503 0.5846394984326019 0.008420658682634731 0.018808777429467086
7 0.20742889221556887 0.663166144200627 0.007297904191616767 0.012225705329153605
59 0.2163173652694611 0.6438871473354233 0.014595808383233533 0.018808777429467086
33 0.4315119760479042 0.4017241379310345 0.01122754491017964 0.01974921630094044
14 0.7511227544910181 0.29545454545454547 0.011976047904191617 0.017868338557993732
201 0.32363398203592814 0.6241379310344828 0.008420658682634731 0.022570532915360503
119 0.266186377245509 0.4241379310344828 0.009169161676646708 0.021316614420062698
8 0.8484281437125749 0.2512539184952978 0.008233532934131737 0.020376175548589344
33 0.5767215568862276 0.384012539184953 0.009356287425149701 0.02006269592476489
212 0.28340194610778446 0.5050156739811913 0.007297904191616767 0.01692789968652038
120 0.7866766467065869 0.458307210031348 0.008233532934131737 0.018808777429467086
8 0.2695546407185629 0.6238244514106583 0.009169161676646708 0.01692789968652038
201 0.19451721556886228 0.2420062695924765 0.009543413173652695 0.021316614420062698
161 0.36452095808383234 0.36003134796238245 0.010479041916167666 0.02163009404388715
119 0.7638473053892216 0.37821316614420064 0.010479041916167666 0.018495297805642633
177 0.7239895209580839 0.4393416927899687 0.010104790419161677 0.017868338557993732
120 0.11695359281437126 0.5830721003134797 0.008982035928143714 0.015673981191222573
14 0.4098053892215569 0.3622257053291536 0.01122754491017964 0.01974921630094044
111 0.7907934131736527 0.2529780564263323 0.00785928143712575 0.020689655172413793
201 0.13837949101796407 0.36379310344827587 0.008794910179640719 0.013479623824451411
120 0.4197230538922156 0.5227272727272727 0.01347305389221557 0.01974921630094044
45 0.3817365269461078 0.5426332288401254 0.014970059880239521 0.02006269592476489
119 0.5960890718562875 0.32163009404388715 0.01066616766467066 0.01943573667711599
23 0.32485029940119764 0.3224137931034483 0.009730538922155689 0.018495297805642633
8 0.3901571856287425 0.3824451410658307 0.009730538922155689 0.01692789968652038
225 0.3552582335329342 0.5438871473354232 0.008046407185628743 0.018808777429467086
150 0.16410928143712575 0.5846394984326019 0.012724550898203594 0.021316614420062698
8 0.3062312874251497 0.4053291536050157 0.009917664670658683 0.01943573667711599
59 0.3575973053892216 0.6426332288401254 0.01721556886227545 0.01692789968652038
77 0.35198353293413176 0.505485893416928 0.010104790419161677 0.04043887147335423
107 0.2986526946107785 0.5061128526645768 0.010479041916167666 0.016614420062695926
212 0.3976422155688623 0.382601880877743 0.007110778443113773 0.018495297805642633
161 0.3413173652694611 0.46520376175548594 0.008607784431137725 0.01316614420062696
186 0.36386601796407186 0.5849529780564263 0.009917664670658683 0.018181818181818184
119 0.797249251497006 0.47789968652037623 0.01066616766467066 0.01598746081504702
8 0.2569236526946108 0.6246081504702194 0.008233532934131737 0.017868338557993732
77 0.8088510479041917 0.2730407523510972 0.008794910179640719 0.01943573667711599
14 0.8408495508982037 0.2537617554858934 0.009917664670658683 0.023510971786833857
119 0.890625 0.33197492163009407 0.01066616766467066 0.025078369905956115
23 0.7765718562874252 0.23291536050156741 0.008982035928143714 0.015673981191222573
161 0.8516092814371258 0.29655172413793107 0.005988023952095809 0.01755485893416928
100 0.6609281437125749 0.31974921630094044 0.007110778443113773 0.0219435736677116
161 0.8038922155688624 0.4570532915360502 0.009730538922155689 0.015047021943573668
23 0.7278255988023953 0.37648902821316615 0.009169161676646708 0.018181818181818184
120 0.6013285928143713 0.23808777429467087 0.008794910179640719 0.019122257053291538
23 0.5897267964071856 0.3023510971786834 0.008794910179640719 0.017241379310344827
119 0.23624625748502995 0.4656739811912226 0.011040419161676647 0.019122257053291538
8 0.35787799401197606 0.6051724137931035 0.010291916167664672 0.018495297805642633
212 0.24822230538922158 0.4260188087774295 0.004303892215568862 0.02006269592476489
8 0.16747754491017966 0.6426332288401254 0.01122754491017964 0.01755485893416928
225 0.1345434131736527 0.6648902821316615 0.008233532934131737 0.020689655172413793
119 0.15138473053892215 0.6636363636363637 0.012350299401197605 0.02006269592476489
7 0.8638660179640719 0.39482758620689656 0.008420658682634731 0.017241379310344827
225 0.2578592814371258 0.5072100313479624 0.01122754491017964 0.023197492163009405
150 0.2252058383233533 0.6617554858934169 0.011040419161676647 0.02006269592476489
161 0.7918226047904192 0.39639498432601883 0.010291916167664672 0.016614420062695926
23 0.8558196107784432 0.3956112852664577 0.007672155688622755 0.015047021943573668
107 0.21893712574850302 0.6029780564263323 0.011976047904191617 0.01536050156739812
33 0.890625 0.2310344827586207 0.003929640718562875 0.00877742946708464
111 0.33430014970059885 0.34106583072100316 0.008046407185628743 0.018181818181818184
23 0.24139221556886228 0.40376175548589344 0.00785928143712575 0.020689655172413793
33 0.7499064371257486 0.3989028213166144 0.010291916167664672 0.016614420062695926
201 0.5581025449101796 0.38495297805642636 0.008420658682634731 0.01316614420062696
100 0.8702282934131738 0.23072100313479627 0.003929640718562875 0.00877742946708464
59 0.18001497005988026 0.6637931034482759 0.0157185628742515 0.01974921630094044
120 0.6972305389221557 0.461755485893417 0.010479041916167666 0.01692789968652038
8 0.3600299401197605 0.46410658307210034 0.009730538922155689 0.013479623824451411
225 0.6768338323353293 0.4412225705329154 0.009730538922155689 0.01536050156739812
201 0.2285741017964072 0.3821316614420063 0.008794910179640719 0.01943573667711599
177 0.3476796407185629 0.3003134796238245 0.008607784431137725 0.01692789968652038
100 0.45228293413173654 0.40219435736677117 0.0074850299401197605 0.020689655172413793
8 0.3477732035928144 0.4244514106583072 0.011040419161676647 0.018808777429467086
119 0.17589820359281438 0.4252351097178684 0.011976047904191617 0.018495297805642633
186 0.7049026946107785 0.44043887147335425 0.009356287425149701 0.013793103448275864
119 0.23905314371257486 0.38369905956112854 0.012537425149700599 0.020689655172413793
8 0.6700973053892216 0.3595611285266458 0.010479041916167666 0.018181818181818184
212 0.41055389221556887 0.48354231974921635 0.004116766467065869 0.014733542319749217
212 0.6612088323353293 0.4015673981191223 0.0061751497005988025 0.015047021943573668
225 0.6264970059880239 0.3816614420062696 0.0074850299401197605 0.02163009404388715
59 0.3505800898203593 0.4443573667711599 0.014034431137724552 0.017241379310344827
212 0.36470808383233533 0.6031347962382445 0.006362275449101797 0.01755485893416928
107 0.2630988023952096 0.3413793103448276 0.010479041916167666 0.01943573667711599
119 0.19217814371257486 0.4454545454545455 0.006362275449101797 0.025078369905956115
23 0.15119760479041916 0.4647335423197492 0.010104790419161677 0.017868338557993732
77 0.6650449101796407 0.33855799373040757 0.012724550898203594 0.03322884012539185
150 0.7441055389221557 0.31536050156739814 0.009543413173652695 0.018808777429467086
33 0.7679640718562875 0.23244514106583072 0.010479041916167666 0.018495297805642633
212 0.580744760479042 0.32335423197492164 0.0061751497005988025 0.017868338557993732
119 0.18197979041916168 0.5636363636363637 0.012911676646706588 0.01692789968652038
120 0.7218375748502994 0.3804075235109718 0.01066616766467066 0.017868338557993732
111 0.6995696107784432 0.23338557993730408 0.008420658682634731 0.017241379310344827
119 0.4193488023952096 0.482601880877743 0.010479041916167666 0.020376175548589344
59 0.8088510479041917 0.43683385579937306 0.012911676646706588 0.012852664576802508
212 0.20153443113772457 0.24106583072100315 0.004491017964071857 0.021316614420062698
119 0.7139782934131736 0.4810344827586207 0.01066616766467066 0.01974921630094044
201 0.13257859281437126 0.3846394984326019 0.010291916167664672 0.020689655172413793
150 0.42823727544910184 0.5214733542319749 0.012537425149700599 0.02225705329153605
8 0.6948914670658684 0.33730407523510975 0.009169161676646708 0.018808777429467086
161 0.24897080838323354 0.38307210031347966 0.009169161676646708 0.023197492163009405
100 0.8828592814371258 0.43683385579937306 0.008607784431137725 0.01974921630094044
119 0.6956399700598803 0.4416927899686521 0.011040419161676647 0.018808777429467086
107 0.1852544910179641 0.5843260188087774 0.01160179640718563 0.014420062695924767
14 0.5570733532934132 0.3413793103448276 0.01160179640718563 0.020689655172413793
150 0.18197979041916168 0.32210031347962387 0.010291916167664672 0.014733542319749217
8 0.27694610778443113 0.46661442006269593 0.01122754491017964 0.021003134796238245
14 0.23587200598802396 0.6625391849529781 0.011414670658682636 0.01974921630094044
100 0.3125935628742515 0.5241379310344828 0.007297904191616767 0.020689655172413793
107 0.27675898203592814 0.4045454545454546 0.011976047904191617 0.01598746081504702
201 0.7258607784431138 0.25313479623824453 0.008982035928143714 0.017241379310344827
23 0.24363772455089822 0.6617554858934169 0.008233532934131737 0.016300940438871474
119 0.7238959580838323 0.359717868338558 0.008420658682634731 0.017868338557993732
212 0.33972679640718567 0.30000000000000004 0.004678143712574851 0.015047021943573668
8 0.11779565868263474 0.4045454545454546 0.009169161676646708 0.016614420062695926
111 0.3029565868263473 0.4252351097178684 0.01122754491017964 0.018495297805642633
119 0.4215943113772455 0.4028213166144201 0.01122754491017964 0.021316614420062698
212 0.33018338323353297 0.5833855799373041 0.004678143712574851 0.018808777429467086
225 0.44011976047904194 0.5460815047021944 0.011976047904191617 0.0219435736677116
100 0.36452095808383234 0.4255485893416928 0.006736526946107785 0.01974921630094044
23 0.6015157185628743 0.4855799373040753 0.009917664670658683 0.018181818181818184
59 0.7442926646706587 0.2536050156739812 0.013660179640718563 0.015673981191222573
201 0.38295284431137727 0.5849529780564263 0.011040419161676647 0.01943573667711599
150 0.19657559880239522 0.6427899686520376 0.012163173652694611 0.02163009404388715
212 0.8775261976047904 0.23072100313479627 0.0024326347305389222 0.010031347962382446
8 0.3226983532934132 0.564576802507837 0.010291916167664672 0.021316614420062698
161 0.11760853293413175 0.34184952978056427 0.009917664670658683 0.018495297805642633
225 0.2194049401197605 0.5424764890282132 0.010291916167664672 0.02163009404388715
8 0.7950973053892216 0.4573667711598746 0.008982035928143714 0.014420062695924767
161 0.8224176646706587 0.3768025078369906 0.009730538922155689 0.01692789968652038
8 0.2727357784431138 0.3420062695924765 0.01066616766467066 0.018181818181818184
150 0.6149887724550899 0.30156739811912225 0.01066616766467066 0.020689655172413793
107 0.7017215568862276 0.3786833855799373 0.013847305389221558 0.02006269592476489
201 0.7116392215568863 0.3785266457680251 0.009730538922155689 0.02163009404388715
45 0.41513847305389223 0.4236677115987461 0.015531437125748504 0.01598746081504702
23 0.35806511976047906 0.4043887147335423 0.010291916167664672 0.018808777429467086
150 0.32475673652694614 0.4855799373040753 0.01066616766467066 0.01692789968652038
107 0.703499251497006 0.41959247648902825 0.012911676646706588 0.01536050156739812
100 0.6584019461077845 0.4620689655172414 0.006923652694610779 0.01755485893416928
111 0.7790044910179641 0.4589341692789969 0.008982035928143714 0.02006269592476489
33 0.12350299401197605 0.6241379310344828 0.008982035928143714 0.018181818181818184
177 0.6643899700598803 0.3808777429467085 0.010291916167664672 0.02006269592476489
186 0.7239895209580839 0.41943573667711603 0.010853293413173653 0.015047021943573668
161 0.6256549401197605 0.4023510971786834 0.009543413173652695 0.014733542319749217
23 0.7598241017964072 0.23338557993730408 0.008420658682634731 0.017241379310344827
201 0.25888847305389223 0.36175548589341694 0.007672155688622755 0.018808777429467086
17 0.30791541916167664 0.36363636363636365 0.010291916167664672 0.021316614420062698
119 0.8131549401197605 0.22962382445141066 0.011414670658682636 0.018495297805642633
59 0.7413922155688624 0.38009404388714735 0.014970059880239521 0.018495297805642633
186 0.8510479041916168 0.4369905956112853 0.009356287425149701 0.015673981191222573
186 0.13622754491017966 0.24028213166144202 0.009730538922155689 0.01974921630094044
8 0.2786302395209581 0.3614420062695925 0.010479041916167666 0.01755485893416928
111 0.8010853293413174 0.3970219435736677 0.008607784431137725 0.01598746081504702
23 0.33701347305389223 0.40485893416927904 0.0074850299401197605 0.013479623824451411
120 0.3533869760479042 0.5636363636363637 0.009543413173652695 0.020689655172413793
212 0.7727357784431138 0.4590909090909091 0.005052395209580838 0.017868338557993732
23 0.3948353293413174 0.4445141065830721 0.009356287425149701 0.01755485893416928
33 0.2537425149700599 0.6628526645768026 0.010853293413173653 0.02163009404388715
8 0.3380426646706587 0.5849529780564263 0.009543413173652695 0.018181818181818184
111 0.3727544910179641 0.5231974921630095 0.0074850299401197605 0.02006269592476489
33 0.27638473053892215 0.48526645768025084 0.008982035928143714 0.014420062695924767
8 0.30903817365269465 0.3412225705329154 0.011040419161676647 0.016614420062695926
201 0.19002619760479042 0.5442006269592476 0.009169161676646708 0.01316614420062696
33 0.8023016467065869 0.2929467084639499 0.009543413173652695 0.01974921630094044
111 0.2871444610778443 0.5233542319749217 0.009169161676646708 0.021003134796238245
177 0.1943300898203593 0.3431034482758621 0.010291916167664672 0.017241379310344827
150 0.39277694610778446 0.6233542319749217 0.01122754491017964 0.018495297805642633
150 0.44330089820359286 0.40188087774294673 0.009356287425149701 0.01316614420062696
150 0.38126871257485034 0.5042319749216301 0.009169161676646708 0.014106583072100314
161 0.140812125748503 0.3821316614420063 0.009917664670658683 0.01943573667711599
7 0.5918787425149701 0.48667711598746083 0.01122754491017964 0.018495297805642633
14 0.8264408682634731 0.2948275862068966 0.009543413173652695 0.021003134796238245
201 0.8581586826347306 0.37460815047021945 0.008607784431137725 0.015673981191222573
45 0.17486901197604793 0.6061128526645768 0.016654191616766467 0.024764890282131663
8 0.8387911676646707 0.4553291536050157 0.010291916167664672 0.016614420062695926
161 0.6482971556886228 0.4844827586206897 0.010291916167664672 0.019122257053291538
7 0.4096182634730539 0.5247648902821317 0.008607784431137725 0.01943573667711599
119 0.8257859281437127 0.3956112852664577 0.011976047904191617 0.015673981191222573
14 0.26843188622754494 0.46536050156739817 0.009543413173652695 0.02225705329153605
225 0.6868450598802396 0.4200626959247649 0.008794910179640719 0.015047021943573668
119 0.156998502994012 0.5233542319749217 0.013098802395209582 0.01974921630094044
8 0.3705089820359282 0.642319749216301 0.010853293413173653 0.01755485893416928
119 0.8909056886227545 0.39467084639498434 0.01160179640718563 0.01755485893416928
150 0.407559880239521 0.6630094043887148 0.012724550898203594 0.02006269592476489
161 0.6682260479041917 0.4405956112852665 0.009730538922155689 0.016614420062695926
212 0.7944423652694611 0.4155172413793104 0.005800898203592815 0.01598746081504702
7 0.18993263473053892 0.46536050156739817 0.008607784431137725 0.013479623824451411
100 0.23961452095808386 0.5426332288401254 0.008420658682634731 0.021316614420062698
201 0.41803892215568866 0.3601880877742947 0.009356287425149701 0.02006269592476489
225 0.13313997005988024 0.3231974921630094 0.006923652694610779 0.01943573667711599
119 0.2869573353293413 0.663166144200627 0.011040419161676647 0.01974921630094044
201 0.2590755988023952 0.4647335423197492 0.010291916167664672 0.018495297805642633
119 0.29874625748503 0.3413793103448276 0.012163173652694611 0.020689655172413793
150 0.8365456586826348 0.3296238244514107 0.011414670658682636 0.02225705329153605
119 0.688809880239521 0.37931034482758624 0.012724550898203594 0.02006269592476489
161 0.12331586826347306 0.26175548589341696 0.01122754491017964 0.020689655172413793
212 0.7782559880239521 0.3150470219435737 0.0048652694610778445 0.015673981191222573
119 0.41523203592814373 0.3815047021943574 0.010104790419161677 0.01692789968652038
111 0.2342814371257485 0.4023510971786834 0.006362275449101797 0.020376175548589344
119 0.343188622754491 0.6432601880877743 0.014595808383233533 0.01943573667711599
59 0.7443862275449102 0.35830721003134797 0.012350299401197605 0.02006269592476489
23 0.6766467065868264 0.46144200626959253 0.009356287425149701 0.018808777429467086
201 0.1219124251497006 0.5636363636363637 0.010291916167664672 0.01692789968652038
23 0.7565494011976048 0.43777429467084644 0.008607784431137725 0.017241379310344827
120 0.8697604790419162 0.2932601880877743 0.012724550898203594 0.017868338557993732
111 0.8262537425149701 0.33197492163009407 0.008420658682634731 0.02382445141065831
8 0.26459580838323354 0.6614420062695925 0.010853293413173653 0.01943573667711599
186 0.36816991017964074 0.46520376175548594 0.009543413173652695 0.018181818181818184
107 0.7608532934131736 0.4808777429467085 0.01347305389221557 0.02006269592476489
7 0.1853480538922156 0.23934169278996867 0.008046407185628743 0.021003134796238245
161 0.16148952095808383 0.38307210031347966 0.009730538922155689 0.015673981191222573
212 0.30931886227544914 0.5051724137931035 0.004491017964071857 0.017241379310344827
100 0.6176085329341318 0.32100313479623827 0.006923652694610779 0.018808777429467086
119 0.3843562874251497 0.4448275862068966 0.010853293413173653 0.01692789968652038
201 0.39670658682634735 0.6029780564263323 0.008982035928143714 0.016614420062695926
161 0.11059131736526946 0.5032915360501568 0.008233532934131737 0.017241379310344827
23 0.36966691616766467 0.4857366771159875 0.008046407185628743 0.016614420062695926
33 0.658869760479042 0.4847962382445141 0.01122754491017964 0.01974921630094044
201 0.7990269461077845 0.2736677115987461 0.0074850299401197605 0.016300940438871474
100 0.11704715568862276 0.4435736677115988 0.008794910179640719 0.01755485893416928
33 0.2945359281437126 0.5637931034482759 0.010104790419161677 0.01598746081504702
119 0.21491392215568864 0.4244514106583072 0.011788922155688624 0.018181818181818184
212 0.28396332335329344 0.5440438871473354 0.003929640718562875 0.019122257053291538
212 0.33308383233532934 0.6449843260188088 0.0037425149700598802 0.01536050156739812
45 0.23549775449101798 0.3625391849529781 0.014034431137724552 0.01974921630094044
120 0.18675149700598803 0.3815047021943574 0.009356287425149701 0.02006269592476489
14 0.751684131736527 0.23197492163009406 0.010853293413173653 0.018181818181818184
150 0.6497941616766467 0.463166144200627 0.010291916167664672 0.017241379310344827
201 0.8808944610778444 0.3954545454545455 0.009543413173652695 0.016614420062695926
212 0.5918787425149701 0.4053291536050157 0.00561377245508982 0.01692789968652038
8 0.8739708083832336 0.23072100313479627 0.004678143712574851 0.010031347962382446
8 0.32485029940119764 0.3413793103448276 0.009356287425149701 0.01755485893416928
100 0.1725299401197605 0.342319749216301 0.007110778443113773 0.018181818181818184
45 0.3905314371257485 0.2589341692789969 0.014970059880239521 0.016300940438871474
8 0.3505800898203593 0.32084639498432604 0.010291916167664672 0.020376175548589344
23 0.5554827844311377 0.44702194357366776 0.009543413173652695 0.016300940438871474
119 0.3293413173652695 0.44655172413793104 0.01160179640718563 0.016614420062695926
212 0.15858907185628743 0.5648902821316615 0.005426646706586827 0.018181818181818184
8 0.3885666167664671 0.5626959247648903 0.007672155688622755 0.018808777429467086
225 0.1501684131736527 0.6445141065830722 0.009169161676646708 0.02006269592476489
23 0.12284805389221558 0.4241379310344828 0.008420658682634731 0.02006269592476489
201 0.3877245508982036 0.34090909090909094 0.008233532934131737 0.014733542319749217
225 0.31521332335329344 0.5843260188087774 0.009169161676646708 0.01943573667711599
225 0.5808383233532934 0.3608150470219436 0.010104790419161677 0.01692789968652038
225 0.3066991017964072 0.3230407523510972 0.010104790419161677 0.019122257053291538
119 0.46341691616766467 0.4628526645768025 0.010291916167664672 0.021003134796238245
161 0.8668600299401198 0.374294670846395 0.008794910179640719 0.01755485893416928
23 0.6715943113772456 0.4205329153605016 0.008607784431137725 0.01536050156739812
212 0.13688248502994013 0.46159874608150475 0.005426646706586827 0.02163009404388715
225 0.12060254491017965 0.542319749216301 0.008420658682634731 0.01692789968652038
8 0.37181886227544914 0.6037617554858935 0.008607784431137725 0.018181818181818184
8 0.4038173652694611 0.46536050156739817 0.01122754491017964 0.014733542319749217
100 0.24167290419161677 0.5636363636363637 0.005800898203592815 0.01943573667711599
8 0.2752619760479042 0.5463949843260189 0.013847305389221558 0.02006269592476489
225 0.28396332335329344 0.6056426332288402 0.008046407185628743 0.016300940438871474
177 0.17374625748502995 0.5470219435736677 0.011040419161676647 0.02006269592476489
225 0.33252245508982037 0.6622257053291537 0.00785928143712575 0.016614420062695926
45 0.37958458083832336 0.4647335423197492 0.01627994011976048 0.01974921630094044
119 0.20237649700598803 0.4040752351097179 0.012537425149700599 0.01692789968652038
100 0.31502619760479045 0.5652037617554859 0.008046407185628743 0.02006269592476489
225 0.6862836826347306 0.31802507836990596 0.008794910179640719 0.01536050156739812
100 0.37705838323353297 0.48338557993730413 0.007110778443113773 0.02006269592476489
201 0.6252806886227545 0.32021943573667716 0.009169161676646708 0.021003134796238245
225 0.7242702095808383 0.3387147335423198 0.008420658682634731 0.02163009404388715
14 0.12687125748502995 0.34278996865203765 0.010104790419161677 0.019122257053291538
107 0.24831586826347307 0.584012539184953 0.013847305389221558 0.02006269592476489
201 0.3226983532934132 0.3634796238244514 0.008046407185628743 0.01974921630094044
161 0.3529191616766467 0.338871473354232 0.011976047904191617 0.016300940438871474
201 0.4161676646706587 0.44341692789968656 0.010853293413173653 0.01974921630094044
23 0.4003555389221557 0.5238244514106584 0.01066616766467066 0.02006269592476489
120 0.8575973053892216 0.2932601880877743 0.008607784431137725 0.01974921630094044
8 0.5731661676646707 0.3258620689655173 0.008982035928143714 0.022884012539184956
119 0.3066055389221557 0.6249216300940439 0.009917664670658683 0.01536050156739812
212 0.31549401197604793 0.40564263322884014 0.004491017964071857 0.015673981191222573
8 0.10263847305389222 0.5015673981191223 0.011788922155688624 0.01755485893416928
212 0.3159618263473054 0.6222570532915361 0.005800898203592815 0.018808777429467086
201 0.8344872754491018 0.29702194357366773 0.009543413173652695 0.017868338557993732
23 0.29200973053892215 0.3841692789968652 0.008420658682634731 0.017241379310344827
225 0.17486901197604793 0.30156739811912225 0.008420658682634731 0.018181818181818184
8 0.1912425149700599 0.363166144200627 0.010853293413173653 0.018495297805642633
14 0.13342065868263475 0.26238244514106585 0.012724550898203594 0.022570532915360503
59 0.39268338323353297 0.4650470219435737 0.014782934131736527 0.017241379310344827
45 0.13126871257485032 0.5438871473354232 0.012537425149700599 0.012539184952978058
8 0.41438997005988026 0.6415360501567399 0.009917664670658683 0.017868338557993732
161 0.20134730538922158 0.5230407523510973 0.010479041916167666 0.022884012539184956
8 0.265999251497006 0.6438871473354233 0.008046407185628743 0.014420062695924767
119 0.580931886227545 0.34404388714733547 0.012537425149700599 0.021003134796238245
14 0.2562687125748503 0.40297805642633233 0.01066616766467066 0.017241379310344827
169 0.31315494011976047 0.4880877742946709 0.013285928143712575 0.041379310344827586
201 0.7826534431137725 0.3570532915360502 0.007672155688622755 0.012539184952978058
77 0.312874251497006 0.6622257053291537 0.012724550898203594 0.04482758620689656
14 0.8573166167664671 0.23009404388714735 0.005800898203592815 0.009404388714733543
119 0.4003555389221557 0.3626959247648903 0.013285928143712575 0.020689655172413793
120 0.783869760479042 0.23244514106583072 0.010479041916167666 0.017241379310344827
225 0.2069610778443114 0.6440438871473355 0.007110778443113773 0.012852664576802508
150 0.8251309880239521 0.22993730407523513 0.012537425149700599 0.017868338557993732
212 0.6674775449101796 0.48510971786833856 0.005988023952095809 0.019122257053291538
17 0.39549026946107785 0.3413793103448276 0.01066616766467066 0.0219435736677116
45 0.12397080838323354 0.48134796238244515 0.014034431137724552 0.018495297805642633
120 0.1385666167664671 0.4040752351097179 0.008420658682634731 0.021316614420062698
7 0.3948353293413174 0.48354231974921635 0.009730538922155689 0.018495297805642633
100 0.874438622754491 0.3736677115987461 0.006362275449101797 0.01943573667711599
225 0.5535179640718563 0.46536050156739817 0.009356287425149701 0.017868338557993732
8 0.6068488023952097 0.4448275862068966 0.010104790419161677 0.01692789968652038
201 0.29612649700598803 0.32194357366771165 0.008794910179640719 0.01755485893416928
8 0.1599925149700599 0.48495297805642634 0.01160179640718563 0.018181818181818184
120 0.38313997005988026 0.4042319749216301 0.009169161676646708 0.01974921630094044
59 0.2889221556886228 0.46583072100313483 0.013098802395209582 0.018808777429467086
33 0.14174775449101798 0.563166144200627 0.009169161676646708 0.013479623824451411
119 0.29229041916167664 0.4263322884012539 0.01160179640718563 0.01943573667711599
33 0.24195359281437126 0.2608150470219436 0.009730538922155689 0.018808777429467086
8 0.877432634730539 0.3532915360501568 0.011976047904191617 0.01755485893416928
45 0.5684880239520959 0.34294670846394987 0.014221556886227546 0.01692789968652038
120 0.8460890718562875 0.39639498432601883 0.011040419161676647 0.017241379310344827
59 0.3349550898203593 0.5438871473354232 0.014221556886227546 0.018808777429467086
150 0.18899700598802396 0.27962382445141065 0.010853293413173653 0.018808777429467086
14 0.11938622754491018 0.503448275862069 0.01122754491017964 0.01692789968652038
8 0.625187125748503 0.34090909090909094 0.008982035928143714 0.014733542319749217
161 0.3316803892215569 0.36175548589341694 0.011040419161676647 0.021316614420062698
212 0.12556137724550898 0.3843260188087775 0.0074850299401197605 0.021316614420062698
77 0.8443113772455091 0.29827586206896556 0.01160179640718563 0.02601880877742947
201 0.8370134730538923 0.39670846394984327 0.01122754491017964 0.01598746081504702
201 0.6689745508982037 0.40188087774294673 0.007110778443113773 0.012539184952978058
119 0.6128368263473054 0.48526645768025084 0.012724550898203594 0.0219435736677116
14 0.21893712574850302 0.3824451410658307 0.01122754491017964 0.020689655172413793
59 0.3251309880239521 0.4040752351097179 0.013285928143712575 0.01755485893416928
150 0.27685254491017963 0.4456112852664577 0.009543413173652695 0.017868338557993732
59 0.2070546407185629 0.3424764890282132 0.015157185628742516 0.01974921630094044
225 0.7778817365269461 0.4175548589341693 0.008982035928143714 0.015673981191222573
225 0.25823353293413176 0.6427899686520376 0.012350299401197605 0.01974921630094044
33 0.265250748502994 0.5463949843260189 0.007672155688622755 0.018181818181818184
23 0.8952095808383234 0.22758620689655173 0.004116766467065869 0.00877742946708464
59 0.8494573353293414 0.4553291536050157 0.014034431137724552 0.01598746081504702
119 0.7403630239520959 0.2957680250783699 0.013660179640718563 0.020376175548589344
8 0.2948166167664671 0.4462382445141066 0.010291916167664672 0.01974921630094044
225 0.858252245508982 0.24984326018808778 0.01066616766467066 0.01755485893416928
119 0.5594124251497007 0.36191222570532916 0.012537425149700599 0.02225705329153605
8 0.561751497005988 0.46520376175548594 0.009356287425149701 0.018808777429467086
201 0.7613211077844312 0.2956112852664577 0.010291916167664672 0.018808777429467086
225 0.3980164670658683 0.642319749216301 0.0074850299401197605 0.018181818181818184
120 0.23615269461077845 0.24059561128526646 0.006736526946107785 0.023510971786833857
212 0.1191055389221557 0.6636363636363637 0.005052395209580838 0.01755485893416928
45 0.8848241017964072 0.45595611285266463 0.011414670658682636 0.014733542319749217
119 0.23035179640718564 0.44576802507836993 0.01160179640718563 0.018181818181818184
212 0.3552582335329342 0.5830721003134797 0.005052395209580838 0.020689655172413793
14 0.6528817365269461 0.40203761755485895 0.010853293413173653 0.01536050156739812
161 0.329809131736527 0.5253918495297806 0.011414670658682636 0.020689655172413793
59 0.6222866766467067 0.23761755485893418 0.013285928143712575 0.018181818181818184
23 0.32653443113772457 0.6449843260188088 0.00785928143712575 0.013479623824451411
8 0.816055389221557 0.2545454545454546 0.008233532934131737 0.01755485893416928
150 0.5992702095808383 0.3620689655172414 0.011040419161676647 0.02006269592476489
186 0.3414109281437126 0.32147335423197493 0.010291916167664672 0.019122257053291538
161 0.156998502994012 0.6235109717868339 0.008607784431137725 0.018808777429467086
201 0.6621444610778443 0.23620689655172417 0.01066616766467066 0.016614420062695926
225 0.6085329341317366 0.40391849529780566 0.006736526946107785 0.012225705329153605
119 0.42702095808383234 0.44231974921630096 0.011976047904191617 0.020689655172413793
120 0.6401571856287426 0.4846394984326019 0.009730538922155689 0.018808777429467086
201 0.44629491017964074 0.4431034482758621 0.009356287425149701 0.016614420062695926
8 0.14867140718562874 0.6238244514106583 0.009543413173652695 0.013793103448275864
120 0.7325037425149701 0.31645768025078375 0.009169161676646708 0.01974921630094044
14 0.4176646706586827 0.5446708463949843 0.008233532934131737 0.016614420062695926
100 0.14380613772455092 0.3420062695924765 0.007297904191616767 0.018808777429467086
23 0.7809693113772456 0.4382445141065831 0.010291916167664672 0.014420062695924767
23 0.1436190119760479 0.42680250783699064 0.008420658682634731 0.018495297805642633
8 0.40484655688622756 0.3816614420062696 0.009169161676646708 0.020376175548589344
23 0.23400074850299402 0.5642633228840126 0.011040419161676647 0.01943573667711599
177 0.20565119760479042 0.5847962382445141 0.01122754491017964 0.02163009404388715
45 0.26216317365269465 0.6047021943573668 0.010853293413173653 0.01755485893416928
201 0.219498502994012 0.32351097178683386 0.009356287425149701 0.018808777429467086
23 0.7986526946107785 0.2528213166144201 0.008233532934131737 0.017868338557993732
212 0.21407185628742517 0.5642633228840126 0.00561377245508982 0.018181818181818184
120 0.7475673652694611 0.43871473354231977 0.009730538922155689 0.01536050156739812
14 0.14025074850299402 0.32100313479623827 0.009917664670658683 0.01692789968652038
100 0.39698727544910184 0.4236677115987461 0.006923652694610779 0.018495297805642633
201 0.25 0.5051724137931035 0.007110778443113773 0.011598746081504702
150 0.3104416167664671 0.30094043887147337 0.009730538922155689 0.013793103448275864
177 0.6012350299401198 0.38307210031347966 0.012724550898203594 0.021316614420062698
212 0.21322979041916168 0.3230407523510972 0.005800898203592815 0.01974921630094044
161 0.41214446107784436 0.3405956112852665 0.008794910179640719 0.01974921630094044
201 0.6526010479041917 0.42272727272727273 0.008794910179640719 0.01536050156739812
23 0.8867889221556887 0.23056426332288402 0.0037425149700598802 0.009717868338557995
186 0.7750748502994013 0.37758620689655176 0.009730538922155689 0.014106583072100314
119 0.2154752994011976 0.5043887147335423 0.012537425149700599 0.01692789968652038
7 0.3415980538922156 0.6244514106583072 0.009543413173652695 0.01755485893416928
225 0.31680389221556887 0.5051724137931035 0.006362275449101797 0.011598746081504702
23 0.2542103293413174 0.34184952978056427 0.008420658682634731 0.018495297805642633
201 0.19582709580838326 0.5835423197492163 0.009917664670658683 0.013479623824451411
33 0.8493637724550899 0.3744514106583072 0.010104790419161677 0.017241379310344827
225 0.8258794910179641 0.43683385579937306 0.007672155688622755 0.01536050156739812
150 0.1757110778443114 0.24028213166144202 0.009730538922155689 0.012852664576802508
212 0.6649513473053893 0.5695924764890282 0.0061751497005988025 0.013793103448275864
212 0.749064371257485 0.33730407523510975 0.004116766467065869 0.020689655172413793
33 0.32466317365269465 0.4655172413793104 0.008607784431137725 0.015047021943573668
120 0.1155501497005988 0.6427899686520376 0.008420658682634731 0.014733542319749217
201 0.7319423652694611 0.35626959247648904 0.011414670658682636 0.024764890282131663
14 0.3787425149700599 0.3404388714733543 0.008982035928143714 0.01692789968652038
100 0.8086639221556887 0.3962382445141066 0.006549401197604791 0.01755485893416928
8 0.297062125748503 0.6250783699059561 0.009543413173652695 0.012539184952978058
119 0.565494011976048 0.44576802507836993 0.010479041916167666 0.016300940438871474
23 0.6343562874251497 0.23699059561128527 0.00785928143712575 0.012539184952978058
59 0.11293038922155689 0.463166144200627 0.01440868263473054 0.01974921630094044
120 0.38023952095808383 0.6029780564263323 0.010104790419161677 0.016614420062695926
120 0.21538173652694612 0.6634796238244515 0.011976047904191617 0.01974921630094044
161 0.6177956586826348 0.3833855799373041 0.009917664670658683 0.01943573667711599
212 0.3632110778443114 0.5211598746081505 0.00785928143712575 0.02163009404388715
8 0.141560628742515 0.5849529780564263 0.009169161676646708 0.015673981191222573
59 0.15465943113772457 0.30078369905956115 0.014034431137724552 0.021003134796238245
7 0.2479416167664671 0.5233542319749217 0.008607784431137725 0.012225705329153605
33 0.24223428143712578 0.443730407523511 0.010291916167664672 0.017241379310344827
8 0.13547904191616766 0.34184952978056427 0.010479041916167666 0.018495297805642633
7 0.13884730538922158 0.5231974921630095 0.00785928143712575 0.013793103448275864
119 0.5586639221556886 0.4051724137931035 0.011040419161676647 0.017241379310344827
59 0.3142776946107785 0.6446708463949844 0.013285928143712575 0.018495297805642633
8 0.7148203592814372 0.4399686520376176 0.010853293413173653 0.016614420062695926
201 0.1249064371257485 0.32100313479623827 0.009543413173652695 0.01692789968652038
119 0.2980913173652695 0.30062695924764893 0.009356287425149701 0.015673981191222573
8 0.18927769461077845 0.4855799373040753 0.009917664670658683 0.01755485893416928
161 0.861059131736527 0.4554858934169279 0.009917664670658683 0.018181818181818184
212 0.21173278443113774 0.5435736677115988 0.007297904191616767 0.018181818181818184
212 0.7910741017964072 0.23056426332288402 0.004678143712574851 0.01536050156739812
161 0.13117514970059882 0.5626959247648903 0.010479041916167666 0.018808777429467086
111 0.8076347305389222 0.35564263322884015 0.005988023952095809 0.019122257053291538
23 0.655875748502994 0.38134796238244517 0.010479041916167666 0.02163009404388715
161 0.11339820359281438 0.23981191222570533 0.01122754491017964 0.0219435736677116
23 0.22726422155688625 0.23934169278996867 0.010291916167664672 0.01974921630094044
119 0.4295471556886228 0.4637931034482759 0.010291916167664672 0.013479623824451411
225 0.40812125748503 0.5431034482758621 0.006736526946107785 0.018495297805642633
8 0.5569797904191617 0.4244514106583072 0.009917664670658683 0.016300940438871474
161 0.13201721556886228 0.6227272727272728 0.009543413173652695 0.020376175548589344
161 0.7090194610778443 0.23291536050156741 0.009356287425149701 0.016300940438871474
150 0.8840755988023953 0.37382445141065834 0.011788922155688624 0.019122257053291538
201 0.6686938622754491 0.3186520376175549 0.009169161676646708 0.01598746081504702
212 0.31521332335329344 0.3623824451410659 0.0061751497005988025 0.014420062695924767
212 0.2007859281437126 0.5642633228840126 0.005988023952095809 0.018181818181818184
119 0.24887724550898205 0.3633228840125392 0.012724550898203594 0.01755485893416928
120 0.10712949101796408 0.5818181818181819 0.009917664670658683 0.0219435736677116
8 0.8332709580838323 0.4164576802507837 0.00785928143712575 0.01598746081504702
150 0.3624625748502994 0.6615987460815047 0.01160179640718563 0.019122257053291538
14 0.7864895209580839 0.3352664576802508 0.010104790419161677 0.02163009404388715
225 0.42627245508982037 0.3608150470219436 0.00785928143712575 0.014420062695924767
161 0.35207709580838326 0.4857366771159875 0.008794910179640719 0.017241379310344827
100 0.25215194610778446 0.604075235109718 0.01066616766467066 0.01755485893416928
107 0.7190306886227545 0.3979623824451411 0.012163173652694611 0.016614420062695926
14 0.3662986526946108 0.38307210031347966 0.01066616766467066 0.01943573667711599
119 0.30164670658682635 0.54576802507837 0.01122754491017964 0.015047021943573668
225 0.8574101796407186 0.4772727272727273 0.010104790419161677 0.022884012539184956
14 0.14389970059880242 0.46159874608150475 0.008607784431137725 0.02163009404388715
212 0.28050149700598803 0.3415360501567398 0.0074850299401197605 0.017241379310344827
14 0.3255988023952096 0.5051724137931035 0.010479041916167666 0.019122257053291538
14 0.1534431137724551 0.4454545454545455 0.008233532934131737 0.01755485893416928
8 0.8797717065868264 0.31065830721003135 0.009917664670658683 0.015047021943573668
23 0.5804640718562875 0.424294670846395 0.00785928143712575 0.017241379310344827
8 0.7715194610778443 0.314576802507837 0.009730538922155689 0.014733542319749217
23 0.6225673652694611 0.48416927899686524 0.009730538922155689 0.021003134796238245
119 0.17084580838323354 0.48338557993730413 0.012350299401197605 0.016300940438871474
8 0.3905314371257485 0.40391849529780566 0.008607784431137725 0.019122257053291538
7 0.1969498502994012 0.424294670846395 0.009917664670658683 0.01536050156739812
23 0.6537238023952097 0.29905956112852666 0.008420658682634731 0.018808777429467086
161 0.34852170658682635 0.36050156739811917 0.009917664670658683 0.020689655172413793
212 0.1974176646706587 0.48510971786833856 0.005988023952095809 0.016614420062695926
201 0.768806137724551 0.41771159874608155 0.009543413173652695 0.01598746081504702
212 0.3284056886227545 0.38369905956112854 0.004116766467065869 0.014420062695924767
186 0.5889782934131736 0.4241379310344828 0.009543413173652695 0.01692789968652038
212 0.44563997005988026 0.4625391849529781 0.0061751497005988025 0.020376175548589344
212 0.16429640718562874 0.32084639498432604 0.005988023952095809 0.01974921630094044
186 0.18282185628742517 0.3017241379310345 0.010104790419161677 0.01536050156739812
150 0.10918787425149701 0.6626959247648904 0.013660179640718563 0.016300940438871474
225 0.4014782934131737 0.2578369905956113 0.006923652694610779 0.016614420062695926
14 0.7611339820359282 0.31630094043887147 0.011040419161676647 0.01692789968652038
201 0.7705838323353293 0.4810344827586207 0.008607784431137725 0.018495297805642633
119 0.3473989520958084 0.3833855799373041 0.011788922155688624 0.01943573667711599
33 0.15943113772455092 0.6434169278996865 0.009730538922155689 0.019122257053291538
161 0.7417664670658684 0.4808777429467085 0.010104790419161677 0.02006269592476489
8 0.7928517964071857 0.2948275862068966 0.008233532934131737 0.019122257053291538
33 0.32054640718562877 0.38369905956112854 0.010104790419161677 0.018181818181818184
100 0.3905314371257485 0.5029780564263323 0.008982035928143714 0.020376175548589344
201 0.6868450598802396 0.5684952978056427 0.009169161676646708 0.01974921630094044
23 0.7759169161676647 0.39749216300940443 0.009543413173652695 0.016300940438871474
161 0.30323727544910184 0.524294670846395 0.011414670658682636 0.02163009404388715
212 0.733813622754491 0.23385579937304077 0.01066616766467066 0.01943573667711599
8 0.40456586826347307 0.4241379310344828 0.010104790419161677 0.018181818181818184
107 0.7160366766467067 0.25438871473354235 0.009543413173652695 0.018495297805642633
59 0.2009730538922156 0.5438871473354232 0.014970059880239521 0.01692789968652038
8 0.14577095808383234 0.40391849529780566 0.008233532934131737 0.01536050156739812
161 0.14511601796407186 0.2810344827586207 0.011788922155688624 0.01974921630094044
201 0.41186377245508987 0.4023510971786834 0.008607784431137725 0.019122257053291538
186 0.13304640718562874 0.5843260188087774 0.010479041916167666 0.01943573667711599
144 0.3313061377245509 0.6050156739811913 0.009543413173652695 0.012539184952978058
120 0.2286676646706587 0.48495297805642634 0.010104790419161677 0.016300940438871474
100 0.22333458083832336 0.584012539184953 0.007297904191616767 0.02006269592476489
23 0.19227170658682635 0.6637931034482759 0.007672155688622755 0.012225705329153605
150 0.8167103293413174 0.33369905956112855 0.009543413173652695 0.014733542319749217
45 0.6136788922155689 0.46520376175548594 0.013285928143712575 0.01755485893416928
14 0.18235404191616766 0.4847962382445141 0.011788922155688624 0.014106583072100314
45 0.8460890718562875 0.27429467084639503 0.009543413173652695 0.016300940438871474
201 0.7137911676646707 0.33746081504702197 0.009917664670658683 0.021003134796238245
119 0.8672342814371258 0.3542319749216301 0.013660179640718563 0.022570532915360503
177 0.38108158682634735 0.6442006269592477 0.011040419161676647 0.01943573667711599
8 0.35815868263473055 0.3832288401253919 0.010853293413173653 0.01974921630094044
201 0.7990269461077845 0.4376175548589342 0.007110778443113773 0.012539184952978058
107 0.2890157185628743 0.36300940438871476 0.012911676646706588 0.021316614420062698
8 0.6714071856287426 0.5688087774294671 0.008233532934131737 0.017868338557993732
120 0.11293038922155689 0.5642633228840126 0.009169161676646708 0.018181818181818184
8 0.20200224550898205 0.6222570532915361 0.008420658682634731 0.0219435736677116
201 0.20480913173652696 0.32335423197492164 0.011040419161676647 0.018495297805642633
23 0.6530688622754491 0.2358934169278997 0.010479041916167666 0.01974921630094044
201 0.24466691616766467 0.3211598746081505 0.008420658682634731 0.01974921630094044
150 0.859187874251497 0.31081504702194357 0.009917664670658683 0.018495297805642633
8 0.2383046407185629 0.34184952978056427 0.010291916167664672 0.018495297805642633
161 0.3003368263473054 0.4855799373040753 0.009356287425149701 0.014420062695924767
212 0.23764970059880242 0.5833855799373041 0.005988023952095809 0.02006269592476489
212 0.8188622754491018 0.43667711598746084 0.0048652694610778445 0.01692789968652038
201 0.19367514970059882 0.6037617554858935 0.00785928143712575 0.011285266457680252
161 0.16410928143712575 0.342319749216301 0.009730538922155689 0.018808777429467086
225 0.765250748502994 0.39670846394984327 0.009169161676646708 0.019122257053291538
120 0.3352357784431138 0.48620689655172417 0.011040419161676647 0.018808777429467086
100 0.6332335329341318 0.338871473354232 0.007110778443113773 0.021316614420062698
201 0.8161489520958084 0.39576802507836994 0.008046407185628743 0.016614420062695926
201 0.6344498502994013 0.38197492163009406 0.011040419161676647 0.019122257053291538
8 0.3732223053892216 0.5833855799373041 0.008420658682634731 0.021316614420062698
119 0.8290606287425151 0.47774294670846396 0.011788922155688624 0.016300940438871474
33 0.7158495508982037 0.3156739811912226 0.01066616766467066 0.01692789968652038
8 0.19236526946107785 0.3010971786833856 0.009356287425149701 0.014733542319749217
33 0.17084580838323354 0.3832288401253919 0.010104790419161677 0.020376175548589344
59 0.0999251497005988 0.5435736677115988 0.016092814371257487 0.018181818181818184
45 0.8219498502994013 0.27398119122257053 0.015531437125748504 0.014420062695924767
212 0.3125 0.3852664576802508 0.007110778443113773 0.01943573667711599
14 0.6237836826347306 0.2995297805642633 0.01066616766467066 0.017241379310344827
225 0.7854603293413174 0.29467084639498436 0.007672155688622755 0.018808777429467086
201 0.23633982035928144 0.48683385579937305 0.010479041916167666 0.01755485893416928
33 0.7321294910179641 0.33667711598746086 0.009169161676646708 0.01943573667711599
161 0.3851983532934132 0.48322884012539186 0.009917664670658683 0.019122257053291538
8 0.10750374251497007 0.3843260188087775 0.012537425149700599 0.02006269592476489
119 0.8534805389221557 0.23072100313479627 0.004116766467065869 0.010031347962382446
225 0.3720059880239521 0.5050156739811913 0.009730538922155689 0.02006269592476489
212 0.23671407185628743 0.32163009404388715 0.006736526946107785 0.018808777429467086
225 0.8066055389221557 0.3357366771159875 0.009543413173652695 0.022570532915360503
120 0.2979041916167665 0.4045454545454546 0.010104790419161677 0.01598746081504702
119 0.32101422155688625 0.4252351097178684 0.01440868263473054 0.019122257053291538
8 0.3338323353293413 0.30078369905956115 0.009356287425149701 0.01536050156739812
100 0.6094685628742516 0.38369905956112854 0.008233532934131737 0.02006269592476489
14 0.2724550898203593 0.5655172413793104 0.010104790419161677 0.021316614420062698
225 0.7779752994011977 0.3346394984326019 0.006923652694610779 0.018495297805642633
212 0.21079715568862276 0.4847962382445141 0.004678143712574851 0.018495297805642633
186 0.2594498502994012 0.3844827586206897 0.009917664670658683 0.017868338557993732
225 0.686377245508982 0.48495297805642634 0.007110778443113773 0.015047021943573668
150 0.22614146706586827 0.42335423197492167 0.009917664670658683 0.022884012539184956
14 0.4133607784431138 0.46520376175548594 0.008233532934131737 0.014420062695924767
8 0.12387724550898205 0.4435736677115988 0.008607784431137725 0.01755485893416928
23 0.1287425149700599 0.24106583072100315 0.009730538922155689 0.021316614420062698
23 0.25804640718562877 0.5261755485893417 0.01160179640718563 0.020376175548589344
212 0.15812125748502995 0.5039184952978056 0.005988023952095809 0.019122257053291538
150 0.14277694610778444 0.30078369905956115 0.01160179640718563 0.02163009404388715
201 0.6927395209580839 0.3989028213166144 0.008982035928143714 0.013479623824451411
212 0.21818862275449102 0.46489028213166145 0.0074850299401197605 0.018181818181818184
14 0.38126871257485034 0.424294670846395 0.011040419161676647 0.01598746081504702
186 0.23559131736526948 0.5042319749216301 0.010104790419161677 0.019122257053291538
23 0.33991392215568866 0.5266457680250785 0.011040419161676647 0.01943573667711599
201 0.7771332335329342 0.2957680250783699 0.008982035928143714 0.019122257053291538
23 0.19891467065868265 0.46583072100313483 0.00785928143712575 0.01316614420062696
225 0.33252245508982037 0.6252351097178683 0.009730538922155689 0.018495297805642633
119 0.6422155688622755 0.29905956112852666 0.01122754491017964 0.018181818181818184
120 0.8154004491017964 0.35501567398119127 0.008794910179640719 0.019122257053291538
120 0.6046032934131736 0.302037617554859 0.01160179640718563 0.01598746081504702
23 0.7602919161676647 0.41959247648902825 0.010104790419161677 0.017241379310344827
225 0.8337387724550899 0.43667711598746084 0.008794910179640719 0.014420062695924767
150 0.42786302395209586 0.543730407523511 0.008794910179640719 0.021003134796238245
23 0.7899513473053893 0.377742946708464 0.008420658682634731 0.016300940438871474
225 0.40250748502994016 0.6211598746081505 0.008607784431137725 0.016614420062695926
33 0.6316429640718563 0.48526645768025084 0.009917664670658683 0.020689655172413793
225 0.26749625748503 0.44467084639498433 0.011040419161676647 0.02225705329153605
7 0.14764221556886228 0.3634796238244514 0.009730538922155689 0.017868338557993732
161 0.7058383233532934 0.31551724137931036 0.0074850299401197605 0.019122257053291538
8 0.21818862275449102 0.484012539184953 0.009730538922155689 0.018181818181818184
8 0.14099925149700598 0.6438871473354233 0.008794910179640719 0.018808777429467086
111 0.3530127245508982 0.6626959247648904 0.008794910179640719 0.018808777429467086
225 0.13997005988023953 0.6231974921630095 0.008607784431137725 0.018181818181818184
8 0.09758607784431138 0.5633228840125393 0.008420658682634731 0.02382445141065831
212 0.7877058383233534 0.47884012539184956 0.003929640718562875 0.01598746081504702
201 0.2567365269461078 0.5854231974921631 0.008233532934131737 0.017868338557993732
17 0.1159244011976048 0.3846394984326019 0.011414670658682636 0.01943573667711599
150 0.8106287425149701 0.4789968652037618 0.009730538922155689 0.013793103448275864
225 0.23063248502994013 0.584012539184953 0.008046407185628743 0.018808777429467086
177 0.6674775449101796 0.463166144200627 0.008982035928143714 0.019122257053291538
8 0.32428892215568866 0.5844827586206897 0.009730538922155689 0.014106583072100314
7 0.40540793413173654 0.642319749216301 0.01066616766467066 0.01755485893416928
161 0.2500935628742515 0.5630094043887147 0.008794910179640719 0.020689655172413793
119 0.8700411676646707 0.31097178683385585 0.009543413173652695 0.01692789968652038
8 0.33336452095808383 0.322884012539185 0.009543413173652695 0.01755485893416928
201 0.15110404191616766 0.5655172413793104 0.009543413173652695 0.01692789968652038
120 0.3335516467065868 0.46583072100313483 0.008794910179640719 0.015673981191222573
201 0.7148203592814372 0.4197492163009405 0.009730538922155689 0.015673981191222573
8 0.8223241017964072 0.35376175548589345 0.008046407185628743 0.018495297805642633
23 0.25795284431137727 0.5435736677115988 0.009543413173652695 0.02382445141065831
225 0.19975673652694612 0.6641065830721004 0.006923652694610779 0.012225705329153605
100 0.13622754491017966 0.5021943573667712 0.006736526946107785 0.018181818181818184
100 0.30913173652694614 0.6042319749216302 0.006736526946107785 0.017868338557993732
161 0.2965943113772455 0.6454545454545455 0.008982035928143714 0.016300940438871474
8 0.5874812874251497 0.32335423197492164 0.008794910179640719 0.01974921630094044
212 0.4225299401197605 0.6410658307210032 0.005988023952095809 0.018808777429467086
119 0.3225112275449102 0.3012539184952978 0.010291916167664672 0.015047021943573668
119 0.7715194610778443 0.3565830721003135 0.012350299401197605 0.02225705329153605
201 0.15232035928143714 0.3835423197492163 0.00785928143712575 0.012852664576802508
212 0.2475673652694611 0.40579937304075236 0.0033682634730538923 0.01974921630094044
33 0.31549401197604793 0.322884012539185 0.010853293413173653 0.01943573667711599
119 0.16551272455089822 0.3644200626959248 0.010291916167664672 0.018495297805642633
8 0.765812125748503 0.4589341692789969 0.009917664670658683 0.016300940438871474
201 0.19255239520958084 0.5652037617554859 0.00785928143712575 0.013793103448275864
8 0.18001497005988026 0.3424764890282132 0.010104790419161677 0.014733542319749217
119 0.8983907185628743 0.45485893416927903 0.012724550898203594 0.01755485893416928
225 0.26992889221556887 0.3634796238244514 0.009543413173652695 0.01974921630094044
177 0.6619573353293413 0.4211598746081505 0.011414670658682636 0.01598746081504702
59 0.627806886227545 0.36112852664576806 0.012350299401197605 0.020689655172413793
33 0.8110029940119761 0.4155172413793104 0.009356287425149701 0.017868338557993732
107 0.579060628742515 0.4456112852664577 0.012911676646706588 0.014733542319749217
150 0.5712949101796407 0.4042319749216301 0.010104790419161677 0.01598746081504702
150 0.22099550898203593 0.6261755485893418 0.01160179640718563 0.017868338557993732
45 0.7369011976047904 0.4189655172413793 0.016467065868263474 0.014733542319749217
8 0.31680389221556887 0.6050156739811913 0.008982035928143714 0.013793103448275864
23 0.7588884730538923 0.39827586206896554 0.005052395209580838 0.01974921630094044
119 0.20883233532934134 0.46536050156739817 0.01160179640718563 0.01974921630094044
119 0.6453031437125749 0.38103448275862073 0.011414670658682636 0.021003134796238245
59 0.13604041916167667 0.48166144200626965 0.010853293413173653 0.01974921630094044
150 0.30520209580838326 0.5647335423197493 0.010104790419161677 0.01536050156739812
59 0.561751497005988 0.32445141065830724 0.01534431137724551 0.02006269592476489
100 0.5697979041916168 0.46489028213166145 0.007110778443113773 0.01943573667711599
119 0.17440119760479042 0.40501567398119126 0.011976047904191617 0.01943573667711599
8 0.10422904191616768 0.4626959247648903 0.012350299401197605 0.0219435736677116
120 0.15101047904191617 0.5029780564263323 0.009730538922155689 0.017868338557993732
107 0.1529752994011976 0.3413793103448276 0.012537425149700599 0.020689655172413793
120 0.3877245508982036 0.603448275862069 0.008607784431137725 0.016300940438871474
107 0.12060254491017965 0.6039184952978057 0.012911676646706588 0.016614420062695926
186 0.3825785928143713 0.6222570532915361 0.011788922155688624 0.0219435736677116
23 0.8422529940119761 0.4373040752351097 0.008233532934131737 0.015673981191222573
107 0.10825224550898205 0.40564263322884014 0.012537425149700599 0.022570532915360503
14 0.15175898203592816 0.42570532915360504 0.00785928143712575 0.020689655172413793
17 0.1754303892215569 0.5230407523510973 0.009917664670658683 0.020376175548589344
212 0.6764595808383234 0.4006269592476489 0.004491017964071857 0.012539184952978058
161 0.2885479041916168 0.4047021943573668 0.01160179640718563 0.018181818181818184
225 0.830183383233533 0.45611285266457685 0.008794910179640719 0.015673981191222573
212 0.187312874251497 0.3420062695924765 0.0037425149700598802 0.015047021943573668
212 0.20434131736526948 0.3833855799373041 0.0074850299401197605 0.01755485893416928
119 0.4189745508982036 0.6617554858934169 0.012350299401197605 0.01943573667711599
201 0.3184880239520958 0.4462382445141066 0.009356287425149701 0.019122257053291538
8 0.7258607784431138 0.23338557993730408 0.010104790419161677 0.019122257053291538
225 0.6947979041916168 0.5703761755485893 0.008982035928143714 0.024764890282131663
201 0.390063622754491 0.3614420062695925 0.008794910179640719 0.014420062695924767
201 0.5992702095808383 0.4047021943573668 0.008420658682634731 0.014420062695924767
201 0.3436564371257485 0.48542319749216306 0.007297904191616767 0.017241379310344827
45 0.8280314371257486 0.2536050156739812 0.014221556886227546 0.012539184952978058
119 0.3471182634730539 0.4025078369905956 0.012350299401197605 0.018181818181818184
119 0.43001497005988026 0.42335423197492167 0.010853293413173653 0.016614420062695926
59 0.40531437125748504 0.44420062695924767 0.012350299401197605 0.02006269592476489
212 0.7231474550898204 0.46159874608150475 0.005426646706586827 0.018495297805642633
23 0.16223802395209583 0.28150470219435736 0.009356287425149701 0.01755485893416928
23 0.38978293413173654 0.42460815047021944 0.009730538922155689 0.017868338557993732
212 0.37397080838323354 0.6225705329153606 0.0035553892215568865 0.016300940438871474
59 0.3594685628742515 0.29968652037617555 0.016092814371257487 0.013793103448275864
59 0.3349550898203593 0.5652037617554859 0.014970059880239521 0.02006269592476489
120 0.7683383233532934 0.2523510971786834 0.008982035928143714 0.01692789968652038
201 0.1563435628742515 0.3224137931034483 0.011040419161676647 0.016614420062695926
119 0.311938622754491 0.46598746081504705 0.010853293413173653 0.01536050156739812
225 0.28639595808383234 0.44655172413793104 0.009169161676646708 0.017868338557993732
8 0.24840943113772457 0.6415360501567399 0.011040419161676647 0.02163009404388715
8 0.6767402694610779 0.3188087774294671 0.009917664670658683 0.01692789968652038
119 0.37761976047904194 0.5636363636363637 0.01347305389221557 0.023197492163009405
14 0.5977732035928144 0.44514106583072105 0.008794910179640719 0.016300940438871474
201 0.25533308383233533 0.422884012539185 0.01066616766467066 0.022570532915360503
8 0.2984655688622755 0.363166144200627 0.010853293413173653 0.021003134796238245
225 0.360310628742515 0.4863636363636364 0.009169161676646708 0.01974921630094044
8 0.374625748502994 0.382601880877743 0.010853293413173653 0.018495297805642633
150 0.796875 0.33448275862068966 0.011414670658682636 0.02382445141065831
177 0.20752245508982037 0.3012539184952978 0.01122754491017964 0.018808777429467086
8 0.265063622754491 0.5656739811912226 0.008420658682634731 0.02163009404388715
201 0.36236901197604793 0.505485893416928 0.01066616766467066 0.017868338557993732
150 0.11152694610778444 0.5233542319749217 0.01122754491017964 0.021003134796238245
225 0.5672717065868264 0.38495297805642636 0.007672155688622755 0.012539184952978058
111 0.7173465568862276 0.2327586206896552 0.010291916167664672 0.01974921630094044
186 0.7790044910179641 0.4804075235109718 0.012724550898203594 0.019122257053291538
212 0.782559880239521 0.3769592476489029 0.0026197604790419164 0.014733542319749217
23 0.8402881736526947 0.3760188087774295 0.008046407185628743 0.014106583072100314
119 0.8890344311377246 0.29106583072100317 0.009356287425149701 0.016614420062695926
23 0.20508982035928144 0.4241379310344828 0.008982035928143714 0.021316614420062698
45 0.188435628742515 0.4047021943573668 0.016841317365269462 0.018808777429467086
7 0.39680014970059885 0.6637931034482759 0.009917664670658683 0.021003134796238245
59 0.6180763473053893 0.44498432601880883 0.014221556886227546 0.014733542319749217
45 0.7329715568862276 0.46128526645768025 0.01347305389221557 0.018495297805642633
23 0.12350299401197605 0.6435736677115987 0.0074850299401197605 0.018181818181818184
45 0.893431886227545 0.4363636363636364 0.014034431137724552 0.01755485893416928
23 0.4042851796407186 0.4844827586206897 0.007672155688622755 0.013479623824451411
100 0.18216691616766467 0.5438871473354232 0.008794910179640719 0.022570532915360503
201 0.42823727544910184 0.4819749216300941 0.009169161676646708 0.018495297805642633
177 0.3999812874251497 0.5032915360501568 0.010291916167664672 0.021003134796238245
45 0.16803892215568864 0.5648902821316615 0.014221556886227546 0.01943573667711599
119 0.22342814371257486 0.5636363636363637 0.01160179640718563 0.020689655172413793
186 0.8259730538922156 0.4164576802507837 0.010104790419161677 0.016614420062695926
119 0.39520958083832336 0.542319749216301 0.012724550898203594 0.01943573667711599
59 0.15203967065868265 0.5854231974921631 0.012911676646706588 0.02163009404388715
119 0.1787986526946108 0.6434169278996865 0.012537425149700599 0.021003134796238245
120 0.12097679640718563 0.5227272727272727 0.009917664670658683 0.02225705329153605
161 0.2154752994011976 0.3626959247648903 0.01066616766467066 0.01943573667711599
161 0.18488023952095808 0.622884012539185 0.008607784431137725 0.018808777429467086
225 0.42103293413173654 0.3413793103448276 0.008233532934131737 0.013793103448275864
186 0.3359842814371258 0.384012539184953 0.011788922155688624 0.018181818181818184
161 0.40465943113772457 0.6012539184952979 0.007672155688622755 0.01692789968652038
33 0.7164109281437127 0.46144200626959253 0.009543413173652695 0.016300940438871474
17 0.1318300898203593 0.6440438871473355 0.012163173652694611 0.01974921630094044
59 0.09477919161676647 0.6636363636363637 0.01440868263473054 0.01755485893416928
177 0.21070359281437126 0.44326018808777434 0.008607784431137725 0.018181818181818184
23 0.6042290419161677 0.34090909090909094 0.009730538922155689 0.017868338557993732
8 0.8578779940119761 0.4376175548589342 0.008046407185628743 0.01692789968652038
120 0.17065868263473055 0.28134796238244514 0.008607784431137725 0.025391849529780564
186 0.6019835329341318 0.4650470219435737 0.01160179640718563 0.017868338557993732
150 0.5644648203592815 0.4863636363636364 0.011414670658682636 0.01974921630094044
177 0.6792664670658684 0.35830721003134797 0.01160179640718563 0.02006269592476489
111 0.8084767964071857 0.2545454545454546 0.009917664670658683 0.02006269592476489
201 0.5828967065868264 0.4855799373040753 0.008982035928143714 0.01692789968652038
119 0.7576721556886228 0.33620689655172414 0.01347305389221557 0.02601880877742947
77 0.3632110778443114 0.44467084639498433 0.010853293413173653 0.04043887147335423
212 0.11779565868263474 0.32100313479623827 0.0061751497005988025 0.01755485893416928
201 0.16336077844311378 0.40501567398119126 0.010104790419161677 0.01755485893416928
8 0.17327844311377247 0.4656739811912226 0.010479041916167666 0.019122257053291538
100 0.3337387724550898 0.505485893416928 0.005800898203592815 0.01598746081504702
45 0.27601047904191617 0.5851097178683385 0.01534431137724551 0.021003134796238245
23 0.21519461077844312 0.5846394984326019 0.009730538922155689 0.01755485893416928
14 0.43684505988023953 0.4426332288401254 0.009169161676646708 0.01755485893416928
212 0.26197604790419166 0.6235109717868339 0.004491017964071857 0.018808777429467086
14 0.8835142215568863 0.23009404388714735 0.0031811377245508986 0.009404388714733543
161 0.7651571856287426 0.43871473354231977 0.008607784431137725 0.016614420062695926
201 0.2879865269461078 0.3424764890282132 0.009730538922155689 0.018495297805642633
186 0.6346369760479043 0.4010971786833856 0.011040419161676647 0.01536050156739812
201 0.7621631736526947 0.3565830721003135 0.008233532934131737 0.017868338557993732
107 0.21697230538922158 0.2382445141065831 0.011040419161676647 0.018808777429467086
17 0.6943300898203594 0.482601880877743 0.009917664670658683 0.01974921630094044
77 0.6391279940119761 0.35862068965517246 0.011040419161676647 0.03636363636363637
212 0.187874251497006 0.64435736677116 0.0033682634730538923 0.013479623824451411
201 0.3237275449101797 0.6633228840125392 0.008982035928143714 0.01755485893416928
23 0.38978293413173654 0.642319749216301 0.008982035928143714 0.016300940438871474
201 0.18226047904191617 0.44717868338558 0.009730538922155689 0.017241379310344827
45 0.2844311377245509 0.29984326018808777 0.014970059880239521 0.021003134796238245
225 0.21098428143712575 0.3827586206896552 0.008046407185628743 0.018808777429467086
8 0.8299026946107785 0.35376175548589345 0.008982035928143714 0.01974921630094044
201 0.20892589820359284 0.24090909090909093 0.008420658682634731 0.021003134796238245
212 0.6515718562874252 0.5736677115987461 0.007110778443113773 0.020689655172413793
201 0.31109655688622756 0.28072100313479625 0.008420658682634731 0.012225705329153605
111 0.7017215568862276 0.3996865203761756 0.008982035928143714 0.015047021943573668
119 0.19376871257485032 0.3224137931034483 0.013660179640718563 0.018495297805642633
8 0.8012724550898204 0.4156739811912226 0.010104790419161677 0.01692789968652038
212 0.8643338323353293 0.4362068965517242 0.0037425149700598802 0.013479623824451411
119 0.8556324850299402 0.2738244514106583 0.008794910179640719 0.017868338557993732
201 0.3633046407185629 0.5432601880877743 0.009543413173652695 0.021316614420062698
23 0.2911676646706587 0.54576802507837 0.010479041916167666 0.015047021943573668
8 0.13987649700598803 0.2622257053291536 0.01066616766467066 0.024137931034482762
201 0.21977919161676648 0.4448275862068966 0.009543413173652695 0.018181818181818184
150 0.21903068862275452 0.342319749216301 0.011040419161676647 0.018181818181818184
23 0.6520396706586826 0.31833855799373045 0.008794910179640719 0.016614420062695926
161 0.10890718562874252 0.32147335423197493 0.009356287425149701 0.019122257053291538
23 0.34028817365269465 0.6053291536050157 0.009169161676646708 0.01943573667711599
23 0.3816429640718563 0.3620689655172414 0.008046407185628743 0.012539184952978058
23 0.14782934131736528 0.5231974921630095 0.00785928143712575 0.013793103448275864
186 0.15512724550898205 0.5442006269592476 0.01160179640718563 0.0219435736677116
59 0.6843188622754491 0.33808777429467085 0.012724550898203594 0.02163009404388715
33 0.26787050898203596 0.5078369905956113 0.009543413173652695 0.02445141065830721
100 0.17645958083832336 0.6236677115987461 0.006736526946107785 0.019122257053291538
17 0.11414670658682635 0.42570532915360504 0.008982035928143714 0.01943573667711599
8 0.18328967065868265 0.5233542319749217 0.009543413173652695 0.01974921630094044
8 0.27432634730538924 0.6053291536050157 0.010479041916167666 0.016300940438871474
33 0.2882672155688623 0.6247648902821317 0.008420658682634731 0.01943573667711599
59 0.593188622754491 0.34169278996865204 0.014221556886227546 0.01943573667711599
23 0.8189558383233534 0.4774294670846395 0.008420658682634731 0.02006269592476489
8 0.5934693113772456 0.23855799373040754 0.009169161676646708 0.018181818181818184
201 0.3727544910179641 0.42492163009404393 0.010104790419161677 0.017241379310344827
201 0.45321856287425155 0.46410658307210034 0.009356287425149701 0.018495297805642633
111 0.24644461077844312 0.34216300940438876 0.008233532934131737 0.017868338557993732
33 0.8146519461077845 0.4570532915360502 0.01066616766467066 0.01755485893416928
23 0.26805763473053895 0.48714733542319755 0.009169161676646708 0.020689655172413793
225 0.7525261976047904 0.31551724137931036 0.009543413173652695 0.017241379310344827
8 0.2854603293413174 0.48605015673981194 0.009917664670658683 0.017868338557993732
201 0.8419723053892216 0.41677115987460817 0.009169161676646708 0.01974921630094044
150 0.6771145209580839 0.48322884012539186 0.013285928143712575 0.018495297805642633
150 0.11798278443113773 0.36285266457680254 0.011040419161676647 0.020376175548589344
212 0.5920658682634731 0.3833855799373041 0.00561377245508982 0.020689655172413793
161 0.11171407185628743 0.5442006269592476 0.01160179640718563 0.023197492163009405
225 0.20733532934131738 0.5652037617554859 0.006736526946107785 0.01755485893416928
119 0.4200973053892216 0.5036050156739812 0.0157185628742515 0.025391849529780564
23 0.34590194610778446 0.5648902821316615 0.009169161676646708 0.018181818181818184
33 0.34290793413173654 0.34028213166144206 0.009917664670658683 0.017241379310344827
201 0.32494386227544914 0.5451410658307211 0.007297904191616767 0.02006269592476489
119 0.7995883233532934 0.3772727272727273 0.010853293413173653 0.01536050156739812
23 0.16364146706586827 0.5451410658307211 0.009917664670658683 0.018808777429467086
14 0.24447979041916168 0.604858934169279 0.008794910179640719 0.020376175548589344
120 0.5650261976047904 0.42460815047021944 0.008794910179640719 0.01536050156739812
23 0.2008794910179641 0.44404388714733545 0.011040419161676647 0.021003134796238245
14 0.2969685628742515 0.6622257053291537 0.010479041916167666 0.018495297805642633
100 0.6791729041916168 0.42037617554858936 0.006923652694610779 0.015047021943573668
8 0.6173278443113773 0.36285266457680254 0.013847305389221558 0.02163009404388715
107 0.24803517964071858 0.46598746081504705 0.011788922155688624 0.020376175548589344
23 0.6449288922155689 0.40203761755485895 0.009169161676646708 0.01598746081504702
177 0.7043413173652695 0.33793103448275863 0.007110778443113773 0.0219435736677116
14 0.733626497005988 0.25391849529780564 0.009169161676646708 0.013793103448275864
100 0.11339820359281438 0.48244514106583075 0.0074850299401197605 0.01755485893416928
119 0.10778443113772455 0.6021943573667712 0.012724550898203594 0.021316614420062698
23 0.1754303892215569 0.3620689655172414 0.008794910179640719 0.015047021943573668
100 0.7409244011976048 0.4 0.005426646706586827 0.015673981191222573
107 0.30183383233532934 0.385423197492163 0.014221556886227546 0.019122257053291538
225 0.6081586826347306 0.3584639498432602 0.0074850299401197605 0.01974921630094044
14 0.35544535928143717 0.5213166144200627 0.008420658682634731 0.015673981191222573
161 0.1746818862275449 0.5849529780564263 0.009917664670658683 0.01943573667711599
119 0.6427769461077845 0.23542319749216303 0.010104790419161677 0.020689655172413793
8 0.7415793413173654 0.3369905956112853 0.007110778443113773 0.02006269592476489
201 0.6174214071856288 0.40391849529780566 0.007672155688622755 0.011598746081504702
59 0.2634730538922156 0.2622257053291536 0.013098802395209582 0.021003134796238245
23 0.42112649700598803 0.4639498432601881 0.0061751497005988025 0.011912225705329155
225 0.23025823353293415 0.5227272727272727 0.008046407185628743 0.021003134796238245
100 0.811751497005988 0.29451410658307214 0.00785928143712575 0.019122257053291538
186 0.6081586826347306 0.3205329153605016 0.01160179640718563 0.01974921630094044
8 0.597118263473054 0.422884012539185 0.008982035928143714 0.015673981191222573
186 0.22445733532934134 0.3623824451410659 0.012163173652694611 0.02006269592476489
8 0.1784244011976048 0.3841692789968652 0.009169161676646708 0.017241379310344827
100 0.14829715568862276 0.32163009404388715 0.006923652694610779 0.018181818181818184
23 0.30127245508982037 0.6054858934169279 0.009730538922155689 0.018495297805642633
120 0.7386788922155689 0.43918495297805643 0.008794910179640719 0.016300940438871474
225 0.7722679640718564 0.4384012539184953 0.0074850299401197605 0.01598746081504702
14 0.5521145209580839 0.487460815047022 0.01440868263473054 0.01943573667711599
23 0.26497005988023953 0.3200626959247649 0.010853293413173653 0.02445141065830721
225 0.22885479041916168 0.34169278996865204 0.010104790419161677 0.021316614420062698
8 0.12902320359281438 0.5037617554858934 0.01066616766467066 0.016300940438871474
77 0.16710329341317368 0.6257053291536051 0.010853293413173653 0.03699059561128527
150 0.7315681137724551 0.40313479623824455 0.011788922155688624 0.021316614420062698
201 0.265625 0.40501567398119126 0.010291916167664672 0.01755485893416928
8 0.703873502994012 0.4829153605015674 0.009169161676646708 0.013479623824451411
212 0.20873877245508984 0.6045454545454546 0.006923652694610779 0.022884012539184956
225 0.19872754491017966 0.27993730407523515 0.01122754491017964 0.018808777429467086
150 0.23044535928143714 0.5445141065830721 0.009543413173652695 0.015047021943573668
201 0.3203592814371258 0.5238244514106584 0.008982035928143714 0.01755485893416928
59 0.6605538922155689 0.35830721003134797 0.016092814371257487 0.02006269592476489
119 0.38912799401197606 0.5216300940438872 0.008794910179640719 0.016300940438871474
119 0.9038173652694611 0.43589341692789974 0.010479041916167666 0.019122257053291538
120 0.7832148203592815 0.39717868338558 0.009917664670658683 0.018181818181818184
23 0.23942739520958084 0.6216300940438871 0.008794910179640719 0.018181818181818184
186 0.6388473053892216 0.46347962382445146 0.01122754491017964 0.013479623824451411
201 0.2256736526946108 0.46520376175548594 0.009730538922155689 0.018808777429467086
201 0.10394835329341318 0.44341692789968656 0.008794910179640719 0.018495297805642633
33 0.8563809880239521 0.35094043887147336 0.009543413173652695 0.017868338557993732
8 0.7863959580838323 0.41489028213166146 0.009169161676646708 0.01536050156739812
144 0.17131362275449102 0.3222570532915361 0.009543413173652695 0.020689655172413793
201 0.8799588323353293 0.2929467084639499 0.008794910179640719 0.020376175548589344
100 0.3726609281437126 0.3620689655172414 0.008420658682634731 0.0219435736677116
212 0.7318488023952097 0.4393416927899687 0.005988023952095809 0.017241379310344827
59 0.6525074850299402 0.3393416927899687 0.012350299401197605 0.020376175548589344
225 0.3039857784431138 0.6431034482758621 0.008794910179640719 0.019122257053291538
33 0.249812874251497 0.6216300940438871 0.010104790419161677 0.01943573667711599
59 0.2382110778443114 0.4247648902821317 0.014221556886227546 0.02006269592476489
107 0.64249625748503 0.42210031347962385 0.01440868263473054 0.01598746081504702
201 0.3407559880239521 0.5057993730407524 0.008233532934131737 0.018495297805642633
23 0.22791916167664672 0.6434169278996865 0.006736526946107785 0.012225705329153605
59 0.203125 0.3622257053291536 0.015531437125748504 0.01974921630094044
111 0.15512724550898205 0.4040752351097179 0.009730538922155689 0.01943573667711599
45 0.20247005988023953 0.5031347962382445 0.013098802395209582 0.016300940438871474
201 0.7318488023952097 0.48181818181818187 0.010853293413173653 0.023197492163009405
120 0.1279004491017964 0.3623824451410659 0.010291916167664672 0.01943573667711599
212 0.3722866766467066 0.5429467084639499 0.008420658682634731 0.020689655172413793
201 0.3706025449101797 0.3407523510971787 0.009917664670658683 0.016300940438871474
33 0.13351422155688625 0.44467084639498433 0.008794910179640719 0.01598746081504702
8 0.37939745508982037 0.6626959247648904 0.009917664670658683 0.018808777429467086
225 0.3203592814371258 0.2819749216300941 0.00785928143712575 0.012225705329153605
177 0.24822230538922158 0.5429467084639499 0.009543413173652695 0.01943573667711599
100 0.1475486526946108 0.26159874608150474 0.008794910179640719 0.02163009404388715
8 0.109749251497006 0.34184952978056427 0.010291916167664672 0.018495297805642633
23 0.8476796407185629 0.35391849529780567 0.008982035928143714 0.01692789968652038
111 0.8634917664670659 0.22962382445141066 0.0024326347305389222 0.0109717868338558
45 0.27965943113772457 0.4253918495297806 0.01590568862275449 0.01943573667711599
23 0.327937874251497 0.2819749216300941 0.008046407185628743 0.012852664576802508
59 0.8721931137724551 0.45673981191222573 0.011976047904191617 0.018181818181818184
212 0.6496070359281437 0.35987460815047023 0.006549401197604791 0.01692789968652038
33 0.29247754491017963 0.6051724137931035 0.01122754491017964 0.018495297805642633
212 0.5964633233532934 0.30062695924764893 0.005800898203592815 0.020689655172413793
150 0.7425149700598803 0.23322884012539186 0.010479041916167666 0.01692789968652038
201 0.12958458083832336 0.5238244514106584 0.007672155688622755 0.013793103448275864
33 0.7510291916167665 0.4181818181818182 0.012163173652694611 0.014420062695924767
45 0.7572043413173654 0.25329153605015675 0.014034431137724552 0.016300940438871474
161 0.1443675149700599 0.24122257053291538 0.010291916167664672 0.020376175548589344
201 0.18637724550898205 0.42507836990595615 0.00785928143712575 0.012539184952978058
100 0.17449476047904192 0.44655172413793104 0.008046407185628743 0.016614420062695926
119 0.6868450598802396 0.4609717868338558 0.011414670658682636 0.019122257053291538
33 0.3479603293413174 0.5827586206896552 0.010291916167664672 0.02006269592476489
150 0.8793974550898204 0.3316614420062696 0.01066616766467066 0.02445141065830721
201 0.8223241017964072 0.4565830721003135 0.006923652694610779 0.014733542319749217
212 0.10872005988023953 0.4420062695924765 0.0048652694610778445 0.01692789968652038
45 0.15475299401197606 0.2401253918495298 0.014221556886227546 0.018181818181818184
23 0.3805202095808383 0.5250783699059561 0.007672155688622755 0.016300940438871474
225 0.3394461077844312 0.4241379310344828 0.008233532934131737 0.018808777429467086
33 0.3491766467065868 0.6036050156739813 0.009356287425149701 0.018495297805642633
212 0.141560628742515 0.6639498432601881 0.006549401197604791 0.018808777429467086
120 0.1782372754491018 0.28056426332288403 0.010291916167664672 0.0219435736677116
119 0.6265905688622755 0.46520376175548594 0.011788922155688624 0.01755485893416928
119 0.27657185628742514 0.6426332288401254 0.01160179640718563 0.02006269592476489
77 0.8739708083832336 0.4327586206896552 0.009917664670658683 0.05297805642633229
150 0.3419723053892216 0.6633228840125392 0.009169161676646708 0.015047021943573668
23 0.36807634730538924 0.6241379310344828 0.007110778443113773 0.011912225705329155
100 0.8721931137724551 0.3954545454545455 0.007110778443113773 0.019122257053291538
161 0.6308008982035929 0.4235109717868339 0.010853293413173653 0.018808777429467086
8 0.7854603293413174 0.27429467084639503 0.009169161676646708 0.01755485893416928
14 0.6841317365269461 0.4 0.008607784431137725 0.015047021943573668
8 0.7506549401197605 0.48056426332288404 0.011414670658682636 0.01943573667711599
107 0.5797155688622755 0.46426332288401256 0.011976047904191617 0.01692789968652038
8 0.14923278443113774 0.6047021943573668 0.009169161676646708 0.014420062695924767
107 0.1627994011976048 0.46410658307210034 0.013847305389221558 0.01598746081504702
107 0.7868637724550899 0.3152037617554859 0.01122754491017964 0.01598746081504702
14 0.8379491017964072 0.3529780564263323 0.012350299401197605 0.018808777429467086
119 0.3372941616766467 0.27978056426332293 0.010291916167664672 0.016614420062695926
23 0.7139782934131736 0.36003134796238245 0.008794910179640719 0.018495297805642633
150 0.8801459580838323 0.23009404388714735 0.0031811377245508986 0.009404388714733543
120 0.19273952095808383 0.5241379310344828 0.009356287425149701 0.01943573667711599
8 0.5851422155688623 0.38307210031347966 0.010104790419161677 0.018808777429467086
212 0.26029191616766467 0.44686520376175554 0.006362275449101797 0.020376175548589344
8 0.09908308383233534 0.5827586206896552 0.009917664670658683 0.018808777429467086
14 0.2575785928143713 0.4876175548589342 0.009543413173652695 0.021003134796238245
161 0.705370508982036 0.4626959247648903 0.01066616766467066 0.018808777429467086
14 0.831680389221557 0.37586206896551727 0.011040419161676647 0.014420062695924767
201 0.2381175149700599 0.5233542319749217 0.008046407185628743 0.012225705329153605
201 0.10572604790419163 0.6233542319749217 0.007110778443113773 0.012225705329153605
201 0.35834580838323354 0.6244514106583072 0.009730538922155689 0.02006269592476489
186 0.6787986526946108 0.569435736677116 0.009543413173652695 0.016614420062695926
225 0.39895209580838326 0.4045454545454546 0.00785928143712575 0.014106583072100314
45 0.6331399700598803 0.44341692789968656 0.01440868263473054 0.01536050156739812
23 0.8489895209580839 0.2304075235109718 0.0048652694610778445 0.010658307210031349
100 0.38033308383233533 0.25862068965517243 0.009917664670658683 0.01755485893416928
201 0.359000748502994 0.32178683385579937 0.009169161676646708 0.017241379310344827
8 0.34000748502994016 0.44529780564263327 0.010479041916167666 0.019122257053291538
14 0.0999251497005988 0.5221003134796238 0.013847305389221558 0.02225705329153605
107 0.5830838323353293 0.4053291536050157 0.01122754491017964 0.01692789968652038
23 0.3749064371257485 0.4448275862068966 0.008046407185628743 0.01316614420062696
9 0.7762911676646707 0.27351097178683387 0.009169161676646708 0.01598746081504702
201 0.5894461077844312 0.4456112852664577 0.008233532934131737 0.014106583072100314
23 0.16700973053892215 0.5241379310344828 0.009917664670658683 0.020689655172413793
120 0.36152694610778446 0.33981191222570534 0.010479041916167666 0.016300940438871474
100 0.3563809880239521 0.3614420062695925 0.006923652694610779 0.01943573667711599
212 0.7551459580838323 0.3551724137931035 0.007297904191616767 0.01692789968652038
225 0.6960142215568863 0.35736677115987464 0.008794910179640719 0.01755485893416928
77 0.09459206586826348 0.622884012539185 0.014034431137724552 0.03699059561128527
23 0.09646332335329343 0.6032915360501567 0.009917664670658683 0.021003134796238245
119 0.14876497005988024 0.4827586206896552 0.011976047904191617 0.020689655172413793
150 0.22455089820359284 0.4028213166144201 0.010853293413173653 0.01755485893416928
100 0.76936751497006 0.29467084639498436 0.007672155688622755 0.018808777429467086
120 0.1656062874251497 0.24075235109717869 0.009356287425149701 0.0219435736677116
8 0.2447604790419162 0.24263322884012542 0.00785928143712575 0.02445141065830721
120 0.10469685628742516 0.5639498432601882 0.009543413173652695 0.018808777429467086
59 0.2381175149700599 0.6421630094043888 0.012911676646706588 0.017868338557993732
8 0.7697417664670659 0.33855799373040757 0.009543413173652695 0.021316614420062698
201 0.30174026946107785 0.46677115987460815 0.007672155688622755 0.01316614420062696
7 0.15288173652694612 0.261128526645768 0.01122754491017964 0.01692789968652038
201 0.688622754491018 0.3608150470219436 0.010479041916167666 0.02006269592476489
8 0.438809880239521 0.46332288401253924 0.008982035928143714 0.01755485893416928
59 0.8007110778443114 0.2310344827586207 0.01534431137724551 0.018181818181818184
7 0.8700411676646707 0.3313479623824452 0.009917664670658683 0.01943573667711599
14 0.643244760479042 0.3195924764890282 0.011040419161676647 0.01598746081504702
161 0.8662986526946108 0.23009404388714735 0.0031811377245508986 0.010658307210031349
119 0.6939558383233533 0.2540752351097179 0.011414670658682636 0.017868338557993732
186 0.21379116766467068 0.40391849529780566 0.011788922155688624 0.014106583072100314
23 0.3105351796407186 0.4247648902821317 0.007672155688622755 0.01755485893416928
201 0.13108158682634732 0.6037617554858935 0.010291916167664672 0.01943573667711599
33 0.7903255988023953 0.4371473354231975 0.009917664670658683 0.01598746081504702
212 0.3823914670658683 0.3827586206896552 0.004678143712574851 0.018181818181818184
111 0.3572230538922156 0.4253918495297806 0.009356287425149701 0.018181818181818184
212 0.3044535928143713 0.6633228840125392 0.004491017964071857 0.02006269592476489
150 0.6198540419161677 0.42225705329153607 0.012911676646706588 0.015673981191222573
100 0.23699476047904194 0.604858934169279 0.005426646706586827 0.020376175548589344
225 0.31736526946107785 0.3420062695924765 0.009356287425149701 0.018808777429467086
119 0.27049026946107785 0.5269592476489029 0.008420658682634731 0.01943573667711599
17 0.18216691616766467 0.36300940438871476 0.009917664670658683 0.021316614420062698
150 0.22043413173652696 0.5233542319749217 0.01160179640718563 0.01974921630094044
8 0.7992140718562875 0.35564263322884015 0.010479041916167666 0.017868338557993732
150 0.5913173652694611 0.4647335423197492 0.010853293413173653 0.016614420062695926
8 0.641747754491018 0.3415360501567398 0.008794910179640719 0.014733542319749217
8 0.5716691616766467 0.36191222570532916 0.009356287425149701 0.021003134796238245
201 0.6320172155688624 0.29968652037617555 0.009543413173652695 0.01692789968652038
8 0.7246444610778443 0.31536050156739814 0.008420658682634731 0.01755485893416928
100 0.7926646706586827 0.2749216300940439 0.0074850299401197605 0.018808777429467086
45 0.6758982035928144 0.3799373040752351 0.013847305389221558 0.018808777429467086
212 0.36835703592814373 0.5642633228840126 0.005052395209580838 0.020689655172413793
201 0.8483345808383234 0.47680250783699063 0.009917664670658683 0.01755485893416928
8 0.14165419161676648 0.5028213166144201 0.00785928143712575 0.01755485893416928
212 0.6758982035928144 0.33793103448275863 0.006362275449101797 0.02006269592476489
59 0.6075973053892216 0.4230407523510972 0.013098802395209582 0.017241379310344827