45 0.7924711675521576 0.8200399569694174 0.014902164053388624 0.016290149070232057
8 0.5063496177270961 0.6913324112494237 0.025009718802643514 0.036114953127401254
45 0.5794998056239472 0.5416474565852158 0.04379940391343787 0.036114953127401254
225 0.6117662304004147 0.6983248808974949 0.03058183231825839 0.03688335638543107
14 0.7410263055591552 0.6675119102504994 0.00971880264351432 0.012755494083294912
201 0.6339251004276274 0.7803135085292761 0.028767655824802386 0.036114953127401254
225 0.6743553194246469 0.7817734747195327 0.024361798626409227 0.034731827262947594
45 0.574186860178826 0.6595973566927923 0.03809770636257613 0.03749807899185492
100 0.7735518984061164 0.6726602120792992 0.0071271219385771675 0.016597510373443983
23 0.43779966308150836 0.6149531274012602 0.02319554230918751 0.04134009528200399
23 0.7487365556563432 0.6659751037344398 0.008552546326292602 0.012755494083294912
23 0.770312297524945 0.8148148148148148 0.012828819489438903 0.017826955586291684
33 0.6813528573279772 0.664668818195789 0.011144227031229753 0.014138619947748577
120 0.530063496177271 0.6927923774396803 0.02371387845017494 0.03749807899185492
212 0.7471815472333809 0.8617642538804364 0.011921731242710898 0.016751191025049943
111 0.5861085914215369 0.7718610726909482 0.025657638978877805 0.03980328876594436
212 0.7945445121161073 0.8620716151836483 0.010755474925489181 0.020132165360381125
8 0.4953997667487366 0.6208698324880897 0.024361798626409227 0.03688335638543107
119 0.80536477905922 0.8214230828338711 0.011403395101723468 0.017212232979867834
150 0.5251393028378905 0.5803749807899184 0.03252559284696126 0.030889810972798522
201 0.7254114293119088 0.8614568925772245 0.008293378255798886 0.013677577992930689
150 0.7663599844499158 0.6655140617796219 0.011662563172217184 0.014907023205778391
14 0.7799663081508359 0.8610726909482096 0.01943760528702864 0.01936376210235131
100 0.44155760010366724 0.5792223759028737 0.016975508617338344 0.03903488550791455
59 0.46656731890631076 0.6175656984785615 0.03071141635350525 0.039188566159520516
14 0.49915770377089547 0.5785308129706469 0.033173513023195544 0.03765175964346088
14 0.5625890890242322 0.619409866297833 0.026305559155112093 0.03550023052097741
201 0.6452637035117273 0.7439680344244659 0.03382143319942983 0.03534654986937144
14 0.5851367111571855 0.8124327647149223 0.03122975249449268 0.038266482249884735
119 0.7199688998315408 0.7825418779775626 0.033173513023195544 0.03903488550791455
23 0.7345471037968123 0.859305363454741 0.013347155630426332 0.02351313969571231
33 0.4709731761047039 0.5335792223759028 0.029415576001036673 0.03903488550791455
120 0.7143319942983025 0.8566927923774396 0.01671634054684463 0.020132165360381125
150 0.6689775819619024 0.6636698939603504 0.013087987559932616 0.013984939296142614
119 0.7616949591810289 0.8613032119256185 0.016586756511597772 0.021054249270016902
8 0.6982635739276921 0.6632088520055325 0.009977970714008034 0.013677577992930689
201 0.6114422703122976 0.8171968649147072 0.03252559284696126 0.0318118948824343
201 0.5817675262407672 0.6957123098201936 0.029415576001036673 0.03626863377900722
100 0.7786056757807439 0.8203473182726294 0.009459634573020605 0.020593207315199015
201 0.6849164182972658 0.6559090210542492 0.0071271219385771675 0.010450284309205471
23 0.7543734611895815 0.7861533732903027 0.014642995982894908 0.021668971876440755
201 0.7337695995853312 0.6638235746119563 0.01023713878450175 0.01429230059935454
120 0.7199688998315408 0.6664361456892577 0.01244006738369833 0.014907023205778391
17 0.7678502008552547 0.7876901798063624 0.015420500194376054 0.02474258490856001
119 0.5888946481793443 0.7355924389119409 0.03252559284696126 0.036114953127401254
8 0.49507580666061946 0.5342707853081297 0.026305559155112093 0.041954817888427844
59 0.7980432810677724 0.7908406331642845 0.01878968511079435 0.017826955586291684
100 0.5469742127769859 0.540955893652989 0.01995594142801607 0.040571692023974176
119 0.6211610729558119 0.5843706777316735 0.029415576001036673 0.041954817888427844
212 0.6939873007645458 0.7821576763485476 0.017493844758325775 0.03396342400491778
212 0.4481015938836336 0.5371907176886429 0.02254762213295322 0.04349162440448747
45 0.5313593365297395 0.6168741355463346 0.04626150058312816 0.03165821423082833
150 0.4662433588181936 0.5755340402643306 0.030063496177270964 0.03319502074688797
161 0.6070364131139044 0.7788535423390195 0.027601399507580667 0.040571692023974176
225 0.6063884929376702 0.6625172890733056 0.026305559155112093 0.03012140771476871
14 0.6139043669819878 0.7402796987859228 0.027601399507580667 0.03534654986937144
225 0.6661267331864714 0.8227293683725219 0.029415576001036673 0.038266482249884735
107 0.5225476221329532 0.5371907176886429 0.03122975249449268 0.04349162440448747
59 0.7569003498768953 0.8145842938374058 0.020215109498509784 0.016751191025049943
100 0.552287158222107 0.5847548793606885 0.018141764934560062 0.04272322114645766
120 0.7087598807826876 0.6630551713539264 0.012828819489438903 0.014599661902566466
186 0.7565763897887781 0.6688181957891501 0.01023713878450175 0.01260181343168895
161 0.6386549177141376 0.8186568311049638 0.029415576001036673 0.042108498540033804
23 0.5863677594920306 0.6227140003073612 0.02254762213295322 0.03165821423082833
8 0.7815213165737982 0.7894575072998309 0.016327588441104057 0.015675426463808206
225 0.6113774782946741 0.6271707392039342 0.028767655824802386 0.03749807899185492
212 0.6536866658027731 0.7803903488550791 0.01567966826486977 0.03319502074688797
45 0.5835817027342232 0.5807591824189334 0.041855643384735006 0.03903488550791455
120 0.5529350783983413 0.6960965114492085 0.024361798626409227 0.04134009528200399