225 0.8015350877192982 0.6326078194276502 0.09429824561403508 0.03345425231761387
201 0.7330043859649122 0.6866182990729545 0.13925438596491227 0.04796453043127771
59 0.8410087719298245 0.7406287787182588 0.1337719298245614 0.04554615074566707
23 0.7297149122807017 0.7394195888754534 0.11293859649122806 0.04070939137444579
8 0.7828947368421052 0.3176138653768642 0.10526315789473684 0.06529625151148731
7 0.7905701754385964 0.48347440548166065 0.14473684210526316 0.05199516324062878
7 0.7675438596491228 0.5844417573559049 0.12280701754385964 0.03869407496977026
150 0.7861842105263157 0.3780733575171302 0.1293859649122807 0.04514308746473197
212 0.7149122807017544 0.6338170092704555 0.05043859649122807 0.034260378879484084
161 0.8399122807017544 0.6850060459492141 0.08114035087719298 0.04232164449818622
150 0.7916666666666666 0.16928657799274488 0.13157894736842105 0.042724707779121324
8 0.8432017543859649 0.841596130592503 0.12061403508771928 0.04433696090286175
45 0.8075657894736842 0.4296654574768239 0.17653508771929824 0.046755340588472395
33 0.7702850877192982 0.5358726320032245 0.1370614035087719 0.04554615074566707
14 0.7291666666666666 0.7904070939137445 0.13157894736842105 0.04353083434099154
33 0.7341008771929824 0.8419991938734381 0.15021929824561403 0.04030632809351068
45 0.8530701754385964 0.7920193470374849 0.12061403508771928 0.042724707779121324