120 0.47911227154047 0.26237373737373737 0.04264577893820713 0.02878787878787879
59 0.3124456048738033 0.44722222222222224 0.050478677110530897 0.0297979797979798
59 0.5422106179286336 0.4583333333333333 0.05918189730200174 0.024747474747474747
225 0.6488250652741514 0.4318181818181818 0.040905134899912966 0.01919191919191919
201 0.65970409051349 0.5595959595959596 0.04525674499564839 0.023232323232323233
23 0.5108790252393386 0.07803030303030303 0.04003481288076588 0.024747474747474747
100 0.4899912967798085 0.423989898989899 0.0278503046127067 0.025757575757575757
225 0.5387293298520452 0.3595959595959596 0.038294168842471714 0.025252525252525252
23 0.4521322889469103 0.3573232323232323 0.0391644908616188 0.024747474747474747
161 0.45343777197563095 0.5474747474747474 0.04351610095735422 0.028282828282828285
119 0.3533507397737163 0.38686868686868686 0.05744125326370757 0.031313131313131314
201 0.49869451697127937 0.35833333333333334 0.04003481288076588 0.02070707070707071
8 0.5339425587467362 0.4871212121212121 0.04612706701479547 0.02878787878787879
177 0.5813751087902523 0.49318181818181817 0.04177545691906005 0.02878787878787879
23 0.5918189730200174 0.46035353535353535 0.04177545691906005 0.024747474747474747
201 0.469538729329852 0.19393939393939394 0.047867711053089644 0.025252525252525252
201 0.3498694516971279 0.42045454545454547 0.04699738903394256 0.024747474747474747
212 0.5047867711053089 0.19545454545454546 0.022628372497824196 0.02727272727272727
8 0.5221932114882506 0.42348484848484846 0.04003481288076588 0.024747474747474747
8 0.5165361183637945 0.13636363636363635 0.0391644908616188 0.022222222222222223
119 0.36466492602262834 0.48383838383838385 0.04351610095735422 0.02727272727272727
8 0.6218450826805918 0.4952020202020202 0.044386422976501305 0.02878787878787879
201 0.5887728459530026 0.39116161616161615 0.03568320278503046 0.022727272727272728
212 0.5243690165361183 0.3287878787878788 0.026979982593559618 0.02727272727272727
150 0.4560487380330722 0.45075757575757575 0.04003481288076588 0.02070707070707071
119 0.6061792863359443 0.5573232323232323 0.054830287206266315 0.025757575757575757
201 0.5348128807658834 0.22904040404040404 0.047867711053089644 0.023737373737373738
120 0.26675369886858136 0.38333333333333336 0.03742384682332463 0.03434343434343434
119 0.5052219321148825 0.2957070707070707 0.04960835509138381 0.024747474747474747
23 0.4917319408181027 0.5146464646464647 0.03655352480417755 0.025252525252525252
120 0.47389033942558745 0.38737373737373737 0.0391644908616188 0.023232323232323233
23 0.3050478677110531 0.41868686868686866 0.04264577893820713 0.024242424242424242
161 0.5526544821583986 0.10808080808080808 0.04177545691906005 0.029292929292929294
8 0.4373368146214099 0.3881313131313131 0.0391644908616188 0.03484848484848485
225 0.5374238468233247 0.19873737373737374 0.040905134899912966 0.027777777777777776
33 0.448651000870322 0.328030303030303 0.040905134899912966 0.025757575757575757
23 0.5509138381201044 0.3886363636363636 0.03655352480417755 0.026767676767676767
23 0.3629242819843342 0.447979797979798 0.04351610095735422 0.030303030303030304
212 0.46431679721496955 0.42247474747474745 0.018276762402088774 0.024747474747474747
201 0.2671888598781549 0.44671717171717173 0.04525674499564839 0.02878787878787879
120 0.45082680591818974 0.5136363636363637 0.04525674499564839 0.024242424242424242
59 0.4712793733681462 0.1345959595959596 0.051348999129677976 0.023737373737373738
23 0.49869451697127937 0.4535353535353535 0.04177545691906005 0.022222222222222223
59 0.5348128807658834 0.5181818181818182 0.047867711053089644 0.021212121212121213
107 0.3368146214099217 0.5103535353535353 0.060922541340295906 0.027777777777777776
17 0.6118363794604004 0.5244949494949495 0.04525674499564839 0.026767676767676767
212 0.5474325500435161 0.1361111111111111 0.024369016536118362 0.023737373737373738
8 0.45691906005221933 0.48282828282828283 0.04177545691906005 0.028282828282828285
23 0.5195822454308093 0.2633838383838384 0.03307223672758921 0.025757575757575757
119 0.2885117493472585 0.5065656565656566 0.04612706701479547 0.026262626262626262
23 0.5134899912967797 0.10404040404040404 0.034812880765883375 0.025252525252525252
8 0.48781549173194083 0.3282828282828283 0.044386422976501305 0.030303030303030304
23 0.5496083550913838 0.2964646464646465 0.0391644908616188 0.023232323232323233
14 0.4834638816362054 0.2244949494949495 0.054830287206266315 0.025757575757575757
201 0.5539599651871192 0.5532828282828283 0.040905134899912966 0.025757575757575757
59 0.5452567449956484 0.07878787878787878 0.03742384682332463 0.024242424242424242
7 0.6344647519582245 0.4643939393939394 0.04351610095735422 0.021717171717171718
33 0.2619669277632724 0.41843434343434344 0.03655352480417755 0.027777777777777776
107 0.29765013054830286 0.4777777777777778 0.048738033072236724 0.024242424242424242
212 0.33159268929503916 0.4803030303030303 0.019147084421235857 0.025252525252525252
212 0.5791993037423847 0.5227272727272727 0.030461270670147953 0.025252525252525252
107 0.33115752828546563 0.5441919191919192 0.058311575282854654 0.02878787878787879
14 0.46866840731070497 0.1643939393939394 0.04264577893820713 0.025757575757575757
120 0.5143603133159269 0.3888888888888889 0.038294168842471714 0.026262626262626262
23 0.2558746736292428 0.472979797979798 0.0278503046127067 0.026767676767676767
201 0.510443864229765 0.16590909090909092 0.0391644908616188 0.02070707070707071
8 0.28111401218450827 0.5429292929292929 0.04351610095735422 0.02727272727272727
225 0.500870322019147 0.48434343434343435 0.04264577893820713 0.025252525252525252
23 0.438207136640557 0.4217171717171717 0.03394255874673629 0.022222222222222223
201 0.459094865100087 0.2926767676767677 0.03742384682332463 0.018686868686868686
212 0.5487380330722367 0.16818181818181818 0.026979982593559618 0.023232323232323233
59 0.5043516100957354 0.5510101010101011 0.058311575282854654 0.028282828282828285