212 0.503370786516854 0.37183811129848227 0.021348314606741574 0.0775716694772344
119 0.7724719101123596 0.36340640809443503 0.05168539325842697 0.06408094435075885
212 0.4814606741573034 0.6222596964586846 0.038202247191011236 0.06070826306913996
100 0.5632022471910113 0.5497470489038786 0.02303370786516854 0.05902192242833052
150 0.3887640449438203 0.2487352445193929 0.040449438202247195 0.05733558178752107
201 0.7657303370786518 0.24030354131534568 0.038202247191011236 0.06913996627318718
201 0.6146067415730337 0.49494097807757165 0.03932584269662922 0.0657672849915683
23 0.7823033707865169 0.6062394603709949 0.026404494382022473 0.05227655986509275
177 0.703932584269663 0.6867622259696459 0.03483146067415731 0.05986509274873524
212 0.5831460674157304 0.5505902192242833 0.015730337078651686 0.05396290050590219
9 0.58061797752809 0.49156829679595276 0.026404494382022473 0.05733558178752107
201 0.6030898876404495 0.3676222596964587 0.030898876404494385 0.04890387858347386
161 0.5008426966292135 0.43043844856661045 0.03314606741573034 0.061551433389544684
201 0.5570224719101124 0.49072512647554806 0.01966292134831461 0.05564924114671163
212 0.7011235955056181 0.6091905564924114 0.02808988764044944 0.0699831365935919
120 0.7300561797752809 0.613406408094435 0.032022471910112364 0.06829679595278246
186 0.5053370786516854 0.24494097807757165 0.04213483146067416 0.04974704890387858
150 0.727808988764045 0.2369308600337268 0.044382022471910115 0.07251264755480606
120 0.7553370786516854 0.6112984822934232 0.026404494382022473 0.062394603709949405
161 0.6581460674157303 0.48946037099494094 0.02977528089887641 0.05480607082630691
8 0.6696629213483146 0.6897133220910624 0.02471910112359551 0.05733558178752107
150 0.6879213483146068 0.30860033726812813 0.04325842696629214 0.05396290050590219
14 0.3831460674157304 0.49578414839797635 0.03707865168539326 0.04890387858347386
225 0.4435393258426967 0.30607082630691396 0.032022471910112364 0.05902192242833052
212 0.3396067415730337 0.44266441821247887 0.025280898876404497 0.06070826306913996
14 0.6926966292134832 0.542158516020236 0.04494382022471911 0.05396290050590219
161 0.2851123595505618 0.3827993254637437 0.03764044943820225 0.050590219224283306
177 0.30926966292134833 0.3216694772344013 0.04887640449438203 0.06492411467116357
45 0.3460674157303371 0.6285834738617201 0.04382022471910113 0.043001686340640805
23 0.35421348314606743 0.4945193929173693 0.027528089887640453 0.046374367622259695
177 0.31713483146067417 0.3853288364249578 0.032022471910112364 0.05227655986509275
225 0.7348314606741574 0.4245362563237774 0.02808988764044944 0.043001686340640805
120 0.35308988764044946 0.24957841483979762 0.036516853932584276 0.05227655986509275
23 0.5808988764044944 0.6930860033726812 0.03483146067415731 0.062394603709949405
107 0.5382022471910113 0.36551433389544685 0.05730337078651686 0.0581787521079258
150 0.4469101123595506 0.5442664418212478 0.04213483146067416 0.0581787521079258
225 0.3797752808988764 0.3790050590219224 0.02696629213483146 0.05311973018549747
212 0.780056179775281 0.43887015177065763 0.024157303370786518 0.08516020236087689
201 0.5634831460674158 0.6222596964586846 0.02808988764044944 0.0657672849915683
150 0.5162921348314607 0.698566610455312 0.03707865168539326 0.06661045531197302
23 0.5623595505617978 0.433389544688027 0.035955056179775284 0.0657672849915683
8 0.6558988764044944 0.3684654300168634 0.04887640449438203 0.05396290050590219
8 0.47078651685393264 0.30522765598650925 0.030337078651685397 0.05564924114671163
120 0.49775280898876406 0.30354131534569984 0.02808988764044944 0.05564924114671163
150 0.36516853932584276 0.5522765598650927 0.040449438202247195 0.05396290050590219
33 0.7292134831460675 0.3081787521079258 0.040449438202247195 0.05311973018549747
107 0.27640449438202247 0.2588532883642496 0.038202247191011236 0.05564924114671163
212 0.4460674157303371 0.372681281618887 0.029213483146067417 0.050590219224283306
119 0.4929775280898877 0.5459527824620573 0.04325842696629214 0.05986509274873524
33 0.41460674157303373 0.623946037099494 0.019101123595505618 0.08600337268128161
212 0.5379213483146068 0.6209949409780775 0.027528089887640453 0.061551433389544684
225 0.7941011235955057 0.2436762225969646 0.02977528089887641 0.06408094435075885
23 0.6202247191011236 0.31155143338954466 0.035955056179775284 0.04974704890387858
23 0.73061797752809 0.36340640809443503 0.03314606741573034 0.045531197301854974
33 0.5935393258426966 0.4295952782462057 0.032022471910112364 0.05986509274873524
169 0.6941011235955057 0.36340640809443503 0.030898876404494385 0.062394603709949405
100 0.5741573033707865 0.36804384485666103 0.02359550561797753 0.05480607082630691
212 0.6553370786516854 0.23735244519392917 0.027528089887640453 0.07335581787521078
45 0.2856741573033708 0.44266441821247887 0.04325842696629214 0.047217537942664416
33 0.5485955056179775 0.7015177065767284 0.026404494382022473 0.062394603709949405
8 0.3705056179775281 0.43929173693086 0.03764044943820225 0.05564924114671163
120 0.4435393258426967 0.4890387858347386 0.036516853932584276 0.05564924114671163
8 0.4435393258426967 0.6285834738617201 0.03539325842696629 0.05311973018549747
212 0.4165730337078652 0.24578414839797638 0.017415730337078654 0.0581787521079258
186 0.5216292134831461 0.6256323777403036 0.03876404494382023 0.07251264755480606
120 0.7977528089887641 0.3073355817875211 0.035955056179775284 0.05143338954468803
14 0.5356741573033709 0.4898819561551433 0.025280898876404497 0.05564924114671163
23 0.7345505617977529 0.5370994940978078 0.04101123595505618 0.050590219224283306
120 0.6845505617977529 0.4865092748735244 0.034269662921348316 0.05902192242833052
150 0.7151685393258428 0.48187183811129847 0.038202247191011236 0.05480607082630691
7 0.6542134831460674 0.3077571669477234 0.025280898876404497 0.05396290050590219
150 0.3199438202247191 0.24915682967959527 0.034269662921348316 0.05986509274873524
111 0.5348314606741573 0.30607082630691396 0.03146067415730337 0.050590219224283306
23 0.7047752808988764 0.42158516020236086 0.036516853932584276 0.05564924114671163
23 0.7570224719101124 0.3048060708263069 0.04213483146067416 0.061551433389544684
23 0.5455056179775282 0.24494097807757165 0.025842696629213485 0.0581787521079258
23 0.4727528089887641 0.4890387858347386 0.024157303370786518 0.062394603709949405
119 0.6660112359550563 0.42411467116357504 0.04101123595505618 0.05902192242833052
23 0.5334269662921349 0.5476391231028668 0.036516853932584276 0.05649241146711635
177 0.6671348314606742 0.6214165261382799 0.03764044943820225 0.062394603709949405
120 0.6887640449438203 0.24030354131534568 0.038202247191011236 0.06745362563237774
212 0.6233146067415731 0.3705733558178752 0.012921348314606743 0.061551433389544684
100 0.3129213483146068 0.634485666104553 0.022471910112359553 0.05649241146711635
119 0.6632022471910113 0.5430016863406408 0.026404494382022473 0.05396290050590219
23 0.5115168539325843 0.4856661045531197 0.026404494382022473 0.06745362563237774
201 0.3974719101123596 0.31323777403035413 0.030898876404494385 0.04974704890387858
45 0.5747191011235956 0.2445193929173693 0.03483146067415731 0.05733558178752107
14 0.31938202247191017 0.5577571669477234 0.03539325842696629 0.043001686340640805
23 0.5643258426966292 0.3077571669477234 0.02303370786516854 0.050590219224283306
161 0.6323033707865169 0.43549747048903875 0.03539325842696629 0.061551433389544684
212 0.48876404494382025 0.4898819561551433 0.015730337078651686 0.062394603709949405
119 0.7988764044943821 0.4211635750421585 0.03146067415730337 0.05480607082630691
23 0.4106741573033708 0.49030354131534565 0.029213483146067417 0.05143338954468803
8 0.3514044943820225 0.3777403035413153 0.034269662921348316 0.045531197301854974
177 0.5269662921348315 0.43128161888701516 0.02808988764044944 0.05986509274873524
8 0.6401685393258427 0.5459527824620573 0.026404494382022473 0.05143338954468803
119 0.3876404494382023 0.634485666104553 0.03707865168539326 0.0581787521079258
14 0.4379213483146068 0.433389544688027 0.032022471910112364 0.05227655986509275
225 0.6151685393258427 0.616779089376054 0.03370786516853933 0.07504215851602024
8 0.35337078651685394 0.31492411467116355 0.040449438202247195 0.0581787521079258
8 0.4384831460674158 0.24620573355817874 0.02865168539325843 0.05733558178752107
186 0.4758426966292135 0.36467116357504215 0.038202247191011236 0.048060708263069137
225 0.7612359550561798 0.4211635750421585 0.020224719101123598 0.05480607082630691
23 0.46825842696629216 0.4325463743676222 0.02977528089887641 0.05227655986509275
8 0.41348314606741576 0.37015177065767285 0.03932584269662922 0.04890387858347386
8 0.5926966292134832 0.24283305227655985 0.02471910112359551 0.05733558178752107
14 0.4050561797752809 0.5463743676222597 0.038202247191011236 0.05733558178752107
100 0.3143258426966292 0.4456155143338954 0.02865168539325843 0.07166947723440134
8 0.6429775280898877 0.6007588532883642 0.017415730337078654 0.05986509274873524
177 0.6207865168539326 0.24536256323777403 0.03707865168539326 0.05564924114671163