186 0.39636163175303196 0.20876855415063222 0.05622932745314223 0.03051126992853216
161 0.6369900771775083 0.21110500274876307 0.046857772877618525 0.031335898845519516
201 0.6003307607497244 0.5677570093457944 0.04851157662624035 0.023364485981308414
120 0.42116868798235946 0.3882627817482133 0.04961411245865491 0.03216052776250687
225 0.5565049614112458 0.38798790544255085 0.051267916207276734 0.025563496426608028
225 0.46664829106945976 0.43238042880703687 0.047960308710033074 0.024738867509620673
212 0.50909592061742 0.4333424958768554 0.03031973539140022 0.026663001649257834
225 0.6425027563395811 0.3424958768554151 0.044652701212789414 0.02418911489829577
201 0.42254685777287765 0.7058823529411765 0.050165380374862185 0.028587135788894998
225 0.4189636163175303 0.4351291918636614 0.037486218302094816 0.02583837273227048
201 0.4683020948180816 0.3870258383727323 0.046857772877618525 0.028037383177570093
17 0.45424476295479604 0.5222649807586586 0.040793825799338476 0.023639362286970864
212 0.5121278941565601 0.38771302913688843 0.03307607497243661 0.027762506871907643
8 0.49972436604189635 0.5222649807586586 0.04906284454244763 0.022539857064321055
8 0.42778390297684676 0.6595656954370533 0.05512679162072767 0.026113249037932933
33 0.37183020948180817 0.7064321055525014 0.04244762954796031 0.030786146234194615
23 0.4517640573318633 0.4793842770753161 0.04244762954796031 0.02418911489829577
8 0.6615214994487321 0.47361187465640464 0.04410143329658214 0.029136888400219902
9 0.6405733186328556 0.38771302913688843 0.03307607497243661 0.03271028037383178
212 0.3814773980154355 0.38688840021990106 0.03528114663726571 0.029411764705882353
212 0.5366593164277839 0.2097306212204508 0.02701212789415656 0.030786146234194615
111 0.6934950385887542 0.21440351841671249 0.04630650496141125 0.03023639362286971
23 0.5515435501653804 0.2967289719626168 0.044652701212789414 0.027762506871907643
8 0.4432194046306505 0.2970038482682793 0.05071664829106946 0.027212754260582738
186 0.43991179713340683 0.3409840571742716 0.06725468577728776 0.025563496426608028
33 0.5055126791620728 0.4793842770753161 0.05181918412348401 0.024738867509620673
23 0.6121830209481808 0.4327927432655305 0.0545755237045204 0.025563496426608028
212 0.6025358324145534 0.3855140186915888 0.04630650496141125 0.042605827377680046
119 0.5209481808158766 0.258521165475536 0.08048511576626241 0.025013743815283124
8 0.5267364939360529 0.7050577240241891 0.056780595369349506 0.028037383177570093
119 0.3712789415656009 0.3424958768554151 0.060088202866593166 0.027487630566245192
161 0.6675854465270121 0.3008521165475536 0.0474090407938258 0.03271028037383178
8 0.49889746416758546 0.5678944474986256 0.05071664829106946 0.026388125343595383
23 0.6764057331863286 0.5191039032435404 0.037486218302094816 0.027212754260582738
201 0.6601433296582139 0.43238042880703687 0.04906284454244763 0.02583837273227048
7 0.5540242557883132 0.43457943925233644 0.05071664829106946 0.024738867509620673
111 0.6386438809261301 0.5174546454095658 0.047960308710033074 0.026663001649257834
7 0.6769570011025359 0.5637713029136888 0.04299889746416759 0.024738867509620673
212 0.5661521499448732 0.6613523914238593 0.037486218302094816 0.02308960967564596
169 0.6080485115766262 0.47594832325453545 0.05512679162072767 0.044804837822979664
23 0.4506615214994487 0.20821880153930733 0.046857772877618525 0.026113249037932933
212 0.4616868798235943 0.2582462891698736 0.02701212789415656 0.026663001649257834
212 0.7803197353914002 0.21440351841671249 0.043550165380374865 0.032985156679494226
119 0.3373759647188534 0.2949422759758109 0.03528114663726571 0.02583837273227048
120 0.49944873208379276 0.2967289719626168 0.06284454244762955 0.02886201209455745
100 0.6229327453142227 0.6553051126992854 0.0474090407938258 0.029136888400219902
161 0.5898566703417861 0.2600329851566795 0.06284454244762955 0.027487630566245192
8 0.681367144432194 0.6124244090159429 0.05512679162072767 0.032985156679494226
8 0.668412348401323 0.655717427157779 0.044652701212789414 0.02446399120395822
23 0.5424476295479603 0.6608026388125344 0.05292171995589857 0.02583837273227048
186 0.3748621830209482 0.6603903243540407 0.04520396912899669 0.02281473336998351
8 0.3721058434399118 0.2567344694887301 0.03858875413450937 0.03023639362286971
201 0.49889746416758546 0.20890599230346346 0.04299889746416759 0.025288620120945574
33 0.38891951488423376 0.29562946673996704 0.060088202866593166 0.027762506871907643
201 0.6094266813671444 0.29824079164376033 0.060088202866593166 0.02583837273227048
33 0.6458103638368247 0.2609950522264981 0.050165380374862185 0.026113249037932933
100 0.6888092613009923 0.703133589884552 0.038037486218302094 0.030786146234194615
212 0.5644983461962514 0.61434854315558 0.03197353914002205 0.031885651456844424
225 0.42144432194046305 0.25907091808686095 0.05788313120176406 0.025563496426608028
201 0.5567805953693495 0.47691039032435406 0.04410143329658214 0.02199010445299615
177 0.484013230429989 0.6608026388125344 0.05733186328555678 0.026937877954920288
23 0.6452590959206175 0.7002473886750963 0.04244762954796031 0.02446399120395822
8 0.7392502756339581 0.21412864211105004 0.04189636163175303 0.030786146234194615
225 0.5482359426681367 0.5218526663001649 0.044652701212789414 0.023364485981308414
23 0.37265711135611906 0.4325178669598681 0.04299889746416759 0.026113249037932933
23 0.5948180815876516 0.5181418361737219 0.03528114663726571 0.02308960967564596
23 0.5937155457552371 0.34304562946674 0.0474090407938258 0.02308960967564596
111 0.4087651598676957 0.4814458493677845 0.044652701212789414 0.027212754260582738
225 0.47436604189636167 0.7067069818581638 0.041345093715545754 0.032985156679494226
14 0.5432745314222712 0.3405717427157779 0.060088202866593166 0.020890599230346345
119 0.5895810363836825 0.7036833424958768 0.06119073869900772 0.02418911489829577
100 0.5493384785005513 0.5698185816382628 0.044652701212789414 0.028587135788894998
23 0.49393605292171994 0.3456569543705333 0.04299889746416759 0.02446399120395822
59 0.61438809261301 0.6140736668499176 0.07772877618522601 0.03023639362286971
150 0.5162624035281147 0.6176470588235294 0.05898566703417861 0.025288620120945574