33 0.38375165125495375 0.6068082448469706 0.11228533685601057 0.06808244846970643
201 0.16842800528401586 0.7595252966895689 0.13606340819022458 0.0637101811367895
120 0.5052840158520475 0.4478450968144909 0.12285336856010567 0.06495940037476577
100 0.631439894319683 0.6786383510306059 0.10039630118890357 0.07183010618363522
8 0.12747688243064728 0.6892567145534041 0.130779392338177 0.07058088694565896
212 0.5759577278731837 0.594316052467208 0.05812417437252312 0.05808869456589631
9 0.7311756935270806 0.5068707058088694 0.1096433289299868 0.07557776389756402
45 0.6479524438573315 0.20737039350405995 0.16512549537648613 0.04497189256714553
119 0.4464993394980185 0.8313554028732042 0.11624834874504623 0.057464084946908175
8 0.8381770145310437 0.5103060587133041 0.1096433289299868 0.06870705808869457
201 0.35402906208718626 0.8263585259212991 0.07397622192866579 0.0462211118051218
77 0.5402906208718626 0.5209244222361024 0.13738441215323646 0.0811992504684572
225 0.8659180977542933 0.28232354778263585 0.08058124174372523 0.0637101811367895
23 0.5660501981505944 0.8210493441599 0.10435931307793923 0.056839475327920046
7 0.8408190224570674 0.5893191755153029 0.12813738441215325 0.06433479075577764
23 0.6472919418758256 0.5915053091817614 0.095112285336856 0.05371642723297938
212 0.6439894319682959 0.5099937539038101 0.07793923381770146 0.06433479075577764
119 0.2430647291941876 0.6833229231730168 0.12417437252311757 0.05871330418488444
186 0.3989431968295905 0.3707058088694566 0.11360634081902246 0.05559025608994378
45 0.6651254953764861 0.7423485321673954 0.14398943196829592 0.05059337913803872
14 0.6571994715984149 0.0702685821361649 0.12285336856010567 0.056839475327920046
201 0.8243064729194187 0.6705184259837601 0.10039630118890357 0.061836352279825105
119 0.8011889035667107 0.7410993129294191 0.14134742404227213 0.0655840099937539
225 0.5191545574636725 0.13429106808244845 0.095112285336856 0.04122423485321674
107 0.3896961690885073 0.6839475327920049 0.16116248348745046 0.061211742660836975
119 0.7945838837516512 0.20487195502810743 0.14398943196829592 0.061211742660836975
8 0.27873183619550856 0.5393504059962523 0.0977542932628798 0.05808869456589631
23 0.5277410832232496 0.6752029981261711 0.1202113606340819 0.061211742660836975
161 0.2846763540290621 0.3675827607745159 0.11756935270805813 0.04934415990006246
225 0.7311756935270806 0.5843222985633978 0.10435931307793923 0.05434103685196752
107 0.261558784676354 0.8266708307307932 0.11624834874504623 0.04934415990006246
45 0.630779392338177 0.13148032479700186 0.16512549537648613 0.04184884447220487
225 0.5812417437252312 0.27857589006870703 0.10303830911492734 0.06246096189881324
201 0.6624834874504624 0.8219862585883823 0.10700132100396301 0.05871330418488444
8 0.2985468956406869 0.21361648969394129 0.11360634081902246 0.05496564647095565
23 0.27344782034346105 0.6080574640849469 0.11360634081902246 0.056839475327920046
23 0.7344782034346103 0.6680199875078076 0.10303830911492734 0.0655840099937539
225 0.5488771466314399 0.06620861961274203 0.10171730515191546 0.048719550281074324
100 0.4332892998678996 0.29262960649594 0.07661822985468957 0.07557776389756402
23 0.49273447820343463 0.7467207995003122 0.10303830911492734 0.06308557151780136
23 0.6202113606340819 0.44316052467207995 0.10700132100396301 0.0655840099937539
212 0.5640686922060766 0.7495315427857588 0.06340819022457067 0.05996252342286071
14 0.14795244385733158 0.6052467207995003 0.1083223249669749 0.06870705808869457
119 0.7846763540290621 0.127420362273579 0.12681638044914134 0.0462211118051218
201 0.5171730515191546 0.20830730793254215 0.08586525759577279 0.05059337913803872
9 0.665785997357992 0.2854465958775765 0.095112285336856 0.0637101811367895
59 0.3976221928665786 0.5296689569019363 0.14795244385733158 0.05996252342286071
225 0.28797886393659183 0.7539038101186758 0.11096433289299867 0.06246096189881324
119 0.4035667107001321 0.20955652717051843 0.1334214002642008 0.06058713304184884
17 0.22985468956406868 0.29700187382885695 0.11096433289299867 0.06683322923173017
77 0.37912813738441214 0.7495315427857588 0.1215323645970938 0.10368519675202997
201 0.4986789960369881 0.282948157401624 0.07793923381770146 0.056214865708931916
8 0.7668428005284016 0.2801374141161774 0.12549537648612946 0.05309181761399125
100 0.5997357992073976 0.3653966271080574 0.06869220607661823 0.057464084946908175
23 0.3963011889035667 0.45783885071830105 0.11360634081902246 0.0674578388507183
107 0.3394980184940555 0.28981886321049344 0.12945838837516513 0.05871330418488444
77 0.2820343461030383 0.46595877576514677 0.1096433289299868 0.08369768894440974
8 0.5112285336856011 0.3666458463460337 0.10303830911492734 0.05996252342286071
8 0.4907529722589168 0.5993129294191131 0.11228533685601057 0.05309181761399125
23 0.6809775429326288 0.3603997501561524 0.09379128137384413 0.05496564647095565