119 0.14611624117327537 0.44131161236424393 0.06083650190114068 0.05137844611528822
59 0.50434546442151 0.37050960735171257 0.0755024443237371 0.03592314118629908
100 0.39299293862031504 0.8026315789473684 0.04617055947854427 0.04720133667502088
100 0.1670287887017925 0.38283208020050125 0.04617055947854427 0.049707602339181284
225 0.791689299293862 0.32309941520467833 0.07441607821835958 0.05137844611528822
161 0.4459532862574687 0.38283208020050125 0.05214557305812058 0.054720133667502086
100 0.27376425855513303 0.6299081035923141 0.058663769690385656 0.06599832915622389
14 0.2906029331884845 0.8022138680033416 0.058663769690385656 0.04051796157059315
150 0.2311243889190657 0.8011695906432748 0.06898424769147202 0.04427736006683375
201 0.13389462248777836 0.32539682539682535 0.05160239000543183 0.03508771929824561
119 0.14693101575230852 0.18170426065162906 0.062466051059206947 0.042606516290726815
8 0.7813688212927756 0.379281537176274 0.061379684953829436 0.045112781954887216
100 0.7914177077675176 0.2548036758563074 0.04888647474198805 0.05680868838763575
161 0.14149918522542096 0.6831662489557226 0.04399782726778924 0.04887218045112782
212 0.8207495926127104 0.38283208020050125 0.028245518739815314 0.049707602339181284
161 0.28028245518739814 0.5653717627401837 0.06735469853340575 0.06558061821219716
150 0.8153177620858229 0.18358395989974935 0.05105920695274307 0.046365914786967416
201 0.23058120586637695 0.560359231411863 0.050516023900054316 0.041353383458646614
225 0.178164041281912 0.8053467000835421 0.04997284084736556 0.04427736006683375
212 0.24035850081477456 0.6198830409356725 0.03204780010863661 0.05012531328320802
212 0.16892992938620313 0.3239348370927318 0.02607278652906029 0.035505430242272346
119 0.6175991309071156 0.3686299081035923 0.057577403585008145 0.043859649122807015
45 0.2259641499185225 0.7437343358395989 0.08147745790331341 0.04553049289891395
119 0.3001086366105377 0.7418546365914787 0.08093427485062465 0.050960735171261484
161 0.1186854970124932 0.5593149540517961 0.0494296577946768 0.05012531328320802
225 0.33785985877240626 0.5574352548036758 0.05431830526887561 0.043859649122807015
14 0.17870722433460073 0.5572263993316624 0.06192286800651819 0.03508771929824561
119 0.14611624117327537 0.6148705096073517 0.05431830526887561 0.04344193817878028
45 0.33568712656165123 0.617376775271512 0.06518196632265073 0.04344193817878028
59 0.3804997284084736 0.3748955722639933 0.09071156979902226 0.04553049289891395
14 0.18766974470396522 0.49937343358395986 0.07115697990222704 0.04553049289891395
225 0.9193373166757196 0.379281537176274 0.04617055947854427 0.04845446950710108
8 0.19907658881042908 0.6146616541353384 0.055947854426941876 0.04553049289891395
33 0.1273764258555133 0.3849206349206349 0.04073872895165671 0.04803675856307435
45 0.566811515480717 0.37009189640768586 0.06789788158609451 0.03592314118629908
45 0.14258555133079848 0.2403926482873851 0.061379684953829436 0.043859649122807015
8 0.8661053775122215 0.379281537176274 0.05920695274307441 0.050960735171261484
225 0.19961977186311786 0.68796992481203 0.050516023900054316 0.04594820384294068
225 0.1360673546985334 0.8059732664995822 0.03965236284627919 0.04302422723475355
8 0.44649646931015746 0.7967836257309941 0.06626833242802824 0.043859649122807015
150 0.34464964693101574 0.8015873015873015 0.05268875611080934 0.04678362573099415
8 0.3101575230852797 0.3765664160401002 0.05105920695274307 0.046365914786967416
212 0.23546985334057574 0.49937343358395986 0.03422053231939163 0.049707602339181284
150 0.14991852254209667 0.7454051796157058 0.0706137968495383 0.046365914786967416
201 0.2091254752851711 0.3836675020885547 0.044541010320478 0.03884711779448621
225 0.2596414991852254 0.37969924812030076 0.06518196632265073 0.04427736006683375
23 0.1632265073329712 0.8734335839598997 0.066811515480717 0.04177109440267335
225 0.13145029875067896 0.4991645781119465 0.04671374253123302 0.04427736006683375