14 0.6411411411411412 0.43931159420289856 0.13513513513513514 0.1539855072463768
201 0.3408408408408408 0.4375 0.07807807807807808 0.09601449275362318
23 0.5262762762762763 0.41847826086956524 0.0945945945945946 0.13043478260869565
23 0.6621621621621622 0.21195652173913043 0.06606606606606606 0.12681159420289856
23 0.6418918918918919 0.6503623188405797 0.07357357357357357 0.12318840579710146
201 0.3430930930930931 0.23369565217391305 0.06756756756756757 0.11594202898550725
212 0.2875375375375375 0.6603260869565217 0.052552552552552555 0.13949275362318841
111 0.7477477477477478 0.6557971014492754 0.12612612612612611 0.11956521739130435
107 0.15015015015015015 0.6612318840579711 0.1111111111111111 0.14130434782608695
107 0.24474474474474475 0.44565217391304346 0.1111111111111111 0.13043478260869565
201 0.5285285285285285 0.22644927536231885 0.07207207207207207 0.12318840579710146
119 0.3843843843843844 0.6530797101449275 0.13813813813813813 0.13949275362318841
100 0.23123123123123124 0.6648550724637681 0.04804804804804805 0.14855072463768115
144 0.8220720720720721 0.4257246376811594 0.14264264264264265 0.14130434782608695
119 0.7492492492492493 0.20471014492753623 0.15615615615615616 0.11956521739130435
59 0.5352852852852853 0.657608695652174 0.16666666666666666 0.14130434782608695
23 0.08033033033033032 0.4483695652173913 0.07957957957957958 0.14673913043478262
119 0.43543543543543545 0.23822463768115942 0.12012012012012012 0.125
212 0.1463963963963964 0.44565217391304346 0.06456456456456457 0.13043478260869565
23 0.37012012012012013 0.8722826086956522 0.0915915915915916 0.1286231884057971
150 0.75 0.05706521739130435 0.12462462462462462 0.08514492753623189
161 0.4271771771771772 0.45108695652173914 0.11561561561561562 0.14492753623188406
23 0.19519519519519518 0.22554347826086957 0.06306306306306306 0.14673913043478262
119 0.27627627627627627 0.8813405797101449 0.1021021021021021 0.1431159420289855
14 0.27177177177177175 0.23550724637681159 0.10510510510510511 0.11956521739130435
150 0.1111111111111111 0.2472826086956522 0.11411411411411411 0.125
212 0.7267267267267267 0.4365942028985507 0.04804804804804805 0.13768115942028986
225 0.5923423423423423 0.21557971014492755 0.06156156156156156 0.11956521739130435