23 0.6411570247933884 0.33607907742998355 0.029421487603305787 0.04612850082372323
8 0.30165289256198347 0.7808896210873146 0.0287603305785124 0.05518945634266886
8 0.3385123966942149 0.5483937397034596 0.033719008264462814 0.044892915980230645
100 0.4869421487603306 0.6793657331136738 0.02644628099173554 0.05230642504118616
144 0.29685950413223144 0.3694398682042834 0.037024793388429754 0.04612850082372323
201 0.20776859504132233 0.7129324546952224 0.03404958677685951 0.04118616144975289
23 0.5267768595041322 0.4421334431630972 0.030082644628099175 0.041598023064250415
201 0.40661157024793393 0.6149093904448105 0.025123966942148763 0.04695222405271829
119 0.5925619834710745 0.16865733113673806 0.04132231404958678 0.0457166392092257
23 0.3725619834710744 0.835667215815486 0.03239669421487604 0.04942339373970346
119 0.5358677685950414 0.49649917627677104 0.031735537190082645 0.05313014827018122
150 0.08793388429752066 0.5967874794069192 0.024462809917355374 0.04365733113673806
120 0.21586776859504134 0.4219522240527183 0.03107438016528926 0.039126853377265236
23 0.4170247933884298 0.3842668863261944 0.03801652892561984 0.04036243822075783
150 0.49140495867768597 0.5516886326194399 0.04198347107438017 0.0399505766062603
119 0.5890909090909091 0.3346375617792422 0.04165289256198348 0.04324546952224053
225 0.4836363636363637 0.6122322899505767 0.03107438016528926 0.05230642504118616
161 0.9173553719008265 0.2654448105436573 0.037685950413223146 0.04983525535420099
111 0.42677685950413224 0.43039538714991765 0.046280991735537194 0.042009884678747944
201 0.35173553719008266 0.6112026359143328 0.033719008264462814 0.04118616144975289
120 0.8105785123966943 0.4392504118616145 0.033719008264462814 0.05642504118616145
77 0.4553719008264463 0.6787479406919276 0.030743801652892564 0.07495881383855024
161 0.2290909090909091 0.717668863261944 0.02578512396694215 0.048187808896210875
8 0.7998347107438017 0.26441515650741354 0.04132231404958678 0.04036243822075783
119 0.33239669421487605 0.7813014827018122 0.04132231404958678 0.048599670510708404
150 0.31338842975206616 0.42689456342668863 0.03504132231404959 0.0399505766062603
100 0.29966942148760334 0.7162273476112027 0.02347107438016529 0.04365733113673806
45 0.4923966942148761 0.49897034596375617 0.05256198347107439 0.05724876441515651
225 0.4 0.667833607907743 0.033719008264462814 0.04654036243822076
150 0.49652892561983475 0.3807660626029654 0.03570247933884298 0.0399505766062603
119 0.4525619834710744 0.5475700164744646 0.0343801652892562 0.03747940691927512
119 0.6127272727272728 0.44316309719934105 0.017520661157024796 0.03377265238879736
120 0.8310743801652893 0.2650329489291598 0.037685950413223146 0.05065897858319605
8 0.4809917355371901 0.7883031301482701 0.031735537190082645 0.048599670510708404
225 0.7933884297520661 0.37582372322899504 0.0343801652892562 0.05065897858319605
45 0.811900826446281 0.19748764415156508 0.049586776859504134 0.05065897858319605
161 0.4809917355371901 0.8434925864909391 0.03305785123966942 0.045304777594728174
23 0.3950413223140496 0.7837726523887973 0.03107438016528926 0.04695222405271829
23 0.36876033057851243 0.7833607907742999 0.0287603305785124 0.04942339373970346
212 0.5363636363636364 0.6153212520593081 0.017520661157024796 0.05354200988467875
201 0.5138842975206612 0.681836902800659 0.030082644628099175 0.048187808896210875
225 0.2687603305785124 0.4866144975288303 0.031735537190082645 0.039126853377265236
33 0.07140495867768595 0.5397446457990115 0.03636363636363637 0.04983525535420099
23 0.42826446280991737 0.49361614497528833 0.03206611570247934 0.0457166392092257
212 0.30148760330578517 0.6626853377265239 0.024462809917355374 0.05683690280065898
7 0.4532231404958678 0.7870675453047776 0.03636363636363637 0.047775947281713346
212 0.30462809917355377 0.604818780889621 0.02016528925619835 0.044892915980230645
225 0.6692561983471075 0.3342257001647447 0.02809917355371901 0.04077429983525536
186 0.5426446280991736 0.6795716639209226 0.0287603305785124 0.04695222405271829
120 0.18363636363636365 0.6511532125205931 0.03669421487603306 0.048599670510708404
201 0.4323966942148761 0.3385502471169687 0.03966942148760331 0.03789126853377265
8 0.5100826446280992 0.6153212520593081 0.03504132231404959 0.051070840197693576
225 0.34892561983471077 0.48929159802306427 0.026776859504132233 0.04612850082372323
201 0.21702479338842975 0.6503294892915981 0.030082644628099175 0.048599670510708404
7 0.39983471074380167 0.4899093904448106 0.03140495867768595 0.05065897858319605
150 0.24628099173553722 0.4238056013179572 0.03570247933884298 0.03953871499176277
119 0.20760330578512398 0.4794069192751236 0.03504132231404959 0.03459637561779242
150 0.555206611570248 0.38900329489291596 0.04066115702479339 0.044892915980230645
150 0.24611570247933887 0.5362438220757826 0.04066115702479339 0.04612850082372323
120 0.8591735537190083 0.2623558484349259 0.03636363636363637 0.04695222405271829
8 0.3872727272727273 0.431836902800659 0.0287603305785124 0.03747940691927512
23 0.17239669421487605 0.5370675453047776 0.033388429752066115 0.047775947281713346
7 0.37586776859504134 0.550658978583196 0.03570247933884298 0.051070840197693576
119 0.23057851239669422 0.770181219110379 0.038677685950413224 0.047775947281713346
45 0.04512396694214876 0.47096375617792424 0.017520661157024796 0.04242174629324547
201 0.887107438016529 0.2631795716639209 0.029421487603305787 0.045304777594728174
119 0.1619834710743802 0.7646210873146623 0.03966942148760331 0.051482701812191105
119 0.3525619834710744 0.4264827018121911 0.03801652892561984 0.04077429983525536
100 0.38049586776859506 0.6120263591433278 0.02644628099173554 0.045304777594728174
225 0.4256198347107438 0.78500823723229 0.03140495867768595 0.048599670510708404
119 0.907107438016529 0.32084019769357497 0.02578512396694215 0.044481054365733116
201 0.8804958677685951 0.32722405271828664 0.03272727272727273 0.04654036243822076
150 0.3621487603305785 0.663509060955519 0.03801652892561984 0.04695222405271829
59 0.4226446280991736 0.7294069192751236 0.05256198347107439 0.044481054365733116
201 0.09834710743801654 0.53665568369028 0.0287603305785124 0.045304777594728174
59 0.8563636363636364 0.2003706754530478 0.04925619834710744 0.051482701812191105
33 0.25355371900826446 0.7182866556836903 0.02578512396694215 0.04942339373970346
23 0.7950413223140497 0.31816309719934105 0.031735537190082645 0.04901153212520593
225 0.5725619834710745 0.28439044481054365 0.048264462809917356 0.041598023064250415
150 0.10809917355371902 0.47590609555189456 0.03900826446280992 0.04983525535420099
201 0.8910743801652893 0.20098846787479407 0.030082644628099175 0.045304777594728174
119 0.48677685950413224 0.7312602965403624 0.03272727272727273 0.041598023064250415
161 0.455702479338843 0.7329077429983526 0.03272727272727273 0.04983525535420099
23 0.2991735537190083 0.4847611202635914 0.03636363636363637 0.03706754530477759
59 0.12429752066115704 0.6004942339373971 0.0456198347107438 0.03789126853377265
150 0.5928925619834711 0.22961285008237234 0.03669421487603306 0.05230642504118616
119 0.2097520661157025 0.539332784184514 0.04 0.04654036243822076
212 0.32528925619834714 0.48620263591433277 0.02115702479338843 0.044892915980230645
14 0.17966942148760331 0.710667215815486 0.03404958677685951 0.04983525535420099
59 0.3657851239669422 0.38694398682042835 0.03801652892561984 0.03500823723228995
8 0.32578512396694215 0.7186985172981878 0.02809917355371901 0.047775947281713346
14 0.6219834710743802 0.1694810543657331 0.026115702479338844 0.04406919275123559
8 0.09388429752066116 0.42277594728171336 0.03504132231404959 0.0457166392092257
8 0.38776859504132233 0.7271416803953872 0.0343801652892562 0.044892915980230645
107 0.060000000000000005 0.41968698517298186 0.04 0.04695222405271829
8 0.4289256198347108 0.6707166392092258 0.030743801652892564 0.04324546952224053
225 0.35553719008264467 0.7226112026359144 0.03140495867768595 0.044892915980230645
8 0.7814876033057852 0.43430807248764414 0.03570247933884298 0.04901153212520593
212 0.2821487603305785 0.539332784184514 0.026115702479338844 0.041598023064250415
45 0.4429752066115703 0.6105848434925865 0.050247933884297526 0.04242174629324547
100 0.4895867768595042 0.4392504118616145 0.03305785123966942 0.041598023064250415
201 0.4504132231404959 0.842668863261944 0.033388429752066115 0.048599670510708404
23 0.3244628099173554 0.3832372322899506 0.04066115702479339 0.041598023064250415
212 0.6143801652892562 0.28439044481054365 0.04330578512396695 0.0399505766062603
100 0.8219834710743802 0.3210461285008237 0.022148760330578512 0.05065897858319605
7 0.26991735537190087 0.7761532125205931 0.04 0.04983525535420099
8 0.07471074380165289 0.4728171334431631 0.031735537190082645 0.03542009884678748
225 0.32727272727272727 0.6062602965403624 0.03107438016528926 0.044481054365733116
17 0.847603305785124 0.32269357495881384 0.03305785123966942 0.05065897858319605
212 0.8441322314049587 0.37479406919275127 0.01553719008264463 0.045304777594728174
9 0.18462809917355374 0.4190691927512356 0.0287603305785124 0.041598023064250415
186 0.32049586776859507 0.6645387149917628 0.03603305785123967 0.048187808896210875
225 0.3072727272727273 0.5411861614497528 0.030082644628099175 0.04695222405271829
119 0.5950413223140496 0.3879736408566722 0.040991735537190085 0.04695222405271829
150 0.4147107438016529 0.5525123558484349 0.04132231404958678 0.0457166392092257
14 0.6165289256198347 0.3346375617792422 0.024462809917355374 0.04324546952224053
161 0.5636363636363637 0.4359555189456343 0.03636363636363637 0.041598023064250415
33 0.8738842975206612 0.3756177924217463 0.033388429752066115 0.04036243822075783
8 0.42363636363636364 0.8395799011532126 0.04066115702479339 0.05313014827018122
45 0.5421487603305786 0.33484349258649093 0.05685950413223141 0.03459637561779242
119 0.9251239669421488 0.20325370675453047 0.04198347107438017 0.05313014827018122
201 0.651404958677686 0.17895387149917627 0.030082644628099175 0.04901153212520593
45 0.587107438016529 0.44831136738056016 0.024462809917355374 0.04736408566721582
150 0.2765289256198347 0.7174629324546953 0.03404958677685951 0.04118616144975289
59 0.1304132231404959 0.5378912685337727 0.04066115702479339 0.04612850082372323
212 0.37504132231404963 0.4884678747940692 0.02082644628099174 0.042009884678747944
201 0.19388429752066116 0.7681219110378913 0.03471074380165289 0.044481054365733116
201 0.8231404958677686 0.3774711696869852 0.025123966942148763 0.041598023064250415
201 0.49371900826446286 0.3366968698517298 0.04066115702479339 0.0399505766062603
201 0.16925619834710745 0.4845551894563427 0.03570247933884298 0.03830313014827018
161 0.15173553719008265 0.7094316309719935 0.031735537190082645 0.04983525535420099
111 0.13917355371900827 0.47837726523887975 0.031735537190082645 0.036655683690280064
8 0.45338842975206617 0.49567545304777594 0.03404958677685951 0.05065897858319605
23 0.2821487603305785 0.6042009884678748 0.030082644628099175 0.04695222405271829
120 0.39586776859504136 0.8408154859967051 0.030743801652892564 0.041598023064250415