225 0.2162478082992402 0.4234417344173442 0.07597895967270601 0.056458897922312554
8 0.6841028638223261 0.45212285456187895 0.06838106370543541 0.05962059620596206
212 0.49620105201636466 0.8425925925925926 0.04091174751607247 0.06368563685636856
77 0.2992402104032729 0.8762420957542908 0.0537697253068381 0.057813911472448055
14 0.8839859731151373 0.23328816621499548 0.06838106370543541 0.05916892502258356
23 0.5832846288720046 0.9078590785907859 0.05610753945061367 0.048780487804878044
107 0.7533606078316774 0.22493224932249323 0.07948568088836937 0.06233062330623306
201 0.3652834599649328 0.7565492321589882 0.06896551724137931 0.057813911472448055
100 0.3591466978375219 0.5964317976513098 0.05435417884278199 0.051038843721770547
107 0.24956165984804207 0.6556007226738934 0.05260081823495032 0.056458897922312554
225 0.6507890122735243 0.6117886178861789 0.052016364699006425 0.04742547425474255
8 0.31648158971361773 0.36088527551942184 0.07539450613676213 0.05149051490514905
23 0.7454704850964348 0.8545618789521228 0.05669199298655757 0.06052393857271906
14 0.7302746931618936 0.4568654019873532 0.06370543541788427 0.056458897922312554
59 0.6721215663354763 0.8556910569105691 0.10169491525423728 0.057362240289069555
150 0.42577440093512564 0.6002710027100271 0.06370543541788427 0.048780487804878044
23 0.4450613676212741 0.837624209575429 0.05669199298655757 0.05916892502258356
212 0.6183518410286382 0.2186088527551942 0.03623611922852133 0.05510388437217705
14 0.8065458796025715 0.5444896115627823 0.07247223845704266 0.05555555555555555
119 0.9298655756867329 0.3172990063233966 0.05961426066627703 0.05916892502258356
23 0.4558737580362361 0.9110207768744354 0.06779661016949153 0.06323396567299006
212 0.36645236703682055 0.3640469738030713 0.03389830508474576 0.07859078590785908
23 0.5841613091759205 0.28771454381210476 0.061367621274108705 0.050587172538392046
225 0.7156633547632962 0.3780487804878049 0.052016364699006425 0.056910569105691054
111 0.3959672706019871 0.8263324299909666 0.052016364699006425 0.06097560975609756
150 0.6835184102863822 0.775293586269196 0.0695499707773232 0.07633242999096658
107 0.7746931618936294 0.38346883468834686 0.09175920514319111 0.06594399277326106
33 0.24547048509643482 0.3626919602529359 0.07364114552893045 0.04697380307136405
201 0.7729398012857978 0.4591237579042457 0.04500292226767972 0.05555555555555555
150 0.18936294564582115 0.6556007226738934 0.07130333138515488 0.051038843721770547
100 0.8126826417299824 0.32226738934056004 0.05552308591466978 0.08084914182475157
150 0.41992986557568673 0.5137759710930443 0.0777323202805377 0.05916892502258356
59 0.5274693161893629 0.9103432700993677 0.06721215663354763 0.050135501355013545
8 0.23378141437755698 0.7558717253839204 0.0537697253068381 0.044715447154471545
150 0.24956165984804207 0.8748870822041553 0.05260081823495032 0.05600722673893405
100 0.6332554061952075 0.30329719963866303 0.049678550555230856 0.05555555555555555
225 0.16452367036820573 0.3663053297199638 0.04734073641145529 0.04607046070460705
8 0.3118059614260666 0.4327009936766034 0.0777323202805377 0.06323396567299006
23 0.5987726475745178 0.3647244805781391 0.06721215663354763 0.06820234869015357
23 0.32144944476914084 0.8170731707317073 0.06312098188194039 0.05329719963866305
8 0.8156049094097019 0.09236675700090334 0.05669199298655757 0.06639566395663957
225 0.5751022793687901 0.21657633242999097 0.04792518994739918 0.04652213188798555
201 0.5978959672706019 0.6140469738030714 0.046756282875511396 0.043812104787714544
225 0.41437755698421974 0.7567750677506775 0.054938632378725885 0.058265582655826556
201 0.1928696668614845 0.5160343270099368 0.05260081823495032 0.049232158988256544
201 0.5961426066627703 0.8495934959349594 0.054938632378725885 0.04787714543812105
107 0.6770894213909994 0.21973803071364045 0.0847457627118644 0.06097560975609756
8 0.6507890122735243 0.6883468834688347 0.06721215663354763 0.048780487804878044
8 0.47457627118644063 0.44037940379403795 0.06896551724137931 0.06233062330623306
100 0.8448275862068965 0.3999548328816621 0.07071887784921098 0.08084914182475157
9 0.5821157218001168 0.7691960252935862 0.054938632378725885 0.07949412827461608
150 0.1081239041496201 0.37262872628726285 0.04208065458796025 0.04065040650406504
212 0.673874926943308 0.2999096657633243 0.03623611922852133 0.06865401987353206
100 0.5496785505552308 0.5318428184281843 0.05084745762711864 0.07271906052393858
107 0.7679719462302746 0.6165311653116531 0.08883693746347165 0.06142728093947606
119 0.3983050847457627 0.44060523938572715 0.09292811221507889 0.06097560975609756
8 0.4523670368205727 0.27710027100271 0.058445353594389245 0.04200542005420054
212 0.5543541788427819 0.6120144534778681 0.03682057276446522 0.07136404697380307
8 0.19520748100526006 0.5860433604336043 0.05026300409117475 0.05194218608852755
23 0.8722969023962595 0.30645889792231257 0.06019871420222092 0.05555555555555555
23 0.2998246639392168 0.5986901535682023 0.06428988895382817 0.050135501355013545
8 0.950321449444769 0.23486901535682023 0.04792518994739918 0.057813911472448055
225 0.43132670952659263 0.36133694670280037 0.07831677381648158 0.05329719963866305
119 0.8296317942723553 0.46115627822944893 0.07071887784921098 0.05962059620596206
111 0.24634716540035065 0.5986901535682023 0.046171829339567504 0.04832881662149954
177 0.5844535359438924 0.6885727190605239 0.06428988895382817 0.056458897922312554
120 0.8696668614845119 0.0971093044263776 0.054938632378725885 0.05871725383920506
33 0.749561659848042 0.7818428184281843 0.06370543541788427 0.06594399277326106
177 0.29281122150789013 0.7594850948509485 0.07130333138515488 0.05465221318879855
201 0.8568088836937463 0.5440379403794038 0.06078316773816481 0.05465221318879855
212 0.6306253652834599 0.7714543812104787 0.04091174751607247 0.07588075880758807
100 0.5450029222676797 0.8532068654019873 0.05084745762711864 0.07588075880758807
107 0.8454120397428404 0.6160794941282746 0.07071887784921098 0.056910569105691054
23 0.6101694915254237 0.524390243902439 0.07364114552893045 0.05600722673893405
201 0.7907656341320864 0.7079945799457994 0.054938632378725885 0.050135501355013545
119 0.5017533606078316 0.6074977416440831 0.06838106370543541 0.06323396567299006
45 0.7302746931618936 0.5338753387533876 0.09994155464640561 0.050587172538392046
107 0.5090590298071302 0.28274616079494125 0.054938632378725885 0.048780487804878044
119 0.13442431326709525 0.5042908762420958 0.05143191116306253 0.06278229448961156
119 0.6475745178258328 0.9207317073170731 0.06896551724137931 0.05555555555555555
212 0.6551724137931034 0.5318428184281843 0.03389830508474576 0.06729900632339657
9 0.46493278784336645 0.7676151761517614 0.04850964348334307 0.06910569105691057
14 0.24400935125657508 0.516260162601626 0.05902980713033314 0.06413730803974706
119 0.885739333722969 0.14972899728997288 0.07539450613676213 0.05374887082204155
100 0.6315020455873758 0.44941282746160793 0.06370543541788427 0.07859078590785908
14 0.7723553477498538 0.1483739837398374 0.06487434248977206 0.05374887082204155
8 0.1499123319696084 0.4177958446251129 0.05435417884278199 0.044263775971093045
14 0.1510812390414962 0.5835591689250226 0.040327293980128576 0.045167118337850046
212 0.7004675628287551 0.6126919602529358 0.034482758620689655 0.05465221318879855
225 0.5359438924605493 0.44354110207768743 0.05143191116306253 0.05420054200542005
8 0.6595558153126826 0.3728545618789521 0.07305669199298655 0.06007226738934056
77 0.7367036820572764 0.3075880758807588 0.08942139099941554 0.09936766034327009
212 0.82583284628872 0.1501806684733514 0.043249561659848036 0.05916892502258356
23 0.3594389246054938 0.8877597109304426 0.06779661016949153 0.05916892502258356
177 0.5005844535359438 0.524390243902439 0.08708357685563997 0.05962059620596206
186 0.342197545295149 0.510840108401084 0.06604324956165984 0.05962059620596206
119 0.7247223845704266 0.7012195121951219 0.06545879602571596 0.06278229448961156
212 0.288135593220339 0.5178410117434508 0.03389830508474576 0.08446251129177958
77 0.5178258328462887 0.36224028906955735 0.09234365867913501 0.1047877145438121
150 0.7121566335476329 0.9218608852755193 0.05552308591466978 0.05329719963866305
119 0.260666277030976 0.8202348690153568 0.05727644652250146 0.05149051490514905
23 0.5242548217416715 0.7649051490514904 0.05961426066627703 0.06007226738934056
14 0.5821157218001168 0.4482836495031617 0.058445353594389245 0.06187895212285456
201 0.31589713617767384 0.6476964769647696 0.07188778492109876 0.04065040650406504
201 0.8182349503214494 0.2280939476061427 0.06312098188194039 0.05149051490514905