8 0.5222094029420248 0.5002912055911474 0.03893856359965388 0.04076878276062901
21 0.9424574560138448 0.7440302853814793 0.03143928468416498 0.0361094933022714
20 0.7980963368906835 0.9047757716948166 0.036342659359676954 0.039021549213744906
17 0.8753965964811075 0.9031741409435061 0.0444188058840496 0.039312754804892255
22 0.5160080761465243 0.1550669772859639 0.0207672339198154 0.04222481071636575
22 0.4692817998269397 0.2805765870704718 0.01557542543986155 0.04222481071636575
21 0.9164984136140755 0.51703552708212 0.04124603403518892 0.037565521258008154
13 0.7378136717623305 0.4235585323238206 0.0519180847995385 0.03640069889341876
23 0.5542255552350736 0.3731799650553291 0.03836169599077011 0.037565521258008154
13 0.42255552350735504 0.5942050087361678 0.04903374675511969 0.045719277810133956
5 0.6201326795500433 0.377256843331392 0.035188924141909425 0.04513686662783926
3 0.5905682145947504 0.3701223063482819 0.02567060859532737 0.041933605125218404
5 0.7036342659359677 0.5522714036109494 0.0429766368618402 0.039895165987186954
21 0.4206807037784828 0.44962143273150845 0.04066916642630516 0.033197437390797904
5 0.8430920103836169 0.7361677344205009 0.02999711566195558 0.033197437390797904
5 0.9091433516008075 0.42297612114152594 0.03576579175079319 0.03873034362259756
6 0.8347274300548023 0.46840419336051253 0.04211133544851456 0.03814793244030285
20 0.7819440438419382 0.42239370995923126 0.03749639457744447 0.035235876528829355
22 0.8614075569656763 0.5599883517763541 0.024516873377559846 0.03436225975538731
20 0.8857802134410152 0.6515725101921958 0.03576579175079319 0.039895165987186954
21 0.8720796077300259 0.6064356435643564 0.04066916642630516 0.03814793244030285
3 0.8513123738102105 0.6952533488642982 0.039515431208537635 0.04863133372160745
5 0.5038938563599653 0.197582993593477 0.02999711566195558 0.03640069889341876
7 0.39616383040092296 0.8089691322073385 0.05566772425728295 0.039021549213744906
1 0.5659071243149697 0.8095515433896331 0.04268820305739832 0.0361094933022714
5 0.4808191520046149 0.49810716365754226 0.04499567349293337 0.03640069889341876
7 0.4511104701471012 0.23514851485148516 0.05307182001730602 0.029994175888177054
5 0.4962503605422555 0.5439720442632499 0.03143928468416498 0.0361094933022714
13 0.9277473319873089 0.47131624927198607 0.04124603403518892 0.037565521258008154
5 0.47880011537352174 0.5943506115317414 0.04211133544851456 0.047757716948165406
23 0.6586385924430342 0.6865171811298777 0.03547735794635131 0.039895165987186954
21 0.799250072108451 0.377693651718113 0.03749639457744447 0.04076878276062901
1 0.3523218921257571 0.7631042516016308 0.04759157773291029 0.03814793244030285
13 0.7375252379578886 0.5963890506697729 0.04326507066628209 0.041933605125218404
22 0.941880588404961 0.4239953407105417 0.034900490337467546 0.0442632498543972
21 0.40871070089414474 0.19569015725101924 0.029420248053071817 0.0401863715783343
13 0.6015286991635419 0.4161327897495632 0.04124603403518892 0.043680838672102505
3 0.40798961638304004 0.15317414094350612 0.04759157773291029 0.04076878276062901
13 0.7306028266512835 0.7246651135701806 0.03230458609749062 0.03348864298194525
21 0.4812518027112777 0.15419336051252183 0.04124603403518892 0.035235876528829355
3 0.6574848572252667 0.551543389633081 0.04066916642630516 0.039021549213744906
6 0.9300548024228439 0.703407105416424 0.04586097490625901 0.04688410017472336
1 0.3755408133833285 0.54120559114735 0.03749639457744447 0.052125800815375656
13 0.6533025670608594 0.643855562026791 0.05134121719065474 0.041933605125218404
5 0.5513412171906547 0.6849155503785673 0.028554946639746177 0.03843913803145021
1 0.835592731468128 0.9041933605125219 0.038650129795212 0.041351193942923706
22 0.5106720507643495 0.4552999417588818 0.023363138159792324 0.043389633080955156
6 0.51687337755985 0.6352649970879441 0.02999711566195558 0.03873034362259756
13 0.46062878569368326 0.5442632498543972 0.0415344678396308 0.041933605125218404
5 0.6990193250648975 0.5969714618520676 0.03605422555523507 0.039603960396039604
13 0.5860974906259013 0.2868375072801398 0.03576579175079319 0.03669190448456611
3 0.6370060571098932 0.7638322655794991 0.039515431208537635 0.0401863715783343
22 0.5255263916931063 0.5445544554455446 0.03230458609749062 0.04251601630751311
21 0.6492644937986731 0.46141525917297616 0.03691952696856071 0.036983110075713456
7 0.6861840207672338 0.42108328479906815 0.05018748197288722 0.039021549213744906
13 0.6321026824343813 0.7259755387303436 0.04932218055956158 0.030867792661619105
8 0.47029131814248626 0.4069598136284217 0.04874531295067781 0.03581828771112405
21 0.649697144505336 0.8092603377984857 0.042399769252956444 0.03843913803145021
22 0.4436111912316123 0.7626674432149098 0.028843380444188056 0.039021549213744906
7 0.7986732044995672 0.8618229470005825 0.05018748197288722 0.04047757716948166
20 0.7421401788289587 0.4662201514269074 0.03461205653302567 0.041351193942923706
22 0.8363138159792327 0.5141234711706465 0.019901932506489757 0.03814793244030285
13 0.7378136717623305 0.8168316831683169 0.04672627631958465 0.04076878276062901
1 0.5859532737236803 0.32629586488060575 0.033169887510816266 0.03581828771112405
13 0.4450533602538217 0.8092603377984857 0.043841938275165845 0.03843913803145021
12 0.4113066051341217 0.7671811298776937 0.03230458609749062 0.035235876528829355
17 0.4245745601384482 0.41045428072218987 0.04268820305739832 0.03873034362259756
20 0.44087107008941445 0.494175888177053 0.037784828381886355 0.04309842748980781
3 0.40049033746755114 0.24039021549213746 0.03836169599077011 0.03581828771112405
23 0.4815402365157196 0.45180547466511356 0.03893856359965388 0.039895165987186954
11 0.799394289010672 0.7748980780430984 0.04759157773291029 0.041933605125218404
23 0.5416786847418517 0.5924577751892837 0.027112777617536773 0.04047757716948166
16 0.6856071531583501 0.7268491555037857 0.048456879146235934 0.032615026208503206
19 0.9052494952408422 0.7422830518345952 0.039515431208537635 0.0361094933022714
22 0.4405826362849726 0.19569015725101924 0.018171329679838477 0.0314502038439138
8 0.6104701471012403 0.45952242283051836 0.04066916642630516 0.0442632498543972
22 0.8728006922411305 0.7363133372160746 0.023651571964234206 0.03174140943506115
20 0.5356215748485722 0.4528246942341293 0.03576579175079319 0.039603960396039604
21 0.6990193250648975 0.6453115899825277 0.0400922988174214 0.0401863715783343
0 0.7375252379578886 0.6464764123471171 0.03461205653302567 0.0401863715783343
10 0.8269397173348716 0.5586779266161911 0.031727718488606865 0.036983110075713456
23 0.7062301701759446 0.3787128712871287 0.033169887510816266 0.037565521258008154
16 0.7859821171041246 0.8174140943506115 0.04038073262186328 0.0361094933022714
21 0.8807326218632823 0.4691322073383809 0.042399769252956444 0.041933605125218404
3 0.9252956446495528 0.7792661619103087 0.04557254110181713 0.050669772859638904
10 0.4421690222094029 0.15419336051252183 0.028266512835304295 0.03873034362259756
15 0.5464378425151427 0.1573966220151427 0.033746755119700024 0.03640069889341876
16 0.618257859821171 0.6878276062900408 0.042399769252956444 0.050087361677344205
1 0.7545428324199596 0.7738788584740828 0.039226997404095756 0.039895165987186954
3 0.7585809056821459 0.7303436225975539 0.038650129795212 0.035527082119976704
6 0.39731756561869047 0.28538147932440305 0.039515431208537635 0.04251601630751311
10 0.8151139313527545 0.6474956319161328 0.028266512835304295 0.04222481071636575
5 0.8103547735794634 0.5132498543972045 0.030862417075281222 0.03873034362259756
17 0.5762907412748773 0.24009900990099012 0.03461205653302567 0.043972044263249854
22 0.521632535333141 0.36764705882352944 0.02047880011537352 0.036983110075713456
9 0.4134698586674358 0.5414967967384974 0.04701471012402653 0.06377402446126966
13 0.6915200461494087 0.5061153174140943 0.042399769252956444 0.04892253931275481
22 0.413037207960773 0.49854397204426326 0.027112777617536773 0.04717530576587071
19 0.8673204499567349 0.5154338963308096 0.0444188058840496 0.039603960396039604
13 0.9042399769252956 0.6036691904484567 0.03403518892414191 0.0361094933022714
6 0.7444476492644937 0.5546010483401281 0.04557254110181713 0.03640069889341876
10 0.5836458032881453 0.6862259755387303 0.02567060859532737 0.04222481071636575
13 0.8784251514277472 0.7799941758881771 0.04586097490625901 0.04513686662783926
22 0.5142774733198731 0.5896913220733838 0.027689645226420534 0.0442632498543972
1 0.8498702047880011 0.6527373325567851 0.03893856359965388 0.04513686662783926
21 0.37856936832996824 0.49883517763541063 0.039515431208537635 0.0361094933022714
16 0.82823766945486 0.42457775189283636 0.042399769252956444 0.03843913803145021
22 0.3847706951254687 0.762085032032615 0.0207672339198154 0.0378567268491555
5 0.7815113931352754 0.5993011065812464 0.0400922988174214 0.0401863715783343
6 0.5292760311508509 0.8080955154338963 0.03691952696856071 0.033197437390797904
23 0.3866455148543409 0.4116191030867793 0.033169887510816266 0.03640069889341876
13 0.49812518027112773 0.2389341875364007 0.04326507066628209 0.035235876528829355
8 0.39241419094317853 0.36939429237041355 0.04124603403518892 0.03640069889341876
1 0.569800980674935 0.4548631333721608 0.034900490337467546 0.04251601630751311
21 0.43265070666282085 0.32687827606290043 0.038650129795212 0.037565521258008154
23 0.4955292760311508 0.2805765870704718 0.03461205653302567 0.036983110075713456
10 0.9216902220940293 0.6512813046010484 0.0325930199019325 0.04047757716948166
11 0.5109604845687914 0.6843331391962726 0.04182290164407268 0.03436225975538731
10 0.741274877415633 0.3322655794991264 0.03057398327083934 0.04484566103669191
1 0.5758580905682146 0.5911473500291206 0.0325930199019325 0.0378567268491555
6 0.6140755696567637 0.5043680838672102 0.04211133544851456 0.050669772859638904
3 0.6414767810787424 0.42108328479906815 0.03749639457744447 0.04251601630751311
3 0.37424286126334005 0.4528246942341293 0.04066916642630516 0.041933605125218404
3 0.39010672050764345 0.3280430984274898 0.0400922988174214 0.037565521258008154
23 0.7731468128064608 0.5110658124635993 0.03605422555523507 0.041933605125218404
5 0.6708970291318141 0.33197437390797907 0.03749639457744447 0.041933605125218404
21 0.5497548312662244 0.7619394292370414 0.03749639457744447 0.03873034362259756
0 0.5253821747908854 0.2805765870704718 0.024516873377559846 0.03814793244030285
17 0.7065186039803865 0.33284799068142107 0.033746755119700024 0.041351193942923706
5 0.6968560715315835 0.6862259755387303 0.035188924141909425 0.041642399534071055
1 0.43712143063166997 0.28363424577751895 0.03893856359965388 0.041933605125218404
22 0.48817421401788286 0.6381770529994176 0.018748197288722235 0.03814793244030285
22 0.46610902797807896 0.3274606872451951 0.023074704355350445 0.037565521258008154
13 0.8890972021920969 0.5630460104834013 0.021632535333141044 0.04863133372160745
22 0.7699740409576001 0.3794408852649971 0.019325064897606 0.0401863715783343
8 0.8250648976059993 0.6019219569015726 0.04701471012402653 0.041933605125218404
5 0.5542255552350736 0.28115899825276647 0.032016152293048744 0.036983110075713456
1 0.7340640323045861 0.5123762376237624 0.03461205653302567 0.04455445544554456
13 0.5941736371502739 0.7613570180547466 0.04499567349293337 0.043972044263249854
14 0.5079319296221517 0.7597553873034363 0.03691952696856071 0.046010483401281305
12 0.6892125757138736 0.4627256843331392 0.037784828381886355 0.039603960396039604
3 0.5999423132391115 0.5968258590564939 0.03749639457744447 0.052708211997670354
6 0.49004903374675507 0.36750145602795575 0.04268820305739832 0.0314502038439138
20 0.5509085664839919 0.3276062900407688 0.036342659359676954 0.04076878276062901
1 0.5377848283818863 0.2395165987186954 0.037784828381886355 0.037565521258008154
13 0.6938275165849437 0.8117355853232382 0.0429766368618402 0.03581828771112405
19 0.5359100086530141 0.19918462434478743 0.035188924141909425 0.033197437390797904
21 0.5638880876838765 0.5499417588817705 0.039803865012979514 0.036983110075713456
21 0.7875685030285549 0.556930693069307 0.0429766368618402 0.03581828771112405
1 0.6732044995673492 0.7660163075131042 0.038073262186328234 0.04222481071636575
17 0.5592731468128064 0.6415259172976121 0.03576579175079319 0.039021549213744906
21 0.6629650995096624 0.3763832265579499 0.04701471012402653 0.04222481071636575
7 0.7907412748774155 0.4656377402446127 0.04874531295067781 0.034944670937682006
1 0.473319873089126 0.7622306348281888 0.03057398327083934 0.041642399534071055
1 0.7781944043841937 0.6453115899825277 0.03461205653302567 0.041351193942923706
1 0.5589847130083645 0.411764705882353 0.03749639457744447 0.039021549213744906
3 0.4700028843380444 0.1940885264997088 0.03432362272858379 0.03581828771112405
17 0.5682145947505047 0.5002912055911474 0.04672627631958465 0.04076878276062901
13 0.6130660513412172 0.5506697728596389 0.04701471012402653 0.03843913803145021
16 0.44159215460051915 0.36735585323238207 0.04557254110181713 0.029994175888177054
13 0.7167580040380732 0.7676179382644147 0.043841938275165845 0.047757716948165406
16 0.65186039803865 0.5037856726849156 0.03691952696856071 0.046010483401281305
12 0.8751081626766656 0.4215200931857892 0.039803865012979514 0.03814793244030285
23 0.4968272281511393 0.32833430401863717 0.03432362272858379 0.04455445544554456
12 0.8433804441880588 0.8640069889341876 0.04211133544851456 0.0361094933022714
1 0.8390539371214305 0.7763541059988353 0.03691952696856071 0.041351193942923706
13 0.8883761176809921 0.8258590564938847 0.0444188058840496 0.041351193942923706
22 0.4528410729737525 0.45369831100757135 0.02134410152869916 0.041351193942923706
5 0.8849149120276896 0.6961269656377402 0.033458321315258145 0.04863133372160745
7 0.8399192385347563 0.8213453698311007 0.05018748197288722 0.037565521258008154
22 0.5261032593019901 0.32731508444962143 0.021920969137582923 0.041351193942923706
17 0.7408422267089703 0.3813337216074549 0.0325930199019325 0.04513686662783926
11 0.519325064897606 0.40856144437973213 0.04182290164407268 0.039021549213744906
5 0.49077011825785977 0.8088235294117647 0.03893856359965388 0.037565521258008154
21 0.5735506201326795 0.19889341875364008 0.033746755119700024 0.0314502038439138