9 0.8370221327967807 0.3976073187895848 0.1488933601609658 0.09148486980999296
6 0.5110663983903421 0.6738212526389866 0.08450704225352114 0.048557353976073185
12 0.5970824949698189 0.6129486277269528 0.14587525150905434 0.07881773399014778
22 0.4683098591549296 0.5045742434904996 0.05533199195171026 0.1055594651653765
21 0.7665995975855131 0.7339901477832512 0.10462776659959759 0.09711470795214637
10 0.6418511066398391 0.39655172413793105 0.07847082494969819 0.11189303307529909
13 0.2233400402414487 0.38106966924700914 0.1448692152917505 0.08374384236453201
1 0.37826961770623746 0.7357494722026742 0.12877263581488935 0.10626319493314568
11 0.7157947686116701 0.1505981703026038 0.16800804828973845 0.11118930330752991
1 0.7248490945674045 0.3852920478536242 0.10362173038229378 0.09781843771991555
5 0.5870221327967807 0.6713581984517945 0.04325955734406439 0.0422237860661506
19 0.5020120724346077 0.7389162561576355 0.10865191146881288 0.10696692470091484
4 0.23289738430583504 0.5014074595355383 0.12977867203219318 0.0964109781843772
1 0.5422535211267606 0.1505981703026038 0.16700201207243462 0.11118930330752991
17 0.7505030181086519 0.5133708655876144 0.10261569416498995 0.09500351864883884
23 0.6504024144869216 0.5091484869809992 0.11569416498993965 0.0964109781843772
2 0.5779678068410463 0.2730471498944405 0.09557344064386318 0.10978184377199156
5 0.47837022132796786 0.26108374384236455 0.10563380281690142 0.09852216748768473
1 0.5503018108651911 0.38494018296973964 0.12273641851106641 0.09852216748768473
1 0.6121730382293763 0.7396199859254047 0.12977867203219318 0.09992962702322308
5 0.4768611670020121 0.6125967628430683 0.0824949698189135 0.06826178747361013
11 0.3988933601609658 0.378606615059817 0.19818913480885314 0.09007741027445461
20 0.35563380281690143 0.49859254046446166 0.17203219315895374 0.10626319493314568
21 0.6800804828973843 0.2755102040816326 0.11066398390342053 0.0964109781843772
17 0.7977867203219317 0.2790288529204785 0.14084507042253522 0.12174524982406755
21 0.5462776659959759 0.5056298381421535 0.11468812877263583 0.10626319493314568