3 0.5834564254062039 0.5740740740740741 0.04579025110782866 0.04909560723514212
1 0.3515509601181684 0.46425495262704564 0.03545051698670606 0.046511627906976744
21 0.8401033973412113 0.5697674418604651 0.036189069423929104 0.050818260120585705
19 0.5694239290989661 0.4074074074074074 0.041358936484490405 0.04823428079242033
5 0.6920236336779911 0.40482342807924204 0.051698670605613 0.046511627906976744
10 0.39881831610044316 0.18690783807062877 0.03840472673559823 0.046511627906976744
1 0.8393648449039882 0.45434969853574503 0.036189069423929104 0.050818260120585705
1 0.4084194977843427 0.24031007751937986 0.033973412112259974 0.04823428079242033
21 0.6355243722304285 0.23428079242032732 0.036189069423929104 0.04478897502153316
1 0.8940177252584934 0.5172265288544359 0.039143279172821274 0.05426356589147287
22 0.9217134416543575 0.5167958656330749 0.019202363367799114 0.04995693367786391
5 0.672082717872969 0.5189491817398794 0.03988183161004431 0.04392764857881137
3 0.7909896602658789 0.6218776916451335 0.04579025110782866 0.04306632213608958
16 0.4663958641063516 0.6266149870801033 0.04357459379615953 0.04909560723514212
23 0.56794682422452 0.29112833763996554 0.03988183161004431 0.04478897502153316
20 0.413589364844904 0.4061154177433247 0.047267355982274745 0.050818260120585705
13 0.8079763663220089 0.181739879414298 0.03840472673559823 0.056847545219638244
1 0.507754800590842 0.23901808785529716 0.039143279172821274 0.047372954349698536
23 0.7211964549483014 0.28639104220499567 0.03175775480059084 0.050818260120585705
12 0.5070162481536189 0.1821705426356589 0.04800590841949779 0.04392764857881137
10 0.6517725258493353 0.6261843238587425 0.036189069423929104 0.04995693367786391
3 0.5487444608567209 0.5198105081826012 0.053175775480059084 0.04565030146425495
6 0.8537666174298376 0.5120585701981051 0.041358936484490405 0.04909560723514212
3 0.5243722304283605 0.46554694229112836 0.050221565731166914 0.05426356589147287
1 0.5265878877400296 0.3505598621877692 0.03692762186115214 0.053402239448751075
5 0.56794682422452 0.4625322997416021 0.03840472673559823 0.046511627906976744
3 0.369645494830133 0.23987941429801896 0.045051698670605614 0.04392764857881137
10 0.6318316100443132 0.3479758828596038 0.030280649926144758 0.05167958656330749
5 0.5646233382570163 0.23557278208441 0.03471196454948301 0.04565030146425495
5 0.5487444608567209 0.18044788975021533 0.03692762186115214 0.05254091300602928
16 0.6089364844903988 0.40310077519379844 0.04357459379615953 0.04478897502153316
1 0.36447562776957165 0.18819982773471144 0.03766617429837519 0.04392764857881137
13 0.7200886262924668 0.347114556416882 0.044313146233382575 0.04823428079242033
12 0.558714918759232 0.35271317829457366 0.03766617429837519 0.047372954349698536
1 0.5361890694239292 0.4074074074074074 0.03988183161004431 0.04823428079242033
21 0.594903988183161 0.3505598621877692 0.03766617429837519 0.04995693367786391
5 0.7632939438700148 0.17657192075796727 0.049483013293943875 0.04823428079242033
13 0.8814623338257017 0.5697674418604651 0.042097488921713444 0.050818260120585705
21 0.8356720827178731 0.6248923341946597 0.04062038404726736 0.04565030146425495
8 0.3290251107828656 0.5198105081826012 0.04800590841949779 0.040482342807924204
1 0.3903249630723782 0.29931093884582255 0.045051698670605614 0.050818260120585705
23 0.4675036927621862 0.18087855297157623 0.03692762186115214 0.04306632213608958
22 0.6022895125553914 0.29069767441860467 0.0258493353028065 0.04909560723514212
22 0.5372968980797637 0.23944875107665806 0.019940915805022157 0.04995693367786391
13 0.6432791728212703 0.2885443583118002 0.04579025110782866 0.04823428079242033
16 0.6750369276218612 0.34926787252368646 0.04874446085672083 0.050818260120585705
15 0.3925406203840473 0.4616709732988803 0.05096011816838996 0.046511627906976744
5 0.44497784342688335 0.5185185185185185 0.039143279172821274 0.046511627906976744
11 0.28286558345642543 0.2997416020671835 0.03249630723781389 0.04823428079242033
3 0.421344165435746 0.6244616709732989 0.04357459379615953 0.04478897502153316
6 0.47156573116691286 0.2368647717484927 0.049483013293943875 0.04995693367786391
19 0.8013293943870016 0.5680447889750215 0.03545051698670606 0.04565030146425495
2 0.6081979320531758 0.46511627906976744 0.039143279172821274 0.04995693367786391
10 0.731536189069424 0.5749354005167958 0.028803545051698673 0.059431524547803614
7 0.3559822747415067 0.14728682170542637 0.03840472673559823 0.029285099052540915
13 0.43353028064992616 0.2958656330749354 0.044313146233382575 0.04909560723514212
1 0.75 0.28725236864771747 0.03175775480059084 0.05426356589147287
13 0.42466765140324964 0.5736434108527132 0.04579025110782866 0.046511627906976744
1 0.32090103397341213 0.3006029285099053 0.042097488921713444 0.04995693367786391
22 0.6240768094534712 0.5736434108527132 0.02806499261447563 0.04995693367786391
5 0.36447562776957165 0.35400516795865633 0.03471196454948301 0.046511627906976744
14 0.6325701624815362 0.5167958656330749 0.04062038404726736 0.046511627906976744
22 0.7522156573116692 0.22739018087855298 0.02289512555391433 0.04823428079242033
17 0.525480059084195 0.2950043066322136 0.04800590841949779 0.04909560723514212
11 0.32311669128508125 0.19035314384151594 0.058345642540620385 0.046511627906976744
22 0.4342688330871492 0.23987941429801896 0.025110782865583457 0.050818260120585705
5 0.44276218611521423 0.35142118863049093 0.03471196454948301 0.04995693367786391
5 0.4948301329394387 0.1347975882859604 0.03988183161004431 0.03359173126614987
16 0.48079763663220093 0.2954349698535745 0.044313146233382575 0.04995693367786391
21 0.275480059084195 0.1937984496124031 0.04283604135893649 0.04823428079242033
8 0.49113737075332353 0.4095607235142119 0.05908419497784343 0.047372954349698536
5 0.9076809453471197 0.4590869939707149 0.03692762186115214 0.06373815676141258
13 0.7961595273264402 0.4590869939707149 0.051698670605613 0.04995693367786391
5 0.7813884785819794 0.41214470284237725 0.04579025110782866 0.040482342807924204
16 0.7865583456425407 0.23083548664944015 0.044313146233382575 0.04478897502153316
1 0.6499261447562777 0.46382428940568476 0.044313146233382575 0.047372954349698536
13 0.524002954209749 0.1326442721791559 0.024372230428360415 0.034453057708871665
12 0.5745937961595273 0.6296296296296297 0.04283604135893649 0.04478897502153316
21 0.723042836041359 0.23126614987080105 0.03545051698670606 0.047372954349698536
21 0.4361152141802068 0.46296296296296297 0.039143279172821274 0.04392764857881137
23 0.5468980797636632 0.132213608957795 0.028803545051698673 0.03186907838070629
13 0.2810192023633678 0.24332472006890613 0.03471196454948301 0.05254091300602928
13 0.38515509601181686 0.1429801894918174 0.021418020679468245 0.041343669250646
23 0.7854505169867061 0.3458225667527993 0.03766617429837519 0.059431524547803614
13 0.3707533234859675 0.409130060292851 0.053175775480059084 0.04478897502153316
23 0.49667651403249635 0.35099052540913006 0.036189069423929104 0.04909560723514212
22 0.7559084194977844 0.3449612403100775 0.021418020679468245 0.050818260120585705
21 0.4357459379615953 0.1838931955211025 0.03249630723781389 0.047372954349698536
10 0.43648449039881837 0.13824289405684753 0.029542097488921715 0.023255813953488372
13 0.7898818316100443 0.2885443583118002 0.0465288035450517 0.05167958656330749
7 0.41026587887740035 0.14599483204134367 0.028803545051698673 0.03186907838070629
21 0.5963810930576071 0.5180878552971576 0.042097488921713444 0.04392764857881137
8 0.7226735598227475 0.5172265288544359 0.0568685376661743 0.047372954349698536
10 0.8733382570162482 0.4569336778639104 0.03175775480059084 0.05770887166236004
23 0.809453471196455 0.5103359173126615 0.047267355982274745 0.04909560723514212
23 0.6495568685376663 0.4052540913006029 0.039143279172821274 0.05426356589147287
1 0.5324963072378139 0.6296296296296297 0.041358936484490405 0.04823428079242033
21 0.6148449039881833 0.6300602928509905 0.03766617429837519 0.04220499569336779
3 0.6990398818316101 0.46037898363479757 0.049483013293943875 0.04909560723514212
21 0.6624815361890695 0.11412575366063739 0.03249630723781389 0.047372954349698536
19 0.5985967503692763 0.2360034453057709 0.039143279172821274 0.05167958656330749
5 0.36927621861152143 0.5176571920757967 0.03692762186115214 0.046511627906976744
16 0.7418759231905466 0.4595176571920758 0.0465288035450517 0.04909560723514212
13 0.5889955686853767 0.1821705426356589 0.04800590841949779 0.050818260120585705
5 0.7695716395864107 0.5676141257536607 0.044313146233382575 0.046511627906976744
13 0.6779911373707533 0.23255813953488372 0.050221565731166914 0.04823428079242033
7 0.4833825701624816 0.5706287683031869 0.07311669128508125 0.03875968992248062
23 0.46344165435745943 0.13695090439276486 0.024372230428360415 0.03273040482342808
5 0.4512555391432792 0.4086993970714901 0.03545051698670606 0.047372954349698536
22 0.4697193500738553 0.35486649440137813 0.020679468242245203 0.06201550387596899
11 0.8157311669128509 0.40310077519379844 0.030280649926144758 0.05512489233419466
5 0.3807237813884786 0.5689061154177433 0.04357459379615953 0.04392764857881137
5 0.6861152141802068 0.2868217054263566 0.03840472673559823 0.05167958656330749
13 0.7141802067946824 0.17743324720068906 0.047267355982274745 0.04995693367786391
21 0.7688330871491876 0.5142118863049095 0.03840472673559823 0.04478897502153316
20 0.8245937961595274 0.6705426356589147 0.049483013293943875 0.040482342807924204
13 0.47747415066469723 0.46210163652024117 0.0465288035450517 0.04909560723514212
12 0.6532496307237814 0.5671834625322998 0.03766617429837519 0.04565030146425495
16 0.3234859675036928 0.24375538329026702 0.047267355982274745 0.04478897502153316
10 0.3559822747415067 0.301464254952627 0.029542097488921715 0.053402239448751075
11 0.49446085672082724 0.5202411714039621 0.05096011816838996 0.04478897502153316
1 0.8364106351550961 0.4005167958656331 0.03471196454948301 0.05167958656330749
12 0.40214180206794686 0.35185185185185186 0.0465288035450517 0.047372954349698536
13 0.4065731166912851 0.520671834625323 0.04357459379615953 0.04909560723514212
5 0.5395125553914328 0.5740740740740741 0.039143279172821274 0.05254091300602928