13 0.268312101910828 0.4737603305785124 0.09288747346072186 0.06239669421487603
5 0.7717622080679405 0.3648760330578512 0.048832271762208064 0.06363636363636363
17 0.5514861995753716 0.418801652892562 0.07537154989384288 0.049999999999999996
13 0.5809447983014862 0.10681818181818181 0.09182590233545647 0.06735537190082644
8 0.798036093418259 0.4925619834710744 0.12048832271762208 0.06446280991735537
13 0.583864118895966 0.23822314049586776 0.08598726114649681 0.0615702479338843
21 0.6491507430997877 0.2349173553719008 0.044585987261146494 0.06570247933884298
22 0.2914012738853503 0.23553719008264462 0.044585987261146494 0.050413223140495865
9 0.4575371549893843 0.41549586776859504 0.10934182590233546 0.09793388429752066
16 0.654723991507431 0.359297520661157 0.09076433121019108 0.05826446280991735
5 0.19851380042462843 0.47128099173553717 0.054140127388535034 0.0615702479338843
1 0.4493099787685775 0.48471074380165285 0.07165605095541401 0.05537190082644628
11 0.31342887473460723 0.1714876033057851 0.08121019108280254 0.05537190082644628
1 0.8845541401273885 0.49958677685950414 0.08014861995753715 0.06363636363636363
1 0.8264331210191083 0.3101239669421488 0.04777070063694267 0.04256198347107438
16 0.4758492569002123 0.2975206611570248 0.0865180467091295 0.05702479338842975
5 0.6682590233545648 0.42293388429752066 0.058386411889596604 0.05826446280991735
22 0.708864118895966 0.11322314049586776 0.05785562632696391 0.05950413223140496
23 0.7258492569002123 0.3665289256198347 0.04617834394904458 0.05619834710743801
21 0.7245222929936306 0.42644628099173554 0.054140127388535034 0.06115702479338843
13 0.3046709129511677 0.2944214876033058 0.055201698513800426 0.05909090909090909
10 0.6127919320594479 0.4318181818181818 0.052547770700636945 0.06776859504132231
22 0.4286093418259023 0.16818181818181818 0.05148619957537155 0.05950413223140496
10 0.3641188959660297 0.42561983471074377 0.06369426751592357 0.06776859504132231
16 0.5586518046709129 0.057644628099173555 0.07590233545647558 0.05578512396694215
13 0.7231953290870489 0.24070247933884298 0.09182590233545647 0.06652892561983471
23 0.4185244161358811 0.36177685950413224 0.047239915074309975 0.05743801652892562
5 0.2300955414012739 0.36136363636363633 0.056794055201698515 0.05743801652892562
6 0.6520700636942675 0.49111570247933883 0.09076433121019108 0.06983471074380165
6 0.3728768577494692 0.48285123966942145 0.0865180467091295 0.06983471074380165
13 0.1531316348195329 0.3605371900826446 0.09076433121019108 0.05578512396694215
5 0.5066348195329087 0.23553719008264462 0.06210191082802548 0.05454545454545454
8 0.29432059447983017 0.36177685950413224 0.08439490445859872 0.0615702479338843
13 0.6751592356687898 0.3002066115702479 0.08280254777070063 0.05826446280991735
3 0.4769108280254777 0.1677685950413223 0.08121019108280254 0.052066115702479335
1 0.5559978768577495 0.17520661157024792 0.061040339702760085 0.04793388429752066
13 0.6305732484076433 0.17520661157024792 0.09872611464968152 0.06033057851239669
1 0.708864118895966 0.17768595041322313 0.06634819532908705 0.0652892561983471
1 0.570859872611465 0.48698347107438017 0.07165605095541401 0.05743801652892562
12 0.7722929936305732 0.18037190082644627 0.06369426751592357 0.06652892561983471
5 0.13136942675159236 0.4650826446280992 0.06634819532908705 0.05743801652892562
11 0.4994692144373673 0.3609504132231405 0.11995753715498939 0.05743801652892562
3 0.5034501061571125 0.48698347107438017 0.07696390658174097 0.05495867768595041
5 0.6528662420382165 0.10619834710743802 0.054140127388535034 0.07520661157024794
23 0.35615711252653925 0.2981404958677686 0.055201698513800426 0.06652892561983471
23 0.5432590233545648 0.29483471074380163 0.06210191082802548 0.054132231404958674
1 0.6035031847133758 0.29793388429752066 0.058386411889596604 0.06033057851239669
21 0.309447983014862 0.4171487603305785 0.050955414012738856 0.046694214876033056
6 0.3495222929936306 0.2334710743801653 0.07696390658174097 0.05619834710743801
11 0.23991507430997877 0.4177685950413223 0.09554140127388534 0.04793388429752066
21 0.7940552016985137 0.24380165289256198 0.055201698513800426 0.06446280991735537
17 0.7189490445859873 0.487396694214876 0.07590233545647558 0.06900826446280992
16 0.15684713375796178 0.4146694214876033 0.06210191082802548 0.048347107438016526
8 0.8927813163481954 0.4318181818181818 0.10934182590233546 0.06363636363636363
5 0.38030785562632696 0.168801652892562 0.061040339702760085 0.05826446280991735
3 0.7555732484076433 0.3043388429752066 0.0865180467091295 0.06487603305785124
3 0.4150743099787686 0.29793388429752066 0.054140127388535034 0.06033057851239669
10 0.5825371549893843 0.37169421487603305 0.05360934182590234 0.07314049586776859
13 0.7959129511677282 0.4268595041322314 0.0865180467091295 0.05619834710743801
8 0.42648619957537154 0.2371900826446281 0.101380042462845 0.06363636363636363
13 0.8434182590233545 0.36611570247933883 0.09978768577494691 0.06776859504132231
21 0.3447452229299363 0.3638429752066116 0.06422505307855626 0.050826446280991734