13 0.8478747203579419 0.26672484002326935 0.09172259507829977 0.05875509016870273
21 0.16331096196868009 0.9368819080860965 0.08948545861297538 0.05061082024432809
22 0.6476510067114094 0.2696335078534031 0.040268456375838924 0.05293775450843514
13 0.23210290827740493 0.3382780686445608 0.0883668903803132 0.05061082024432809
12 0.3819910514541387 0.5805700988947062 0.06599552572706935 0.05351948807446189
23 0.3327740492170022 0.6559045956951716 0.09507829977628635 0.055264688772542175
23 0.7600671140939597 0.9805119255381035 0.05704697986577181 0.02617801047120419
22 0.17058165548098433 0.6591041303083187 0.03691275167785235 0.05002908667830134
23 0.41722595078299773 0.8077370564281559 0.08277404921700224 0.055264688772542175
5 0.342841163310962 0.810936591041303 0.08165548098434004 0.05235602094240838
23 0.20861297539149887 0.5299592786503781 0.08612975391498881 0.06166375799883653
8 0.2483221476510067 0.8141361256544503 0.1185682326621924 0.04130308318789994
16 0.24496644295302014 0.6614310645724258 0.09395973154362416 0.05002908667830134
7 0.17785234899328858 0.46393251890634085 0.07829977628635347 0.04944735311227458
19 0.44798657718120805 0.5791157649796393 0.0883668903803132 0.05293775450843514
5 0.37080536912751677 0.7303664921465969 0.09507829977628635 0.05875509016870273
21 0.6940715883668903 0.9837114601512507 0.0592841163310962 0.026759744037230946
5 0.31431767337807603 0.5869691681210005 0.0738255033557047 0.054682955206515414
17 0.21085011185682326 0.7292030250145433 0.0883668903803132 0.051774287376381616
6 0.35570469798657717 0.8726003490401396 0.09619686800894854 0.04653868528214078
21 0.22539149888143176 0.9880744618964514 0.09284116331096197 0.01803374054682955
7 0.3965324384787472 0.9322280395578825 0.15771812080536912 0.05875509016870273
1 0.29586129753914986 0.16143106457242581 0.07046979865771812 0.0634089586969168
7 0.14988814317673377 0.3481675392670157 0.06263982102908278 0.04246655031995346
3 0.2930648769574944 0.9316463059918557 0.07158836689038031 0.05293775450843514
23 0.6029082774049217 0.5794066317626527 0.08501118568232661 0.05351948807446189
13 0.38478747203579416 0.16230366492146597 0.09843400447427293 0.05584642233856893
0 0.40268456375838924 0.2766143106457242 0.09395973154362416 0.05410122164048865
14 0.7114093959731543 0.27079697498545663 0.06711409395973154 0.05061082024432809
1 0.3277404921700224 0.27981384525887143 0.07829977628635347 0.04653868528214078
19 0.1174496644295302 0.8726003490401396 0.087248322147651 0.058173356602675974
23 0.28523489932885904 0.7332751599767307 0.08277404921700224 0.05759162303664921
23 0.4960850111856823 0.8016288539848749 0.08612975391498881 0.05351948807446189
21 0.44295302013422816 0.8731820826061664 0.09395973154362416 0.051192553810354854
1 0.19686800894854586 0.8702734147760326 0.087248322147651 0.04886561954624782
23 0.2354586129753915 0.93804537521815 0.09060402684563758 0.05410122164048865
16 0.16946308724832215 0.1588132635253054 0.05257270693512304 0.06399069226294357
8 0.5715883668903803 0.2702152414194299 0.116331096196868 0.051774287376381616
21 0.48713646532438476 0.2713787085514834 0.07494407158836688 0.051774287376381616
23 0.23657718120805368 0.16375799883653286 0.08165548098434004 0.06689936009307737
13 0.6895973154362416 0.7920302501454334 0.09955257270693513 0.05759162303664921
14 0.2835570469798658 0.8702734147760326 0.09507829977628635 0.051192553810354854
1 0.14541387024608501 0.8080279232111692 0.08948545861297538 0.051192553810354854
23 0.5363534675615212 0.8685282140779522 0.1174496644295302 0.05235602094240838
21 0.5307606263982103 0.5831878999418266 0.07718120805369127 0.05293775450843514
13 0.2186800894854586 0.5866783013379872 0.1040268456375839 0.05875509016870273
6 0.24384787472035793 0.28214077952297845 0.09395973154362416 0.04304828388598022
16 0.5861297539149888 0.7998836532867946 0.11185682326621924 0.06166375799883653
21 0.7718120805369127 0.26672484002326935 0.08053691275167785 0.04944735311227458
23 0.2371364653243848 0.22891215823152994 0.08277404921700224 0.04944735311227458
13 0.4569351230425056 0.7303664921465969 0.09060402684563758 0.051774287376381616