21 0.2304166666666667 0.6447497546614327 0.07583333333333334 0.07262021589793916
17 0.30250000000000005 0.7669283611383709 0.06166666666666667 0.08930323846908733
13 0.30000000000000004 0.6383709519136408 0.07833333333333334 0.07360157016683022
10 0.25625000000000003 0.3581943081452404 0.04916666666666667 0.09813542688910697
12 0.36250000000000004 0.754170755642787 0.06666666666666667 0.07948969578017664
14 0.29291666666666666 0.4636898920510304 0.0625 0.06967615309126594
16 0.4529166666666667 0.35426889106967613 0.0775 0.09421000981354269
14 0.3541666666666667 0.4641805691854759 0.065 0.06869479882237488
16 0.43083333333333335 0.7473012757605495 0.08666666666666667 0.09126594700686948
1 0.24750000000000003 0.7654563297350343 0.08166666666666667 0.0902845927379784
22 0.48958333333333337 0.7384690873405299 0.0425 0.09126594700686948
23 0.14916666666666667 0.33758586849852795 0.04666666666666667 0.0647693817468106
5 0.3145833333333333 0.3552502453385672 0.0675 0.1000981354268891
17 0.46125000000000005 0.4553483807654563 0.0675 0.07850834151128556
23 0.5208333333333334 0.44946025515210986 0.05166666666666667 0.08243375858684984
21 0.20125 0.3439646712463199 0.0675 0.0677134445534838
1 0.13833333333333334 0.4685966633954857 0.05 0.0775269872423945
3 0.35000000000000003 0.24043179587831207 0.08833333333333333 0.06869479882237488
19 0.18333333333333335 0.2423945044160942 0.08 0.09617271835132482
22 0.24791666666666667 0.46712463199214915 0.03916666666666667 0.0902845927379784
1 0.4141666666666667 0.2477919528949951 0.10833333333333334 0.0873405299313052
23 0.19375 0.7664376840039253 0.052500000000000005 0.060843964671246316
23 0.29208333333333336 0.2384690873405299 0.060833333333333336 0.09224730127576054
4 0.3791666666666667 0.35574092247301276 0.08166666666666667 0.09322865554465161
19 0.19458333333333336 0.4695780176643768 0.06916666666666667 0.08930323846908733
5 0.405 0.45731108930323844 0.05 0.06869479882237488
22 0.24208333333333334 0.2438665358194308 0.0425 0.10107948969578016