23 0.7577911427009294 0.5124238162212846 0.03280481137233461 0.026254102203469295
1 0.5937670858392564 0.1969057665260197 0.02952433023510115 0.029067041725269575
1 0.7449425915800983 0.3886544772620722 0.03335155822854018 0.025316455696202535
5 0.8537452159650082 0.612751992498828 0.031164570803717876 0.029067041725269575
1 0.7263531984691087 0.19596812001875294 0.02569710224166211 0.030942334739803096
9 0.6156369600874795 0.25972808251289264 0.03827227993439038 0.042194092827004225
3 0.6506287588846363 0.636896390060947 0.03717878622197922 0.030473511486169717
11 0.7618917441224713 0.3206751054852321 0.035538545653362494 0.032817627754336616
1 0.6208310552214324 0.8940459446788561 0.03335155822854018 0.030004688232536336
5 0.7605248769819574 0.6418190342240976 0.02952433023510115 0.030004688232536336
21 0.9229086932750136 0.6150961087669948 0.036085292509568066 0.030004688232536336
14 0.5940404592673592 0.6378340365682138 0.026790595954073262 0.031411157993436474
21 0.7452159650082012 0.8042662916080638 0.03827227993439038 0.033286451007969994
23 0.6817933296883543 0.4149085794655415 0.03280481137233461 0.025316455696202535
9 0.6714051394204483 0.8312236286919832 0.03717878622197922 0.044069385841537745
1 0.6839803171131765 0.8014533520862636 0.0306178239475123 0.031411157993436474
21 0.706670311645708 0.8628691983122363 0.03335155822854018 0.029535864978902954
1 0.5688901038819026 0.3837318330989217 0.03335155822854018 0.029535864978902954
14 0.5970475669764899 0.383497421472105 0.03389830508474576 0.030004688232536336
23 0.9671951886276653 0.6776840131270512 0.026243849097867686 0.027660571964369433
22 0.6774193548387096 0.22597280825128926 0.016402405686167305 0.029067041725269575
8 0.6697648988518315 0.8645100796999532 0.044833242208857295 0.028129395218002815
5 0.5549480590486604 0.7667604313173934 0.03171131765992345 0.03234880450070324
22 0.6457080371787862 0.8924050632911393 0.02077638053581192 0.030473511486169717
5 0.6558228540185893 0.2257383966244726 0.030071077091306724 0.029535864978902954
1 0.700109349371241 0.7365213314580403 0.031164570803717876 0.03375527426160338
21 0.6432476763258611 0.6683075480543835 0.03335155822854018 0.029535864978902954
16 0.6664844177145981 0.386544772620722 0.03827227993439038 0.025785278949835913
22 0.6243849097867686 0.4158462259728083 0.02077638053581192 0.03187998124706986
11 0.762165117550574 0.2911392405063291 0.04045926735921268 0.026254102203469295
11 0.5828321487151449 0.8286451007969996 0.03827227993439038 0.031411157993436474
3 0.5675232367413887 0.41373652133145805 0.034991798797156914 0.028598218471636194
13 0.682066703116457 0.6699484294421003 0.04428649535265172 0.032817627754336616
22 0.6273920174958993 0.35185185185185186 0.018042646254784033 0.026722925457102673
14 0.5658829961727719 0.6373652133145804 0.0306178239475123 0.03422409751523676
7 0.7386550027337342 0.8928738865447726 0.05139420448332422 0.027660571964369433
17 0.6221979223619464 0.2913736521331458 0.03389830508474576 0.025785278949835913
21 0.6109896118097321 0.979606188466948 0.03335155822854018 0.022034692920768872
1 0.7772006560962273 0.8666197843413034 0.021323127392017496 0.030473511486169717
22 0.6971022416621104 0.8305203938115331 0.017495899398578457 0.030473511486169717
22 0.6703116457080371 0.19737458977965308 0.02077638053581192 0.029067041725269575
3 0.7017495899398578 0.2548054383497422 0.027884089666484417 0.028598218471636194
17 0.5885729907053034 0.7667604313173934 0.03991252050300711 0.03516174402250352
5 0.7268999453253143 0.29090482887951247 0.030071077091306724 0.026722925457102673
17 0.7813012575177692 0.612751992498828 0.036085292509568066 0.034692920768870136
10 0.6435210497539638 0.8312236286919832 0.02405686167304538 0.0356305672761369
1 0.6809732094040459 0.35278949835911866 0.031164570803717876 0.031411157993436474
11 0.6435210497539638 0.4479606188466948 0.04264625478403499 0.030473511486169717
3 0.6211044286495352 0.543834974214721 0.02077638053581192 0.026254102203469295
17 0.555494805904866 0.7977027660571965 0.03280481137233461 0.027660571964369433
3 0.825587752870421 0.6748710736052509 0.034991798797156914 0.030473511486169717
3 0.7498633132859486 0.8345053914674169 0.03991252050300711 0.029067041725269575
0 0.6528157463094587 0.2611345522737928 0.03280481137233461 0.02344116268166901
5 0.6577364680153088 0.7623066104078763 0.03389830508474576 0.03187998124706986
12 0.6979223619464188 0.8928738865447726 0.03225806451612903 0.027660571964369433
5 0.6186440677966102 0.8293483356774497 0.031164570803717876 0.030004688232536336
5 0.6312192454893384 0.8607594936708861 0.036632039365773646 0.03187998124706986
5 0.5661563696008748 0.44772620721987816 0.031164570803717876 0.029067041725269575
21 0.6246582832148715 0.9231129864041256 0.034445051940951335 0.028129395218002815
10 0.7547840349917988 0.8654477262072199 0.024603608529250955 0.029067041725269575
13 0.7501366867140513 0.6101734646038444 0.04264625478403499 0.030473511486169717
5 0.6694915254237288 0.892639474917956 0.030071077091306724 0.030004688232536336
20 0.58529250956807 0.7984060009376466 0.03335155822854018 0.028129395218002815
23 0.6522689994532531 0.3499765588373184 0.03171131765992345 0.027660571964369433
6 0.7627118644067796 0.48007501172058137 0.03936577364680153 0.028129395218002815
17 0.621377802077638 0.19596812001875294 0.031164570803717876 0.03187998124706986
10 0.7113176599234554 0.9772620721987811 0.02952433023510115 0.020159399906235352
6 0.5934937124111536 0.22714486638537273 0.03335155822854018 0.027660571964369433
5 0.7720065609622744 0.5782934833567746 0.03827227993439038 0.029535864978902954
23 0.5907599781301257 0.9217065166432256 0.03225806451612903 0.026254102203469295
23 0.14270092946965554 0.409985935302391 0.03280481137233461 0.029535864978902954
21 0.6708583925642427 0.5140646976090014 0.03280481137233461 0.03234880450070324
13 0.749316566429743 0.6711204875761838 0.03881902679059595 0.029535864978902954
10 0.6593767085839256 0.4840600093764651 0.019682886823400764 0.030473511486169717
14 0.6271186440677966 0.3837318330989217 0.028430836522689993 0.03234880450070324
12 0.6539092400218698 0.8012189404594469 0.03280481137233461 0.029067041725269575
5 0.6339529797703662 0.48265353961556495 0.030071077091306724 0.027660571964369433
14 0.9543466375068342 0.6157993436474449 0.0377255330781848 0.031411157993436474
7 0.7739201749589939 0.9594467885607126 0.034445051940951335 0.029535864978902954
13 0.6610169491525424 0.29043600562587907 0.04155276107162384 0.023909985935302393
3 0.5776380535811919 0.9512423816221285 0.03881902679059595 0.028129395218002815
22 0.731273920174959 0.31926863572433195 0.022416621104428647 0.03375527426160338
5 0.6476216511755057 0.5454758556024379 0.03225806451612903 0.023909985935302393
5 0.9338436303991251 0.6772151898734178 0.03171131765992345 0.027660571964369433
1 0.682066703116457 0.6439287388654478 0.030071077091306724 0.021097046413502112
13 0.5896664844177145 0.28996718237224567 0.035538545653362494 0.023909985935302393
5 0.7296336796063422 0.48054383497421477 0.02897758337889557 0.029067041725269575
11 0.7386550027337342 0.9219409282700423 0.03717878622197922 0.03703703703703704
23 0.5940404592673592 0.5426629160806377 0.034445051940951335 0.025785278949835913
22 0.7315472936030617 0.8640412564463198 0.016402405686167305 0.027191748710736055
5 0.7452159650082012 0.44678856071261136 0.02952433023510115 0.030004688232536336
5 0.7154182613449972 0.4174871073605251 0.034445051940951335 0.025785278949835913
5 0.7580645161290323 0.2590248476324426 0.03335155822854018 0.027660571964369433
21 0.5817386550027337 0.3209095171120488 0.0306178239475123 0.023909985935302393
10 0.8690541279387644 0.646038443506798 0.02897758337889557 0.032817627754336616
7 0.5574084199015855 0.6024378809188936 0.04866047020229634 0.030004688232536336
1 0.5924002186987425 0.513595874355368 0.034445051940951335 0.030473511486169717
21 0.5997813012575177 0.4149085794655415 0.03280481137233461 0.025316455696202535
21 0.6828868234007655 0.4484294421003282 0.03717878622197922 0.031411157993436474
5 0.9609075997813012 0.6472105016408815 0.036632039365773646 0.033286451007969994
5 0.6735921268452706 0.3176277543366151 0.02952433023510115 0.030473511486169717
5 0.7088572990705303 0.6092358180965777 0.03335155822854018 0.028598218471636194
21 0.722252597047567 0.5457102672292546 0.04373974849644614 0.027191748710736055
13 0.7050300710770913 0.22620721987810596 0.04100601421541826 0.027660571964369433
23 0.6079825041006014 0.4838255977496484 0.02405686167304538 0.029067041725269575
16 0.7706396938217605 0.7414439756211908 0.034445051940951335 0.03422409751523676
5 0.5869327501366867 0.2583216127519925 0.02569710224166211 0.03187998124706986
20 0.6410606889010387 0.32184716361931553 0.04100601421541826 0.023909985935302393
23 0.6241115363586659 0.7648851383028599 0.031164570803717876 0.03234880450070324
21 0.6328594860579552 0.7355836849507736 0.04100601421541826 0.027191748710736055
10 0.6591033351558229 0.5761837787154244 0.02569710224166211 0.030942334739803096
21 0.6481683980317113 0.41631504922644164 0.03335155822854018 0.026254102203469295
5 0.6828868234007655 0.9791373652133146 0.027337342810278838 0.022972339428035633
14 0.7184253690541279 0.8356774496015003 0.028430836522689993 0.030473511486169717
6 0.5913067249863313 0.8942803563056728 0.034445051940951335 0.029535864978902954
14 0.7490431930016402 0.7733239568682607 0.028430836522689993 0.029535864978902954
17 0.5724439584472389 0.6692451945616503 0.0306178239475123 0.03234880450070324
1 0.599507927829415 0.8616971401781529 0.030071077091306724 0.01969057665260197
20 0.6273920174958993 0.5750117205813409 0.036632039365773646 0.03234880450070324
21 0.7457627118644068 0.22808251289263948 0.044833242208857295 0.029535864978902954
21 0.7692728266812465 0.3565400843881857 0.03171131765992345 0.030473511486169717
8 0.706670311645708 0.38842006563525555 0.04428649535265172 0.030473511486169717
23 0.700109349371241 0.4784341303328645 0.02897758337889557 0.025785278949835913
6 0.5571350464734828 0.7353492733239569 0.04045926735921268 0.027660571964369433
19 0.6410606889010387 0.5131270511017346 0.034445051940951335 0.033286451007969994
17 0.6107162383816293 0.319971870604782 0.034991798797156914 0.026722925457102673
21 0.8936577364680153 0.6448663853727146 0.034445051940951335 0.030473511486169717
3 0.7159650082012028 0.9573370839193625 0.03225806451612903 0.032817627754336616
13 0.6022416621104428 0.4484294421003282 0.03881902679059595 0.03609939052977028
3 0.7525970475669764 0.19831223628691985 0.03225806451612903 0.028129395218002815
0 0.6861673045379989 0.7665260196905767 0.03717878622197922 0.029067041725269575
13 0.5880262438490979 0.5712611345522738 0.04100601421541826 0.03234880450070324
21 0.5604155276107162 0.5417252695733709 0.0306178239475123 0.022034692920768872
5 0.5251503553854565 0.7351148616971402 0.02897758337889557 0.030942334739803096
23 0.8004373974849645 0.6739334270979841 0.027337342810278838 0.030473511486169717
3 0.5934937124111536 0.7348804500703235 0.036632039365773646 0.029535864978902954
13 0.6528157463094587 0.955461790904829 0.04264625478403499 0.03187998124706986
21 0.6027884089666484 0.35208626347866856 0.034445051940951335 0.028129395218002815
16 0.8108255877528704 0.7055789967182373 0.03389830508474576 0.02250351617440225
5 0.6984691088026244 0.9231129864041256 0.03991252050300711 0.034692920768870136
10 0.711864406779661 0.803328645100797 0.028430836522689993 0.03609939052977028
1 0.6856205576817933 0.9547585560243789 0.03171131765992345 0.03516174402250352
22 0.6178239475123017 0.9542897327707455 0.02952433023510115 0.023909985935302393
8 0.6700382722799344 0.606657290201594 0.043193001640240564 0.030004688232536336
21 0.11262985237834881 0.40670417252695734 0.0306178239475123 0.031411157993436474
7 0.691088026243849 0.5745428973277075 0.04920721705850191 0.031411157993436474
3 0.9275560415527611 0.6458040318799813 0.035538545653362494 0.03609939052977028
23 0.7618917441224713 0.979606188466948 0.026790595954073262 0.01922175339896859
3 0.6541826134499726 0.9791373652133146 0.022416621104428647 0.022034692920768872
5 0.6347731000546747 0.605954055321144 0.03389830508474576 0.03234880450070324
7 0.749316566429743 0.4156118143459916 0.03335155822854018 0.024847632442569153
22 0.6159103335155822 0.5124238162212846 0.01694915254237288 0.030942334739803096
5 0.7698195735374521 0.9254571026722926 0.025150355385456534 0.03750586029067042
8 0.6066156369600875 0.6708860759493671 0.04100601421541826 0.030942334739803096
16 0.8630399125205029 0.676277543366151 0.04100601421541826 0.027660571964369433
0 0.900492072170585 0.6753398968588843 0.03389830508474576 0.03234880450070324
5 0.7211591033351558 0.7721518987341772 0.03171131765992345 0.03187998124706986
14 0.5694368507381082 0.8614627285513362 0.027884089666484417 0.027660571964369433
14 0.696282121377802 0.513595874355368 0.03225806451612903 0.028598218471636194
1 0.6208310552214324 0.6373652133145804 0.030071077091306724 0.029535864978902954
3 0.6260251503553854 0.2257383966244726 0.03389830508474576 0.028598218471636194
14 0.7151448879168945 0.4484294421003282 0.027337342810278838 0.03234880450070324
13 0.7936030617823947 0.6436943272386311 0.0377255330781848 0.026254102203469295
6 0.69901585565883 0.19573370839193624 0.03881902679059595 0.030473511486169717
6 0.7370147621651175 0.7414439756211908 0.0306178239475123 0.026722925457102673
23 0.5440131219245489 0.8223159868729489 0.02952433023510115 0.029067041725269575
5 0.7162383816293056 0.6718237224566339 0.0306178239475123 0.030004688232536336
11 0.8337889557135046 0.6441631504922645 0.04592673592126845 0.029067041725269575
10 0.7433023510114817 0.9587435536802627 0.021323127392017496 0.030942334739803096
5 0.6194641880809185 0.7986404125644633 0.034991798797156914 0.028598218471636194
22 0.6765992345544013 0.26019690576652604 0.021323127392017496 0.028129395218002815
14 0.7383816293056314 0.35724331926863573 0.03225806451612903 0.030942334739803096
21 0.7274466921815199 0.5147679324894515 0.035538545653362494 0.026254102203469295
14 0.7088572990705303 0.35208626347866856 0.031164570803717876 0.034692920768870136
13 0.7348277747402951 0.5761837787154244 0.03936577364680153 0.03375527426160338
22 0.6785128485511208 0.4817158931082982 0.016402405686167305 0.028598218471636194
20 0.6946418808091853 0.29324894514767935 0.034445051940951335 0.024847632442569153
3 0.6481683980317113 0.1964369432723863 0.034445051940951335 0.028129395218002815
13 0.8198469108802624 0.6132208157524613 0.03881902679059595 0.030004688232536336
9 0.5716238381629305 0.9739803094233475 0.035538545653362494 0.03234880450070324
7 0.5708037178786222 0.48218471636193155 0.04811372334609076 0.027660571964369433
19 0.8829961727720065 0.6143928738865448 0.03827227993439038 0.03422409751523676
11 0.6837069436850738 0.5445382090951711 0.035538545653362494 0.028598218471636194
23 0.6011481683980316 0.6068917018284107 0.03881902679059595 0.030473511486169717
14 0.7597047566976489 0.5457102672292546 0.034445051940951335 0.027191748710736055
3 0.5716238381629305 0.34786685419596813 0.02897758337889557 0.029067041725269575
8 0.7230727173318753 0.6406469760900141 0.04428649535265172 0.03234880450070324
6 0.5617823947512302 0.5121894045944679 0.03225806451612903 0.030473511486169717
13 0.7804811372334609 0.8917018284106892 0.030071077091306724 0.025316455696202535
16 0.7780207763805358 0.7756680731364276 0.027337342810278838 0.026722925457102673
10 0.6686714051394204 0.7327707454289734 0.03171131765992345 0.029067041725269575
3 0.7031164570803717 0.3183309892170652 0.036085292509568066 0.027191748710736055
0 0.08365226899945324 0.4102203469292077 0.0306178239475123 0.03375527426160338