8 0.7204188481675393 0.9309672386895476 0.06910994764397907 0.04758190327613104
17 0.6539267015706807 0.9329173166926678 0.06596858638743457 0.0483619344773791
8 0.6795811518324608 0.6758970358814352 0.07958115183246074 0.041341653666146644
9 0.5879581151832461 0.11544461778471139 0.07853403141361258 0.0686427457098284
5 0.5539267015706807 0.7301092043681747 0.05026178010471205 0.0436817472698908
18 0.5827225130890052 0.36154446177847116 0.06387434554973823 0.044461778471138844
17 0.49790575916230373 0.4711388455538222 0.06387434554973823 0.0358814352574103
22 0.4879581151832461 0.421606864274571 0.02722513089005236 0.041341653666146644
11 0.4240837696335079 0.5741029641185648 0.07329842931937174 0.0374414976599064
11 0.599476439790576 0.5729329173166927 0.06596858638743457 0.038221528861154444
13 0.668062827225131 0.4641185647425897 0.07958115183246074 0.0390015600624025
1 0.38219895287958117 0.9414976599063963 0.05863874345549739 0.0358814352574103
5 0.7801047120418849 0.9309672386895476 0.05026178010471205 0.041341653666146644
8 0.5460732984293194 0.2636505460218409 0.07225130890052357 0.0436817472698908
10 0.5476439790575917 0.218798751950078 0.03979057591623037 0.04602184087363495
11 0.6455497382198954 0.5210608424336973 0.06387434554973823 0.0405616224648986
23 0.7193717277486912 0.5705928237129485 0.0774869109947644 0.04290171606864275
13 0.6104712041884818 0.8303432137285491 0.0712041884816754 0.044461778471138844
5 0.5916230366492147 0.7312792511700468 0.029319371727748695 0.038221528861154444
0 0.6099476439790577 0.7847113884555382 0.06596858638743457 0.0452418096723869
13 0.4722513089005236 0.8330733229329174 0.0712041884816754 0.0374414976599064
13 0.5230366492146598 0.8849453978159126 0.06806282722513089 0.04290171606864275
22 0.5989528795811518 0.5175507020280812 0.020942408376963352 0.03978159126365055
16 0.6701570680628273 0.6220748829953199 0.06910994764397907 0.03978159126365055
21 0.7544502617801048 0.6751170046801872 0.06178010471204189 0.038221528861154444
5 0.799476439790576 0.8319032761310453 0.04712041884816755 0.035101404056162244
1 0.6303664921465969 0.8837753510140406 0.05026178010471205 0.046801872074883
1 0.5397905759162305 0.937207488299532 0.05759162303664922 0.044461778471138844
16 0.39738219895287963 0.8338533541341654 0.06596858638743457 0.0421216848673947
8 0.4759162303664922 0.312402496099844 0.0806282722513089 0.03978159126365055
12 0.7691099476439791 0.6232449297971919 0.04502617801047121 0.0421216848673947
3 0.7167539267015708 0.7749609984399376 0.05549738219895289 0.038221528861154444
13 0.8633507853403142 0.9270670826833074 0.051308900523560214 0.035101404056162244
3 0.6115183246073299 0.3170826833073323 0.04816753926701571 0.04758190327613104
5 0.4397905759162304 0.47269890795631825 0.05026178010471205 0.0374414976599064
16 0.47434554973821996 0.5206708268330733 0.06910994764397907 0.04602184087363495
17 0.7691099476439791 0.7289391575663027 0.05549738219895289 0.04602184087363495
5 0.44816753926701575 0.4200468018720749 0.052356020942408384 0.044461778471138844
10 0.5078534031413613 0.36622464898595947 0.05026178010471205 0.04290171606864275
16 0.5539267015706807 0.31630265210608427 0.06910994764397907 0.04602184087363495
8 0.6801047120418849 0.4184867394695788 0.0743455497382199 0.04290171606864275
16 0.48743455497382204 0.21372854914196568 0.05759162303664922 0.0327613104524181
14 0.4345549738219896 0.9422776911076444 0.05445026178010472 0.0405616224648986
3 0.4141361256544503 0.5202808112324493 0.051308900523560214 0.0421216848673947
20 0.5005235602094241 0.7371294851794072 0.05026178010471205 0.0421216848673947
7 0.6015706806282723 0.6778471138845554 0.08272251308900525 0.0530421216848674
1 0.3895287958115184 0.7862714508580344 0.041884816753926704 0.0390015600624025
8 0.7387434554973823 0.8295631825273011 0.05759162303664922 0.04914196567862715
5 0.41256544502617803 0.625585023400936 0.052356020942408384 0.0405616224648986
21 0.7178010471204189 0.7281591263650546 0.04921465968586388 0.044461778471138844
0 0.6832460732984293 0.8802652106084243 0.05968586387434555 0.04290171606864275
1 0.5916230366492147 0.21840873634945399 0.04816753926701571 0.0530421216848674
1 0.4591623036649215 0.8892355694227769 0.051308900523560214 0.0390015600624025
16 0.47696335078534036 0.25702028081123246 0.05968586387434555 0.04290171606864275
13 0.6476439790575916 0.7324492979719189 0.0743455497382199 0.0421216848673947
8 0.5324607329842932 0.42082683307332297 0.04921465968586388 0.044461778471138844
16 0.6795811518324608 0.8303432137285491 0.06492146596858639 0.044461778471138844
14 0.4832460732984294 0.9434477379095164 0.05759162303664922 0.04290171606864275
13 0.4759162303664922 0.6287051482059283 0.06596858638743457 0.0405616224648986
11 0.5984293193717278 0.6236349453978159 0.0743455497382199 0.03666146645865835
16 0.6104712041884818 0.41770670826833073 0.06492146596858639 0.04290171606864275
1 0.6544502617801048 0.5729329173166927 0.04816753926701571 0.035101404056162244
22 0.7643979057591623 0.7780811232449298 0.0356020942408377 0.04290171606864275
10 0.5445026178010471 0.6844773790951638 0.03769633507853404 0.05226209048361935
6 0.45130890052356026 0.359594383775351 0.05445026178010472 0.0436817472698908
17 0.5408376963350786 0.8385335413416537 0.06387434554973823 0.0436817472698908
3 0.5827225130890052 0.8845553822152886 0.05968586387434555 0.0390015600624025
3 0.48376963350785346 0.15678627145085805 0.06282722513089006 0.0436817472698908
5 0.6670157068062827 0.7780811232449298 0.05863874345549739 0.041341653666146644
11 0.3952879581151833 0.8845553822152886 0.0743455497382199 0.0483619344773791
3 0.7910994764397906 0.8775351014040562 0.05759162303664922 0.0374414976599064
21 0.493717277486911 0.5741029641185648 0.06178010471204189 0.0390015600624025
14 0.4397905759162304 0.7851014040561622 0.05654450261780105 0.041341653666146644
23 0.5691099476439792 0.5183307332293292 0.03664921465968587 0.038221528861154444
16 0.5570680628272252 0.16536661466458658 0.08167539267015708 0.046801872074883
16 0.4047120418848168 0.732839313572543 0.05968586387434555 0.04290171606864275
23 0.5973821989528797 0.9356474258970359 0.06178010471204189 0.04602184087363495
16 0.5146596858638744 0.10569422776911076 0.0743455497382199 0.05070202808112324
22 0.4528795811518325 0.7312792511700468 0.032460732984293195 0.038221528861154444
17 0.5916230366492147 0.46801872074883 0.06910994764397907 0.046801872074883
22 0.7251308900523561 0.6205148205928237 0.032460732984293195 0.04602184087363495
1 0.6963350785340315 0.5222308892355695 0.052356020942408384 0.041341653666146644
14 0.4947643979057592 0.7843213728549142 0.05759162303664922 0.044461778471138844
10 0.5455497382198954 0.578003120124805 0.03979057591623037 0.046801872074883
22 0.8403141361256545 0.8849453978159126 0.03664921465968587 0.038221528861154444
1 0.5523560209424084 0.7831513260530422 0.05340314136125655 0.0436817472698908
5 0.7486910994764399 0.8837753510140406 0.05445026178010472 0.0374414976599064
9 0.48167539267015713 0.6801872074882995 0.07329842931937174 0.0733229329173167
23 0.536649214659686 0.6228549141965679 0.05759162303664922 0.03354134165366615