16 0.3441295546558705 0.7794715447154472 0.11336032388663968 0.10569105691056911
23 0.881578947368421 0.79369918699187 0.08906882591093118 0.0934959349593496
5 0.2768218623481781 0.6371951219512196 0.09615384615384616 0.10975609756097562
22 0.6022267206477733 0.8892276422764228 0.048582995951417005 0.10162601626016261
22 0.6330971659919028 0.7850609756097562 0.04757085020242915 0.11077235772357724
1 0.6639676113360324 0.8907520325203253 0.09716599190283401 0.09654471544715448
10 0.548582995951417 0.8856707317073171 0.06680161943319839 0.09451219512195123
8 0.7388663967611336 0.8932926829268294 0.09109311740890688 0.0813008130081301
16 0.7940283400809717 0.7901422764227644 0.09817813765182186 0.10873983739837399
11 0.46153846153846156 0.8877032520325204 0.09109311740890688 0.0701219512195122
8 0.17813765182186236 0.6361788617886179 0.12145748987854252 0.10975609756097562
13 0.43724696356275305 0.7779471544715448 0.10121457489878542 0.09451219512195123
16 0.47975708502024295 0.6468495934959351 0.11133603238866396 0.1128048780487805
21 0.5172064777327935 0.7769308943089431 0.08299595141700405 0.10670731707317074
10 0.590080971659919 0.7804878048780488 0.058704453441295545 0.11585365853658537
20 0.7009109311740891 0.7921747967479675 0.10222672064777329 0.11077235772357724
14 0.7510121457489879 0.6636178861788619 0.08704453441295547 0.12804878048780488
1 0.6553643724696356 0.6636178861788619 0.1062753036437247 0.13414634146341464
12 0.5824898785425101 0.6534552845528456 0.10222672064777329 0.10772357723577237
13 0.36538461538461536 0.878048780487805 0.09919028340080972 0.0813008130081301
21 0.833502024291498 0.6702235772357724 0.07388663967611336 0.10670731707317074
7 0.9078947368421053 0.6824186991869919 0.08097165991902834 0.10264227642276424
3 0.24595141700404857 0.7733739837398375 0.10526315789473684 0.09552845528455285
13 0.37601214574898784 0.644308943089431 0.11032388663967611 0.11178861788617887