0 0.2636805837049047 0.5099971838918614 0.03688690717470612 0.028161081385525203
7 0.7085528982569923 0.47606308082230353 0.06323469801378193 0.02900591382709096
3 0.7148358329955411 0.19501548859476203 0.044993919740575594 0.034638130104196
22 0.7221321443048236 0.36961419318501826 0.031211998378597488 0.026753027316248942
17 0.20936359951357925 0.33722894959166433 0.03526550466153223 0.02900591382709096
20 0.6884880421564653 0.3691917769642354 0.031211998378597488 0.030977189524077724
17 0.7740170247263883 0.1206702337369755 0.044993919740575594 0.033511686848774994
6 0.24665585731657882 0.43649676147564065 0.044993919740575594 0.028161081385525203
22 0.7638832590190515 0.297803435651929 0.03688690717470612 0.029569135454801464
21 0.8561005269558167 0.12207828780625175 0.03486015403323875 0.025626584060827934
12 0.8113092825293879 0.37271191213742605 0.04094041345764086 0.030132357082511968
12 0.15443858937981353 0.5097155730780062 0.029995946493717066 0.02196564348070966
19 0.6951763275233076 0.4049563503238524 0.04134576408593433 0.03435651929034075
23 0.21706526145115523 0.2641509433962264 0.03364410214835833 0.025908194874683186
10 0.735711390352655 0.40566037735849053 0.03810295905958654 0.03294846522106449
17 0.7543575192541548 0.26372852717544354 0.05188488042156465 0.02900591382709096
0 0.2503040129712201 0.26246127851309486 0.03769760843129307 0.025908194874683186
21 0.17490879610863397 0.3362433117431709 0.031211998378597488 0.03041396789636722
21 0.8388731252533441 0.193889045339341 0.0433725172274017 0.02900591382709096
5 0.18869071747061208 0.26246127851309486 0.04175111471422781 0.025908194874683186
13 0.2162545601945683 0.3027316248943959 0.04904742602351034 0.028161081385525203
22 0.18119173084718282 0.3038580681498169 0.020267531414673693 0.02647141650239369
14 0.15018240778273206 0.2652773866516474 0.03607620591811917 0.03379329766263024
1 0.2847588163761654 0.26189805688538437 0.03607620591811917 0.024781751619262177
16 0.2877989460883664 0.33582089552238803 0.04215646534252128 0.02787947057166995
22 0.3165788406972031 0.26372852717544354 0.02513173895419538 0.024500140805406925
8 0.847385488447507 0.3020275978597578 0.03769760843129307 0.02787947057166995
22 0.7957032833400892 0.15516755843424387 0.02432103769760843 0.03323007603491974
16 0.18139440616132954 0.37031822021965644 0.045804620997162544 0.022528865108420164
5 0.7022699635184434 0.5114052379611377 0.03769760843129307 0.028724303013235707
11 0.15362788812322659 0.43818642635877214 0.040535062829347386 0.02647141650239369
8 0.8309687880016214 0.4076316530554773 0.055127685447912446 0.032385243593353985
3 0.28354276449128496 0.4349479019994368 0.028779894608836645 0.028442692199380455
3 0.8194162950952574 0.1206702337369755 0.04418321848398865 0.027316248943959447
6 0.22111876773408998 0.11348915798366657 0.045804620997162544 0.02647141650239369
23 0.22314552087555736 0.5098563784849338 0.039319010944466964 0.028442692199380455
22 0.1909201459262262 0.225147845677274 0.027563842723956223 0.030132357082511968
22 0.2194973652209161 0.37031822021965644 0.024726388325901905 0.027034638130104195
16 0.8516416700445886 0.48042804843705994 0.0356708552898257 0.031540411151788225
16 0.19132549655451966 0.4007321881160236 0.0526955816781516 0.028724303013235707
16 0.7778678556951764 0.40720923683469445 0.047831374138629916 0.03604618417347226
20 0.8060397243615728 0.08434243874964799 0.032833400891771385 0.024500140805406925
22 0.7725982975273612 0.08589129822585187 0.02837454398054317 0.022528865108420164
5 0.2630725577624645 0.1147564066460152 0.040535062829347386 0.03294846522106449
19 0.751925415484394 0.5116868487749929 0.053506282934738546 0.02928752464094621
7 0.32306445074989865 0.43382145874401573 0.054316984191325496 0.02393691917769642
3 0.7288204296716659 0.055477330329484646 0.033238751520064856 0.02928752464094621
23 0.7987434130522902 0.19402985074626863 0.03445480340494528 0.029850746268656716
5 0.18788001621402514 0.5119684595888482 0.039319010944466964 0.028161081385525203
23 0.15605999189298744 0.3018867924528302 0.027563842723956223 0.028161081385525203
5 0.766518038102959 0.1553083638411715 0.034049452776651806 0.0340749084764855
21 0.7180786380218889 0.29752182483807377 0.04418321848398865 0.030695578710222472
13 0.7227401702472639 0.23232892143058292 0.0510741791649777 0.03041396789636722
22 0.3334008917713822 0.5107012109264996 0.023915687069314958 0.03294846522106449
16 0.1970004053506283 0.4366375668825683 0.05026347790839076 0.02787947057166995
5 0.8025942440210783 0.30061954379048156 0.04215646534252128 0.030695578710222472
8 0.8084718281313336 0.4773303294846522 0.04985812728009728 0.03210363277949873
13 0.8907580056749088 0.3720078851027879 0.045804620997162544 0.031540411151788225
10 0.24402107823267125 0.3363841171500985 0.033238751520064856 0.027316248943959447
14 0.7117957032833401 0.2645733596170093 0.040535062829347386 0.032385243593353985
13 0.8190109444669639 0.2312024781751619 0.04256181597081475 0.029850746268656716
5 0.8496149169031212 0.3729935229512813 0.0356708552898257 0.03294846522106449
5 0.17774625050668827 0.11785412559842297 0.04012971220105391 0.035201351731906506
13 0.8036076205918119 0.33708814418473665 0.04256181597081475 0.0275978597578147
1 0.12383461694365626 0.5122500704027034 0.031211998378597488 0.028161081385525203
10 0.8259019051479529 0.15911010982821738 0.028779894608836645 0.03491974091805125
5 0.8425212809079854 0.08476485497043086 0.039319010944466964 0.02647141650239369
21 0.7618565058775841 0.36834694452266964 0.0433725172274017 0.02928752464094621
1 0.762667207134171 0.05153477893551112 0.03688690717470612 0.03717262742889327
5 0.739562221321443 0.08575049281892425 0.03688690717470612 0.02506336243311743
20 0.8429266315362789 0.33736975499859195 0.03607620591811917 0.028161081385525203
21 0.15626266720713416 0.22472542945649113 0.03445480340494528 0.0275978597578147
1 0.3001621402513174 0.5094339622641509 0.039319010944466964 0.030977189524077724
0 0.7975273611674097 0.5099971838918614 0.0433725172274017 0.03323007603491974
22 0.7545601945683016 0.19571951562940015 0.04256181597081475 0.03323007603491974
20 0.13842723956222133 0.1168684877499296 0.02959059586542359 0.030977189524077724