13 0.8701521845851743 0.4489300683873814 0.04958271968581247 0.022060445621001543
5 0.673294059891998 0.385726891683212 0.043691703485517916 0.024045885726891682
3 0.6416298478154148 0.5368409441870725 0.07265586647029945 0.024487094639311712
11 0.8652430044182622 0.22810500772115597 0.05940108001963672 0.02029560997132142
16 0.8097692685321551 0.3868299139642621 0.05154639175257732 0.024928303551731743
23 0.8748159057437408 0.19777189499227885 0.040255277368679426 0.02316346790205162
5 0.5989199803632793 0.7075887932936245 0.057928325969563085 0.021398632252371496
7 0.6602847324496809 0.31921464813589234 0.07265586647029945 0.02029560997132142
23 0.7832596956308296 0.29230090447827045 0.041728031418753066 0.02514890800794176
7 0.703240058910162 0.5661813368630046 0.05940108001963672 0.01786896095301125
22 0.7096219931271478 0.3871608206485771 0.030927835051546393 0.021619236708581513
1 0.663966617574865 0.47407897639532315 0.06136475208640157 0.0242664901831017
1 0.5019636720667648 0.286234281932495 0.047619047619047616 0.027134348113831898
22 0.705694648993618 0.16412971542025148 0.027000490918016692 0.02470769909552173
21 0.538046146293569 0.5338627840282374 0.03436426116838488 0.021619236708581513
5 0.4783996072655866 0.8727112287668211 0.050564555719194895 0.022060445621001543
22 0.6627393225331369 0.29086697551290536 0.032400589101620025 0.024045885726891682
3 0.49803632793323516 0.38109419810280165 0.07511045655375552 0.020957423339951466
9 0.8424153166421208 0.6034634899624972 0.06087383406971036 0.04257666004853298
2 0.47569955817378495 0.7634017207147584 0.04418262150220913 0.027134348113831898
16 0.6556210112911144 0.22479594087800572 0.05154639175257732 0.02470769909552173
14 0.48379970544919 0.7975954114273108 0.062346588119784 0.02316346790205162
22 0.5972017673048601 0.19523494374586367 0.031909671084928815 0.022942863445841604
3 0.4877270495827197 0.5039708802117803 0.06431026018654884 0.025369512464151776
13 0.6595483554246441 0.44363556143834104 0.06136475208640157 0.0242664901831017
8 0.6060382916053019 0.16368850650783145 0.06725576828669612 0.022501654533421574
21 0.5571919489445263 0.25799691153761306 0.037309769268532154 0.01875137877785131
5 0.8247422680412371 0.5048532980366203 0.054000981836033385 0.019192587690271344
20 0.6674030436917034 0.3504301786896095 0.050564555719194895 0.024487094639311712
18 0.5989199803632793 0.50132362673726 0.05989199803632793 0.03242885506287227
5 0.5039273441335297 0.22369291859695564 0.047619047619047616 0.021178027796161483
13 0.6084928816887579 0.35109199205823954 0.06823760432007854 0.02316346790205162
1 0.8087874324987727 0.2585484226781381 0.042709867452135494 0.0242664901831017
23 0.7218949435444281 0.22755349658063093 0.05154639175257732 0.024487094639311712
23 0.5569464899361807 0.6470328700639753 0.048600883652430045 0.019413192146481358
20 0.7695139911634756 0.5057357158614604 0.054491899852724596 0.020516214427531435
3 0.5807560137457044 0.8260533862784027 0.050073637702503684 0.019633796602691374
11 0.8296514482081492 0.47926318111625854 0.08640157093765341 0.024045885726891682
1 0.5930289641629848 0.44264284138539595 0.051055473735886106 0.024045885726891682
21 0.803632793323515 0.19755129053606882 0.041237113402061855 0.020075005515111405
0 0.6013745704467354 0.2244650341936907 0.054000981836033385 0.021398632252371496
21 0.498772704958272 0.16379880873593647 0.051055473735886106 0.01875137877785131
1 0.48723613156602846 0.442863445841606 0.062346588119784 0.025810721376571807
7 0.5837015218458518 0.5913302448709463 0.061855670103092786 0.01875137877785131
1 0.48306332842415317 0.8225237149790425 0.045164457535591555 0.026693139201411867
3 0.4776632302405498 0.5875799691153761 0.07069219440353461 0.01698654312817119
0 0.5454099165439371 0.443194352525921 0.047128129602356406 0.021178027796161483
23 0.5294550810014728 0.5633134789322745 0.05154639175257732 0.020516214427531435
23 0.8097692685321551 0.1301566291639091 0.035837015218458515 0.03176704169424222
21 0.5603829160530192 0.1957864548863887 0.037800687285223365 0.020957423339951466
12 0.8286696121747668 0.4179351422898742 0.041237113402061855 0.020957423339951466
8 0.8485517918507609 0.1657842488418266 0.06725576828669612 0.02316346790205162
23 0.7211585665193913 0.32241341275093754 0.04418262150220913 0.020957423339951466
8 0.8075601374570447 0.5368409441870725 0.06480117820324005 0.019192587690271344
22 0.5471281296023564 0.31888374145157733 0.029945999018163964 0.029340392675932053
16 0.4803632793323515 0.7070372821530995 0.058419243986254296 0.023384072358261634
3 0.5044182621502209 0.1957864548863887 0.0662739322533137 0.02316346790205162
14 0.5461462935689739 0.22358261636885066 0.043691703485517916 0.02272225898963159
23 0.6283750613647521 0.19523494374586367 0.035346097201767304 0.022060445621001543
14 0.569219440353461 0.1257445400397088 0.044673539518900345 0.028237370394881976
20 0.540500736377025 0.7069269799249944 0.061855670103092786 0.021839841164791526
22 0.6325478645066274 0.6789102139863225 0.029945999018163964 0.024487094639311712
20 0.6180657830142366 0.386057798367527 0.057928325969563085 0.023384072358261634
5 0.7022582228767795 0.6238694021619237 0.045655375552282766 0.02470769909552173
17 0.5419734904270986 0.16390911096404145 0.047128129602356406 0.02603132583278182
20 0.6450662739322534 0.6215530553717185 0.053019145802650956 0.024928303551731743
5 0.768041237113402 0.22678138098389586 0.042709867452135494 0.021178027796161483
11 0.5849288168875798 0.5636443856165895 0.05940108001963672 0.020736818883741452
5 0.6718213058419243 0.1629163909110964 0.044673539518900345 0.02360467681447165
14 0.6195385370643103 0.1301566291639091 0.05891016200294551 0.02647253474520185
12 0.5893470790378007 0.28987425545996026 0.045655375552282766 0.022060445621001543
1 0.4941089837997054 0.471983234061328 0.06332842415316642 0.024487094639311712
6 0.7803141875306824 0.32528127068166773 0.048600883652430045 0.025810721376571807
14 0.7560137457044673 0.1958967571144937 0.05596465390279823 0.022942863445841604
22 0.7741777123220422 0.1315905581292742 0.031418753068237604 0.030222810500772114
15 0.5883652430044183 0.7981469225678358 0.052528227785959745 0.022501654533421574
16 0.4808541973490427 0.8492168541804545 0.050564555719194895 0.021839841164791526
10 0.5434462444771723 0.29053606882859034 0.03436426116838488 0.02603132583278182
3 0.49116347569955815 0.5341936907125524 0.06332842415316642 0.021398632252371496
3 0.7307314678448699 0.1331347893227443 0.0662739322533137 0.027134348113831898
19 0.47496318114874814 0.6770350761085374 0.06529209621993128 0.02470769909552173
3 0.501227295041728 0.35230531656739467 0.08247422680412371 0.02029560997132142
21 0.48134511536573393 0.5625413633355394 0.048600883652430045 0.018530774321641297
5 0.6273932253313697 0.28943304654754026 0.04221894943544428 0.020736818883741452
8 0.5385370643102602 0.7370394881976615 0.07069219440353461 0.021178027796161483
11 0.6678939617083947 0.6789102139863225 0.052528227785959745 0.02228105007721156
6 0.766813942071674 0.25656298257224797 0.05596465390279823 0.019854401058901388
13 0.6440844378988708 0.2586587249062431 0.054000981836033385 0.02360467681447165
16 0.5770741286205203 0.4116479152878888 0.043691703485517916 0.023384072358261634
8 0.7771232204221895 0.3540701522170748 0.06381934216985763 0.018971983234061327
21 0.5527736867943054 0.3532980366203397 0.039273441335297005 0.021839841164791526
1 0.5385370643102602 0.7990293403926759 0.04810996563573883 0.022942863445841604
23 0.7908689248895434 0.16523273770130156 0.046146293568973984 0.022060445621001543
3 0.7677957781050564 0.4479373483344363 0.051055473735886106 0.020075005515111405
23 0.7410407461953854 0.41848665343039926 0.039764359351988215 0.019854401058901388
12 0.7140402552773687 0.47672622986984337 0.038782523318605794 0.017207147584381202
17 0.5949926362297496 0.257114493712773 0.04418262150220913 0.026693139201411867
13 0.4786450662739322 0.6173615707037282 0.061855670103092786 0.024045885726891682
1 0.51620029455081 0.12221486874034855 0.056455571919489446 0.032208250606662256
10 0.5999018163966617 0.6797926318111626 0.035346097201767304 0.024045885726891682
13 0.592292587137948 0.3191043459077873 0.050564555719194895 0.024045885726891682
14 0.7061855670103092 0.19534524597396866 0.045655375552282766 0.02360467681447165
9 0.615365733922435 0.6511140525038606 0.05940108001963672 0.03507610853739245
17 0.7395679921453118 0.2907566732848003 0.045655375552282766 0.022942863445841604
1 0.6681394207167403 0.6485771012574454 0.04221894943544428 0.02559011692036179
16 0.7140402552773687 0.3544010589013898 0.047619047619047616 0.026251930288991837
7 0.4894452626411389 0.6494595190822854 0.07265586647029945 0.017648356496801236
17 0.53240058910162 0.8279285241561879 0.047619047619047616 0.027354952570041915
14 0.604074619538537 0.47407897639532315 0.06332842415316642 0.02382528127068167
22 0.8384879725085911 0.1983234061328039 0.032400589101620025 0.02514890800794176
17 0.5819833087874325 0.5351864107654974 0.052528227785959745 0.022942863445841604
13 0.8610702012763868 0.25777630708140303 0.053019145802650956 0.02228105007721156
0 0.5930289641629848 0.7653871608206485 0.047128129602356406 0.026693139201411867
22 0.5532646048109966 0.7637326273990734 0.031418753068237604 0.02603132583278182
23 0.6379479626902307 0.5928744760644165 0.041728031418753066 0.019633796602691374
12 0.5095729013254786 0.3216412971542025 0.054000981836033385 0.021178027796161483
1 0.8554246440844379 0.5380542686962276 0.039764359351988215 0.022942863445841604
5 0.6941580756013745 0.41506728435914403 0.050073637702503684 0.02228105007721156
5 0.5284732449680903 0.6774762850209574 0.045655375552282766 0.02514890800794176
8 0.5103092783505154 0.41087579969115373 0.07314678448699068 0.028457974851091992
5 0.6799214531173294 0.13092874476064417 0.06578301423662249 0.029340392675932053
10 0.520618556701031 0.7649459519082286 0.038782523318605794 0.024928303551731743
17 0.5527736867943054 0.5024266490183101 0.053019145802650956 0.020075005515111405
5 0.7042218949435444 0.2564526803441429 0.0662739322533137 0.02316346790205162
21 0.6978399607265586 0.29086697551290536 0.043691703485517916 0.01786896095301125
14 0.553019145802651 0.47231414074564304 0.060382916053019146 0.02514890800794176
23 0.8119783996072656 0.22689168321200087 0.041237113402061855 0.02316346790205162
5 0.8323514972999508 0.29086697551290536 0.060382916053019146 0.021839841164791526
17 0.5326460481099656 0.6192367085815134 0.051055473735886106 0.02559011692036179
21 0.6512027491408935 0.5043017868960953 0.044673539518900345 0.019854401058901388
22 0.6195385370643103 0.8241782484006177 0.03043691703485518 0.028237370394881976
13 0.7093765341188022 0.5022060445621002 0.06283750613647521 0.031987646150452236
13 0.7486499754540992 0.5355173174498125 0.04810996563573883 0.020957423339951466
5 0.8480608738340697 0.1301566291639091 0.038782523318605794 0.029560997132142067
5 0.47619047619047616 0.7358261636885065 0.05694648993618066 0.020075005515111405
7 0.8178694158075601 0.44815795279064635 0.057928325969563085 0.021839841164791526
17 0.7815414825724104 0.41771453783366425 0.054000981836033385 0.02316346790205162
21 0.7025036818851251 0.5382748731524376 0.047128129602356406 0.020736818883741452
13 0.5859106529209622 0.6206706375468785 0.052528227785959745 0.024928303551731743
7 0.8902798232695139 0.13225237149790425 0.044673539518900345 0.027134348113831898
10 0.5351006381934217 0.5918817560114714 0.040255277368679426 0.0242664901831017
3 0.6170839469808542 0.41385395984998896 0.046146293568973984 0.019854401058901388
1 0.6691212567501227 0.1956761526582837 0.046146293568973984 0.02382528127068167
3 0.501227295041728 0.257886609309508 0.07069219440353461 0.02382528127068167
1 0.741286205203731 0.16313699536730641 0.049091801669121256 0.026693139201411867
22 0.56480117820324 0.6782484006176924 0.031909671084928815 0.02228105007721156
20 0.7547864506627393 0.3871608206485771 0.06136475208640157 0.02382528127068167
8 0.7206676485027 0.6546437238032208 0.04810996563573883 0.026251930288991837
1 0.7164948453608248 0.44705493050959627 0.05154639175257732 0.024487094639311712
5 0.7653411880216003 0.47551290536068824 0.040255277368679426 0.01698654312817119
1 0.9035346097201767 0.1660048532980366 0.042709867452135494 0.024928303551731743