21 0.9214847759151557 0.6032171581769437 0.031132398221005816 0.040214477211796246
5 0.17037290455011975 0.667225201072386 0.04447485460143688 0.054959785522788206
21 0.2386247006500171 0.8347855227882037 0.035921997947314405 0.036193029490616625
14 0.9019842627437564 0.6767761394101877 0.04276428327061238 0.04121983914209115
1 0.837153609305508 0.3684651474530831 0.046527540198426275 0.0492627345844504
1 0.7490591857680465 0.7801608579088471 0.03865891207663359 0.05026809651474531
19 0.4772494013000342 0.2587131367292225 0.04721176873075607 0.04088471849865952
3 0.10691070817653096 0.8376340482573726 0.06055422511118713 0.041890080428954424
9 0.5224084844338008 0.7809986595174263 0.04447485460143688 0.0586461126005362
5 0.8152582962709545 0.2064343163538874 0.0362641122134793 0.039544235924932974
22 0.7112555593568252 0.844671581769437 0.026000684228532328 0.057975871313672926
14 0.928840232637701 0.6784517426273459 0.03284296955183031 0.04121983914209115
9 0.6262401642148477 0.6694034852546917 0.03865891207663359 0.06266756032171582
21 0.9368799178925761 0.7443029490616622 0.035237769414984604 0.04758713136729223
11 0.30653438248374953 0.42359249329758714 0.03831679781046869 0.04155495978552279
21 0.7235716729387616 0.4773793565683646 0.0362641122134793 0.037868632707774796
17 0.7399931577146767 0.4259383378016086 0.03352719808416011 0.04758713136729223
21 0.8732466643859048 0.6722520107238606 0.031132398221005816 0.030160857908847184
23 0.7714676702018474 0.6677278820375335 0.04447485460143688 0.04457104557640751
13 0.14659596305165926 0.4793900804289544 0.042080054738282587 0.04524128686327078
5 0.8077317824153267 0.7838471849865952 0.04310639753677728 0.04758713136729223
23 0.7841258980499487 0.271112600536193 0.034211426616489904 0.04758713136729223
17 0.46082791652411903 0.1968833780160858 0.0362641122134793 0.051943699731903485
5 0.5184741703729046 0.2612265415549598 0.042080054738282587 0.042560321715817695
14 0.5703044816968867 0.4224195710455764 0.03968525487512829 0.04859249329758713
10 0.777796784125898 0.7354222520107239 0.030448169688676016 0.0492627345844504
5 0.2559014710913445 0.25837801608579086 0.04721176873075607 0.040214477211796246
20 0.4798152582962709 0.4780495978552279 0.04344851180294218 0.04121983914209115
13 0.9644201163188505 0.7959115281501341 0.03900102634279849 0.05294906166219839
2 0.7074923024290113 0.667225201072386 0.041053711939787886 0.04691689008042896
23 0.4873417721518987 0.7789879356568364 0.03386931235032501 0.04591152815013405
1 0.4023263770099213 0.774798927613941 0.04379062606910708 0.039544235924932974
5 0.3961683202189531 0.6037198391420912 0.03968525487512829 0.042560321715817695
16 0.9007868628121792 0.3218833780160858 0.04036948340745809 0.04054959785522788
5 0.40112897707834416 0.2546916890080429 0.03934314060896339 0.039544235924932974
7 0.522066370167636 0.8946045576407506 0.05131713992473486 0.03853887399463807
18 0.538829969209716 0.47486595174262736 0.04036948340745809 0.05764075067024129
21 0.24580910023947997 0.3063002680965147 0.030448169688676016 0.032171581769437
1 0.8019158398905234 0.4785522788203753 0.03968525487512829 0.0482573726541555
6 0.3149161820047896 0.8341152815013405 0.03865891207663359 0.04289544235924933
13 0.12760862127950734 0.5405495978552279 0.03968525487512829 0.05093833780160858
13 0.7192952446117002 0.5408847184986595 0.04276428327061238 0.04691689008042896
6 0.34057475196715703 0.7283847184986595 0.04276428327061238 0.04390080428954424
21 0.20868970236058842 0.6000335120643432 0.03352719808416011 0.03049597855227882
11 0.840574751967157 0.6751005361930295 0.04447485460143688 0.03920911528150134
1 0.5336982552172426 0.6065683646112601 0.05063291139240506 0.0482573726541555
3 0.3829969209716045 0.8307640750670241 0.042080054738282587 0.04289544235924933
13 0.8824837495723571 0.6017091152815014 0.04960656859391036 0.04859249329758713
19 0.5631200821074238 0.19353217158176944 0.05063291139240506 0.041890080428954424
17 0.384707492302429 0.6729222520107239 0.03386931235032501 0.0435656836461126
16 0.21672938761546356 0.36042225201072386 0.04276428327061238 0.03853887399463807
1 0.7593226137529935 0.6000335120643432 0.05029079712624016 0.03719839142091153
8 0.3275744098528909 0.4859249329758713 0.041395826205952786 0.0482573726541555
16 0.14351693465617515 0.2578753351206434 0.041395826205952786 0.037868632707774796
1 0.6763599042080054 0.19520777479892762 0.0376325692781389 0.041890080428954424
23 0.2841258980499487 0.6739276139410187 0.0379746835443038 0.0435656836461126
17 0.6074238795757783 0.42644101876675605 0.0379746835443038 0.04524128686327078
7 0.2555593568251796 0.7798257372654156 0.04447485460143688 0.04289544235924933
5 0.6676359904208006 0.26826407506702415 0.03865891207663359 0.04859249329758713
12 0.3008894970920287 0.25502680965147456 0.04481696886760178 0.036863270777479897
14 0.5260006842285323 0.6772788203753352 0.03865891207663359 0.040214477211796246
22 0.7760862127950735 0.7838471849865952 0.020184741703729046 0.05093833780160858
11 0.362641122134793 0.8986260053619303 0.045843311666096474 0.060656836461126004
21 0.4247348614437222 0.19185656836461126 0.034553540882654804 0.03049597855227882
21 0.5215531987683886 0.3674597855227882 0.041395826205952786 0.03451742627345845
19 0.6346219637358878 0.26373994638069703 0.04379062606910708 0.04423592493297587
8 0.21382141635306193 0.2570375335120644 0.03900102634279849 0.039544235924932974
0 0.1288060212110845 0.36511394101876676 0.05029079712624016 0.04121983914209115
15 0.04960656859391036 0.3674597855227882 0.04036948340745809 0.042560321715817695
3 0.2668491276086213 0.20023458445040215 0.03900102634279849 0.03518766756032172
5 0.8031132398221006 0.539544235924933 0.035237769414984604 0.04088471849865952
5 0.2815600410537119 0.48508713136729226 0.04447485460143688 0.04859249329758713
1 0.8176530961341087 0.26943699731903487 0.05131713992473486 0.049597855227882036
1 0.3814574067738625 0.18900804289544237 0.04036948340745809 0.04289544235924933
13 0.7163872733492986 0.6000335120643432 0.04036948340745809 0.04054959785522788
5 0.13462196373588778 0.42359249329758714 0.03865891207663359 0.04088471849865952
13 0.7449538145740677 0.8419906166219839 0.041395826205952786 0.057975871313672926
23 0.9091686623332192 0.37952412868632707 0.03865891207663359 0.041890080428954424
13 0.9163530619226822 0.21179624664879357 0.0379746835443038 0.040214477211796246
22 0.4057475196715703 0.728887399463807 0.01847417037290455 0.04289544235924933
19 0.4293534040369483 0.31082439678284185 0.04036948340745809 0.037868632707774796
8 0.8072186110160794 0.5988605898123325 0.052343482723229556 0.04289544235924933
13 0.6717413616147793 0.7815013404825737 0.040711597673622986 0.04423592493297587
6 0.5420800547382826 0.8361260053619303 0.042080054738282587 0.04691689008042896
10 0.7175846732808758 0.2736260053619303 0.031132398221005816 0.04457104557640751
1 0.6725966472801915 0.7268766756032172 0.045159083133766674 0.0435656836461126
6 0.5302771125555935 0.42359249329758714 0.05063291139240506 0.04289544235924933
1 0.7538487854943551 0.37164879356568364 0.04276428327061238 0.04758713136729223
14 0.8484433800889497 0.2064343163538874 0.0369483407458091 0.04423592493297587
5 0.21878207321245297 0.19772117962466487 0.035237769414984604 0.040214477211796246
1 0.08638385220663701 0.3629356568364611 0.046185425932261374 0.040214477211796246
21 0.6010947656517277 0.48056300268096513 0.04379062606910708 0.04289544235924933
5 0.10656859391036606 0.478887399463807 0.041395826205952786 0.04289544235924933
11 0.19192610331850837 0.7830093833780161 0.04036948340745809 0.04121983914209115
4 0.7795073554567226 0.42359249329758714 0.045501197399931574 0.04758713136729223
1 0.6820047895997263 0.4762064343163539 0.042080054738282587 0.040214477211796246
14 0.8985631200821074 0.7382707774798928 0.03934314060896339 0.05026809651474531
1 0.3498118371536093 0.8307640750670241 0.046185425932261374 0.039544235924932974
23 0.6688333903523777 0.4286193029490617 0.0362641122134793 0.036193029490616625
21 0.1809784468012316 0.3049597855227882 0.0369483407458091 0.039544235924932974
14 0.6419774204584331 0.4773793565683646 0.0379746835443038 0.04591152815013405
23 0.7092028737598358 0.7320710455764076 0.034211426616489904 0.04591152815013405
14 0.8443380088949709 0.5400469168900804 0.03900102634279849 0.03719839142091153
5 0.4993157714676702 0.8324396782841823 0.042080054738282587 0.04088471849865952
20 0.4172083475880944 0.670073726541555 0.0379746835443038 0.037868632707774796
6 0.4890523434827232 0.6801273458445041 0.052343482723229556 0.04121983914209115
11 0.1813205610673965 0.1988941018766756 0.04447485460143688 0.04591152815013405
1 0.4213137187820732 0.8260723860589813 0.041395826205952786 0.0435656836461126
21 0.7331508723913787 0.668230563002681 0.03352719808416011 0.0435656836461126
8 0.8581936366746493 0.4289544235924933 0.04960656859391036 0.0435656836461126
3 0.2955867259664728 0.7838471849865952 0.04721176873075607 0.04624664879356569
22 0.669346561751625 0.3773458445040215 0.020184741703729046 0.04289544235924933
8 0.23486144372220322 0.48341152815013405 0.05576462538487855 0.041890080428954424
5 0.4582620595278823 0.7788203753351206 0.034553540882654804 0.05093833780160858
21 0.35100923708518644 0.6759383378016086 0.035579883681149505 0.039544235924932974
1 0.7509408142319535 0.26943699731903487 0.04379062606910708 0.04289544235924933
8 0.06517276770441327 0.4793900804289544 0.04960656859391036 0.03853887399463807
22 0.9719466301744782 0.3872319034852547 0.02942182689018132 0.04457104557640751
13 0.25880944235374614 0.3646112600536193 0.04823811152925077 0.040214477211796246
1 0.4293534040369483 0.4891085790884719 0.04310639753677728 0.047922252010723865
1 0.8029421826890181 0.6730898123324397 0.04036948340745809 0.03719839142091153
13 0.9553540882654806 0.6048927613941019 0.03865891207663359 0.040214477211796246
13 0.15326719124187477 0.780328418230563 0.05405405405405405 0.041890080428954424
21 0.3602463222716387 0.31199731903485256 0.0369483407458091 0.0388739946380697
21 0.2545330140266849 0.6690683646112601 0.0362641122134793 0.041890080428954424
6 0.36144372220321586 0.7769772117962467 0.04960656859391036 0.041890080428954424
5 0.9442353746151214 0.38069705093833783 0.03284296955183031 0.04624664879356569
5 0.8178241532671913 0.31970509383378015 0.035921997947314405 0.039544235924932974
1 0.15326719124187477 0.8895777479892761 0.03352719808416011 0.03853887399463807
5 0.36828600752651386 0.4832439678284182 0.04344851180294218 0.05160857908847185
5 0.706637016763599 0.4304624664879357 0.046185425932261374 0.03719839142091153
5 0.5005131713992473 0.6077412868632708 0.041053711939787886 0.04591152815013405
17 0.26719124187478616 0.4239276139410188 0.0362641122134793 0.036863270777479897
22 0.9050632911392404 0.478887399463807 0.020184741703729046 0.04758713136729223
5 0.18422853232979813 0.4819034852546917 0.045501197399931574 0.04691689008042896
22 0.8713650359219979 0.7885388739946381 0.01847417037290455 0.04691689008042896
22 0.6968867601778994 0.2736260053619303 0.01847417037290455 0.04591152815013405
1 0.40352377694149844 0.8964477211796247 0.027027027027027025 0.05093833780160858
6 0.45911734519329456 0.6067359249329759 0.04447485460143688 0.04524128686327078
3 0.29849469722887445 0.369470509383378 0.046185425932261374 0.041890080428954424
1 0.6477933629832364 0.319872654155496 0.04276428327061238 0.04121983914209115
21 0.42849811837153606 0.7263739946380697 0.027027027027027025 0.03116621983914209
7 0.9420116318850495 0.48257372654155495 0.04892234006158057 0.0435656836461126
22 0.2386247006500171 0.19286193029490617 0.016079370509750255 0.041890080428954424
17 0.8426274375641464 0.6012064343163539 0.03352719808416011 0.04624664879356569
13 0.22357167293876154 0.7243632707774799 0.04960656859391036 0.041890080428954424
23 0.25812521382141634 0.5991957104557641 0.034553540882654804 0.040214477211796246
2 0.7844680123161135 0.3207104557640751 0.0369483407458091 0.04289544235924933
5 0.33971946630174477 0.3709785522788204 0.0362641122134793 0.05294906166219839
20 0.8876154635648307 0.5408847184986595 0.04960656859391036 0.040214477211796246
22 0.6792678754704071 0.6699061662198391 0.020184741703729046 0.04691689008042896
5 0.638898392062949 0.3741621983914209 0.046869654464591175 0.04121983914209115
10 0.8936024632227163 0.7945710455764076 0.019158398905234346 0.054289544235924934
22 0.2386247006500171 0.5445710455764076 0.019500513171399246 0.04423592493297587
3 0.47399931577146764 0.8974530831099196 0.04002736914129319 0.0388739946380697
3 0.269414984604858 0.7255361930294907 0.05576462538487855 0.04289544235924933
13 0.3792336640437906 0.3672922252010724 0.04481696886760178 0.045576407506702415
5 0.4839206294902497 0.42359249329758714 0.042080054738282587 0.04289544235924933
19 0.5619226821758467 0.7340817694369973 0.04823811152925077 0.03719839142091153
1 0.17499144714334589 0.7230227882037533 0.035237769414984604 0.04457104557640751
1 0.6346219637358878 0.7798257372654156 0.04036948340745809 0.04423592493297587
13 0.1867943893260349 0.896112600536193 0.04379062606910708 0.0482573726541555
13 0.2748888128634964 0.8344504021447722 0.04481696886760178 0.04222520107238606
1 0.5605542251111871 0.7781501340482574 0.042080054738282587 0.04758713136729223
17 0.5046185425932261 0.3153485254691689 0.03968525487512829 0.040214477211796246
16 0.09425248032842969 0.8895777479892761 0.03181662675333561 0.03853887399463807
23 0.12452959288402327 0.8894101876675603 0.03215874101950051 0.040214477211796246
5 0.37752309271296614 0.5425603217158177 0.03934314060896339 0.040214477211796246
21 0.7996920971604515 0.7337466487935657 0.028395484091686622 0.03920911528150134
1 0.7466643859048923 0.20308310991957104 0.040711597673622986 0.04088471849865952
17 0.6005815942524803 0.19839142091152814 0.040711597673622986 0.049597855227882036
22 0.42764283270612385 0.6053954423592494 0.023263770099213137 0.03920911528150134
21 0.5942524803284297 0.26005361930294907 0.0369483407458091 0.036863270777479897
10 0.4714334587752309 0.319872654155496 0.030106055422511116 0.04457104557640751
17 0.4579199452617174 0.7260388739946381 0.03181662675333561 0.041890080428954424
1 0.8178241532671913 0.4249329758713137 0.04481696886760178 0.0435656836461126
22 0.5092370851864523 0.4790549597855228 0.016763599042080055 0.04121983914209115
21 0.6804652754019842 0.6022117962466488 0.0362641122134793 0.03284182305630027
22 0.43260348956551486 0.7786528150134049 0.023605884365378034 0.04859249329758713
13 0.7815600410537119 0.20308310991957104 0.04481696886760178 0.04624664879356569
9 0.7293876154635648 0.31819705093833783 0.046527540198426275 0.04457104557640751
5 0.23058501539514198 0.4261058981233244 0.0369483407458091 0.04591152815013405
17 0.5585015395141977 0.676441018766756 0.034553540882654804 0.03853887399463807
22 0.4478275744098529 0.5420576407506702 0.02189531303455354 0.03920911528150134
22 0.23144030106055422 0.6028820375335121 0.020184741703729046 0.04624664879356569
3 0.5653438248374957 0.3691353887399464 0.05302771125555936 0.03920911528150134
6 0.48580225795415666 0.5425603217158177 0.04721176873075607 0.0435656836461126
13 0.8585357509408142 0.2719504021447721 0.042080054738282587 0.04591152815013405
1 0.8788915497776257 0.4797252010723861 0.0369483407458091 0.04121983914209115
12 0.6476223058501539 0.6045576407506702 0.03284296955183031 0.04088471849865952
8 0.1985973315087239 0.8279155495978553 0.05576462538487855 0.041890080428954424
8 0.6832021895313034 0.31819705093833783 0.05131713992473486 0.037868632707774796
5 0.17345193294560382 0.36427613941018766 0.04721176873075607 0.039544235924932974
5 0.1074238795757783 0.7801608579088471 0.03968525487512829 0.035522788203753354
20 0.8429695518303113 0.7835120643431636 0.03968525487512829 0.04691689008042896
22 0.7276770441327403 0.375 0.021211084502223743 0.04758713136729223
5 0.7783099555251454 0.8451742627345845 0.045159083133766674 0.05361930294906166
1 0.15412247690728703 0.8310991957104558 0.045501197399931574 0.05026809651474531
2 0.828771809784468 0.7362600536193029 0.035921997947314405 0.04758713136729223
12 0.39360246322271636 0.48709785522788207 0.028395484091686622 0.0492627345844504
10 0.046356483065343825 0.31115951742627346 0.035237769414984604 0.041890080428954424
3 0.21091344509066026 0.3104892761394102 0.03934314060896339 0.041890080428954424
8 0.18354430379746836 0.4222520107238606 0.06055422511118713 0.035522788203753354
8 0.17550461854259322 0.5408847184986595 0.05131713992473486 0.040214477211796246
13 0.5824495381457406 0.837298927613941 0.042080054738282587 0.047922252010723865
10 0.2227163872733493 0.7823391420911529 0.03284296955183031 0.0492627345844504
13 0.5660280533698255 0.8930965147453084 0.03865891207663359 0.0435656836461126
10 0.5253164556962026 0.5482573726541555 0.028395484091686622 0.05160857908847185
3 0.637358877865207 0.2005697050938338 0.04926445432774547 0.051273458445040214
3 0.46082791652411903 0.8316018766756033 0.046527540198426275 0.04457104557640751
23 0.7138214163530618 0.20140750670241286 0.046869654464591175 0.04289544235924933
6 0.34553540882654804 0.19654825737265416 0.041053711939787886 0.04591152815013405
13 0.9403010605542251 0.43297587131367293 0.040711597673622986 0.040214477211796246
1 0.3730756072528224 0.7226876675603218 0.042080054738282587 0.041890080428954424
1 0.8619568936024632 0.7354222520107239 0.045501197399931574 0.04457104557640751
5 0.2689018132056107 0.8895777479892761 0.046527540198426275 0.03719839142091153
5 0.4457748888128635 0.6734249329758714 0.026000684228532328 0.04121983914209115
4 0.27984946972288743 0.3113270777479893 0.041053711939787886 0.0435656836461126
3 0.22596647280191584 0.8920911528150134 0.04960656859391036 0.040214477211796246
1 0.3522066370167636 0.6015415549597856 0.04276428327061238 0.04691689008042896
21 0.6792678754704071 0.539544235924933 0.03865891207663359 0.04423592493297587
14 0.49538145740677386 0.191186327077748 0.03284296955183031 0.041890080428954424
23 0.8741019500513171 0.3766756032171582 0.03968525487512829 0.039544235924932974
1 0.3198768388641806 0.2578753351206434 0.04036948340745809 0.04591152815013405
17 0.11734519329456038 0.3049597855227882 0.04447485460143688 0.04758713136729223
21 0.21638727334929866 0.543230563002681 0.03181662675333561 0.036863270777479897
1 0.9230242901128977 0.793230563002681 0.04447485460143688 0.05026809651474531
3 0.9512487170715018 0.21363941018766758 0.03386931235032501 0.037868632707774796
22 0.4036948340745809 0.1895107238605898 0.019158398905234346 0.04993297587131367
21 0.5277112555593568 0.19436997319034852 0.030448169688676016 0.035522788203753354
10 0.9793020868970236 0.5536193029490617 0.027711255559356825 0.05093833780160858
9 0.698255217242559 0.37365951742627346 0.03968525487512829 0.07305630026809652
12 0.07868628121792678 0.3116621983914209 0.03968525487512829 0.04289544235924933
23 0.9208005473828258 0.27027479892761397 0.03865891207663359 0.04457104557640751
20 0.33544303797468356 0.5371983914209115 0.04276428327061238 0.039544235924932974
23 0.5371193978788915 0.31769436997319034 0.028737598357851522 0.0435656836461126
21 0.5215531987683886 0.7329088471849866 0.034553540882654804 0.03753351206434316
11 0.7451248717071501 0.7337466487935657 0.04036948340745809 0.042560321715817695
17 0.43705097502565854 0.2546916890080429 0.042080054738282587 0.04624664879356569
3 0.2714676702018474 0.5452412868632708 0.046185425932261374 0.036193029490616625
5 0.14522750598699966 0.19654825737265416 0.034553540882654804 0.0492627345844504
5 0.8985631200821074 0.42443029490616624 0.04276428327061238 0.04121983914209115
19 0.8404036948340745 0.4790549597855228 0.056448853917208344 0.04121983914209115
14 0.3616147793362983 0.2546916890080429 0.041053711939787886 0.036193029490616625
3 0.554396168320219 0.25804289544235925 0.041395826205952786 0.039544235924932974
3 0.09168662333219295 0.4239276139410188 0.04721176873075607 0.030160857908847184
5 0.7656517276770441 0.5400469168900804 0.04447485460143688 0.04859249329758713
11 0.4163530619226822 0.543230563002681 0.03968525487512829 0.040214477211796246
21 0.43739308929182347 0.36662198391420914 0.04276428327061238 0.039544235924932974
17 0.4462880602121108 0.8986260053619303 0.04960656859391036 0.05328418230563003
14 0.4883681149503934 0.7295576407506702 0.045501197399931574 0.04289544235924933
22 0.7591515566199111 0.319872654155496 0.01847417037290455 0.042560321715817695
21 0.6561751625042764 0.6739276139410187 0.02942182689018132 0.035522788203753354
17 0.4818679438932603 0.3703083109919571 0.04276428327061238 0.040214477211796246
21 0.8817995210400273 0.2129691689008043 0.0379746835443038 0.037868632707774796
23 0.3973657201505303 0.31115951742627346 0.03865891207663359 0.03853887399463807
6 0.7151898734177214 0.7793230563002681 0.04276428327061238 0.04524128686327078
7 0.9609989736572014 0.6809651474530831 0.03284296955183031 0.04758713136729223
13 0.21382141635306193 0.6694034852546917 0.04721176873075607 0.04457104557640751
1 0.1657543619568936 0.5971849865951743 0.04892234006158057 0.039544235924932974
13 0.6402668491276086 0.543230563002681 0.0379746835443038 0.035522788203753354
10 0.1501881628463907 0.30914879356568364 0.03284296955183031 0.04121983914209115
13 0.7976394115634622 0.37282171581769435 0.03934314060896339 0.041890080428954424
23 0.17721518987341772 0.25921581769436997 0.03284296955183031 0.03719839142091153
13 0.761033185083818 0.478887399463807 0.042080054738282587 0.04289544235924933
16 0.5615805679096818 0.5457439678284183 0.045501197399931574 0.041890080428954424
1 0.8884707492302428 0.271112600536193 0.0362641122134793 0.04289544235924933
5 0.5945945945945946 0.6797922252010724 0.0362641122134793 0.041890080428954424
7 0.9389326034895655 0.5449061662198391 0.046185425932261374 0.0388739946380697