4 0.6185057964791757 0.5017204301075269 0.08630313439244311 0.06666666666666667
13 0.779089738085015 0.6402150537634409 0.0639759553456419 0.05978494623655914
7 0.7183340489480464 0.7036559139784946 0.07127522541863461 0.04817204301075269
13 0.48840704164877635 0.4967741935483871 0.0742808072133963 0.05849462365591398
13 0.1749677973379133 0.5713978494623656 0.0639759553456419 0.05978494623655914
6 0.37118935165307 0.692258064516129 0.05796479175611851 0.05204301075268817
13 0.46994418205238303 0.5681720430107526 0.06998711893516531 0.06623655913978495
21 0.5805066552168313 0.629247311827957 0.05581794761700301 0.044731182795698925
13 0.18205238299699442 0.504731182795699 0.0635465865178188 0.06494623655913978
22 0.6543580936024045 0.5698924731182796 0.030914555603263207 0.05591397849462366
23 0.6114212108200945 0.5696774193548387 0.05753542292829541 0.0546236559139785
22 0.2994847574066123 0.5036559139784946 0.03134392443108631 0.0567741935483871
12 0.7176899957063118 0.7445161290322581 0.07342206955775012 0.044731182795698925
1 0.1292400171747531 0.504731182795699 0.032632030914555604 0.06408602150537634
22 0.32825246887076 0.6939784946236559 0.0322026620867325 0.053763440860215055
21 0.8694718763417776 0.6455913978494624 0.05324173465006441 0.0610752688172043
11 0.7898239587805925 0.7090322580645161 0.06569343065693431 0.056344086021505375
23 0.6423357664233577 0.6329032258064516 0.06097037355088021 0.04946236559139785
16 0.5459424645770717 0.5688172043010753 0.07599828252468871 0.06236559139784946
16 0.7088879347359383 0.638494623655914 0.05581794761700301 0.04430107526881721
22 0.3604551309574925 0.5681720430107526 0.03907256333190211 0.055053763440860215
3 0.24581365392872478 0.5023655913978494 0.07084585659081151 0.0610752688172043
17 0.6550021468441392 0.7645161290322581 0.05023615285530271 0.06408602150537634
6 0.2492486045513096 0.5651612903225807 0.07084585659081151 0.055053763440860215
1 0.8237440961786174 0.5049462365591398 0.05882352941176471 0.06279569892473118
21 0.7754401030485187 0.7686021505376344 0.04465435809360241 0.044731182795698925
10 0.8763417775869472 0.5116129032258064 0.04207814512666381 0.06064516129032258
21 0.42292829540575355 0.492258064516129 0.06268784886217262 0.0675268817204301
13 0.7668527264920567 0.5709677419354838 0.07127522541863461 0.06064516129032258
5 0.6893516530699871 0.5027956989247312 0.05796479175611851 0.06021505376344086
21 0.5936024044654359 0.6980645161290323 0.051094890510948905 0.04817204301075269
12 0.40811507084585663 0.5683870967741935 0.05882352941176471 0.05548387096774193
23 0.6496350364963503 0.6931182795698925 0.06097037355088021 0.05548387096774193
0 0.5145985401459854 0.6240860215053764 0.05538857878917991 0.052473118279569894
13 0.757191927866037 0.5038709677419355 0.0742808072133963 0.05978494623655914
5 0.5525976814083298 0.4976344086021505 0.051524259338772006 0.06021505376344086
21 0.4755259768140833 0.6230107526881721 0.051094890510948905 0.06064516129032258
22 0.825890940317733 0.6430107526881721 0.038213825676255905 0.05849462365591398
21 0.6990124516960069 0.5709677419354838 0.06097037355088021 0.058924731182795696
1 0.3136539287247746 0.5698924731182796 0.053671103477887505 0.05591397849462366
9 0.35294117647058826 0.489247311827957 0.07556891369686561 0.13032258064516128