8 0.5272796642502862 0.8514790468364831 0.03586417397939718 0.04889071487263763
16 0.5847004959938955 0.6458504519309778 0.04311331552842427 0.04519309778142974
13 0.5833651278138116 0.7497945768282662 0.04120564669973293 0.049301561216105176
21 0.8222052651659673 0.7917009038619556 0.035101106447920645 0.047658175842235
8 0.7668828691339183 0.6452341824157765 0.05723006486074018 0.052999178307313065
1 0.6211369706219001 0.8013557929334428 0.03739030904235025 0.042317173377156944
7 0.5764975200305227 0.23664749383730482 0.059519267455169785 0.047658175842235
0 0.296260969095765 0.7514379622021363 0.03777184280808852 0.04519309778142974
9 0.46299122472338805 0.23397699260476582 0.03777184280808852 0.09572719802793754
5 0.4855017169019458 0.7999178307313064 0.040061045402518126 0.04437140509449466
16 0.35902327355971003 0.7011092851273624 0.04349484929416254 0.050534100246507806
10 0.5322396032048836 0.2921117502054232 0.023655093475772607 0.048479868529170085
10 0.4025181228538726 0.3451109285127362 0.042731781762686 0.043549712407559574
22 0.5135444486837085 0.7006984387838948 0.01983975581838993 0.05710764174198849
23 0.9036627241510874 0.5421117502054231 0.03395650515070584 0.04889071487263763
6 0.5961465089660435 0.8516844700082169 0.031667302556276235 0.04683648315529992
14 0.5495993895459749 0.5944946589975348 0.0415871804654712 0.04683648315529992
1 0.2947348340328119 0.45336894001643385 0.04769172071728348 0.050534100246507806
13 0.6676840900419687 0.7497945768282662 0.04349484929416254 0.049301561216105176
16 0.585463563525372 0.6988496302382908 0.0415871804654712 0.0534100246507806
5 0.8031285768790538 0.4492604765817584 0.03586417397939718 0.052999178307313065
22 0.829072872949256 0.388455217748562 0.024418161007249143 0.05135579293344289
3 0.4591758870660054 0.2951930977814297 0.037008775276611984 0.04396055875102711
17 0.8323159099580313 0.6908381265406738 0.03243037008775277 0.04642563681183237
23 0.8416634872186189 0.33545603944124897 0.03739030904235025 0.0447822514379622
3 0.6306753147653568 0.39708299096138044 0.03815337657382679 0.0447822514379622
16 0.8206791301030142 0.6425636811832375 0.040442579168256394 0.04437140509449466
22 0.8748569248378482 0.3401807723911257 0.035101106447920645 0.04601479046836483
1 0.8672262495230828 0.5414954806902218 0.03815337657382679 0.04601479046836483
5 0.5635253719954216 0.8510682004930156 0.03433803891644411 0.04560394412489729
8 0.5377718428080885 0.6466721446179129 0.061426936283861124 0.0419063270336894
5 0.8384204502098436 0.4472062448644207 0.037008775276611984 0.049712407559572715
5 0.5923311713086609 0.5032867707477403 0.03777184280808852 0.04437140509449466
11 0.7586798931705456 0.4529580936729663 0.049217855780236554 0.052177485620377974
22 0.520030522701259 0.5959326211996713 0.021365890881343 0.04396055875102711
22 0.4685234643265929 0.18364831552999178 0.02823349866463182 0.037797863599013964
10 0.47787104158718047 0.847986852917009 0.031667302556276235 0.04519309778142974
11 0.5478824876001527 0.4991783073130649 0.052651659671880964 0.040262941659819224
5 0.4408622663105685 0.7037797863599013 0.038534910339565055 0.049301561216105176
5 0.7884395268981306 0.7939605587510271 0.03243037008775277 0.039030402629416594
5 0.6604349484929417 0.6000410846343467 0.03739030904235025 0.04642563681183237
16 0.34891262876764595 0.19165981922760886 0.04845478824876002 0.03574363188167625
10 0.6917207172834796 0.648315529991783 0.030522701259061428 0.04519309778142974
20 0.39431514689049985 0.39543960558751023 0.03471957268218238 0.04642563681183237
5 0.7088897367417016 0.6980279375513557 0.035101106447920645 0.04601479046836483
22 0.32697443723769554 0.3514790468364831 0.022892025944296072 0.047247329498767456
21 0.816100724914155 0.49239934264585045 0.04349484929416254 0.04313886606409203
21 0.8641739793971767 0.7380854560394412 0.028996566196108357 0.04642563681183237
14 0.7609690957649753 0.33483976992604764 0.04463945059137734 0.04683648315529992
19 0.7493323159099581 0.5965488907148726 0.04349484929416254 0.04272801972062448
19 0.2943533002670737 0.8062859490550534 0.03624570774513545 0.04806902218570255
10 0.40728729492560095 0.2405505341002465 0.02479969477298741 0.049712407559572715
14 0.7359786341091187 0.846138044371405 0.040442579168256394 0.049712407559572715
10 0.555513162914918 0.34613804437140505 0.033574971384967574 0.04560394412489729
23 0.8525371995421596 0.4950698438783895 0.038534910339565055 0.0419063270336894
21 0.571156047310187 0.45234182415776497 0.03891644410530332 0.043549712407559574
11 0.6947729874093858 0.23397699260476582 0.04807325448302175 0.052999178307313065
0 0.682182373140023 0.3414133114215283 0.04349484929416254 0.05012325390304026
1 0.37523845860358646 0.8046425636811833 0.04082411293399466 0.04313886606409203
13 0.6186570011446013 0.4519309778142974 0.05684853109500191 0.05012325390304026
13 0.7043113315528424 0.5981922760887428 0.05036245707745136 0.05258833196384552
22 0.4336131247615414 0.23931799506984386 0.02861503243037009 0.05464256368118323
5 0.29301793208698973 0.4016023007395234 0.04425791682563907 0.04313886606409203
8 0.3046547119420069 0.605176663927691 0.061426936283861124 0.05012325390304026
5 0.7231972529568867 0.33689400164338534 0.04082411293399466 0.051766639276910435
16 0.54845478824876 0.5462202136400985 0.04616558565433041 0.04560394412489729
5 0.7941625333842045 0.5949055053410024 0.04235024799694773 0.04437140509449466
23 0.5492178557802366 0.12119967132292522 0.030904235024799696 0.037797863599013964
17 0.5990080122090805 0.28656532456861133 0.042731781762686 0.04396055875102711
21 0.888782907287295 0.490961380443714 0.03777184280808852 0.0419063270336894
3 0.8935520793590234 0.5901807723911257 0.042731781762686 0.04560394412489729
5 0.7659290347195727 0.6959737058340181 0.03243037008775277 0.041084634346754315
22 0.5240366272415109 0.8015612161051766 0.029378099961846624 0.049301561216105176
17 0.6680656238077071 0.3950287592440427 0.042731781762686 0.04889071487263763
1 0.6396413582602061 0.5466310599835661 0.03929797787104159 0.04642563681183237
9 0.49294162533384206 0.5986031224322104 0.030522701259061428 0.04272801972062448
5 0.5045784051888592 0.5002054231717338 0.0415871804654712 0.04396055875102711
12 0.8979397176650135 0.8015612161051766 0.04235024799694773 0.043549712407559574
13 0.5532239603204884 0.39749383730484794 0.052651659671880964 0.04149548069022185
13 0.6260969095764976 0.7011092851273624 0.04349484929416254 0.05464256368118323
16 0.49790156428843957 0.2910846343467543 0.045784051888592144 0.04889071487263763
10 0.7375047691720718 0.700493015612161 0.02823349866463182 0.04683648315529992
1 0.7151850438763832 0.8013557929334428 0.04235024799694773 0.04806902218570255
5 0.6413582602060283 0.3403861955628595 0.03967951163677986 0.050534100246507806
10 0.8296451735978635 0.5975760065735415 0.03395650515070584 0.04067378800328677
22 0.4959938954597482 0.24013968775677896 0.024418161007249143 0.04642563681183237
1 0.8813429988553988 0.8432621199671323 0.035101106447920645 0.04642563681183237
16 0.8035101106447922 0.3364831552999178 0.04349484929416254 0.048479868529170085
5 0.320488363220145 0.6540673788003286 0.042731781762686 0.04683648315529992
21 0.800457840518886 0.6914543960558751 0.03128576879053797 0.03944124897288414
9 0.5007630675314766 0.5501232539030403 0.04311331552842427 0.06573541495480689
7 0.4998092331171309 0.3979046836483155 0.059519267455169785 0.042317173377156944
20 0.33422357878672265 0.8553820870994248 0.042731781762686 0.0534100246507806
3 0.7085082029759634 0.7489728841413311 0.036627241510873716 0.04437140509449466
5 0.7237695536054941 0.6497534921939194 0.03433803891644411 0.04642563681183237
16 0.35749713849675696 0.6027115858668858 0.04425791682563907 0.051766639276910435
5 0.7088897367417016 0.44884963023829083 0.040442579168256394 0.04806902218570255
10 0.3326974437237696 0.8048479868529169 0.03967951163677986 0.049301561216105176
1 0.6903853491033957 0.5437551355792933 0.03395650515070584 0.050534100246507806
0 0.4666157954979016 0.6507806080525883 0.040442579168256394 0.0534100246507806
1 0.5206028233498665 0.3451109285127362 0.03777184280808852 0.04683648315529992
16 0.6230446394505914 0.7532867707477403 0.03815337657382679 0.052999178307313065
3 0.3756199923693247 0.24116680361544782 0.038534910339565055 0.05505341002465078
22 0.7180465471194201 0.49671322925225964 0.022892025944296072 0.04519309778142974
23 0.8800076306753148 0.4492604765817584 0.03548264021365891 0.047247329498767456
6 0.5957649752003052 0.5445768282662284 0.04616558565433041 0.052177485620377974
22 0.6638687523845861 0.5456039441248972 0.01983975581838993 0.048479868529170085
5 0.6587180465471194 0.6489317995069843 0.04082411293399466 0.042317173377156944
1 0.8998473864937048 0.6918652423993427 0.04616558565433041 0.048479868529170085
8 0.3057993132392217 0.7015201314708299 0.06905761159862649 0.05135579293344289
14 0.7993132392216712 0.38989317995069844 0.035101106447920645 0.048479868529170085
23 0.5154521175123998 0.12078882497945767 0.03586417397939718 0.041084634346754315
1 0.8939336131247616 0.38968775677896467 0.036627241510873716 0.05710764174198849
23 0.5974818771461274 0.39687756778964667 0.03967951163677986 0.04437140509449466
23 0.8620755436856162 0.6904272801972062 0.033193437619229306 0.04560394412489729
20 0.49732926363983215 0.18405916187345933 0.03548264021365891 0.040262941659819224
5 0.7619229301793209 0.39112571898110104 0.03739030904235025 0.048479868529170085
16 0.5932850057230066 0.5971651602300739 0.05112552460892789 0.04642563681183237
14 0.541396413582602 0.6996713229252259 0.03967951163677986 0.0534100246507806
14 0.7428462418924076 0.4930156121610517 0.03128576879053797 0.04683648315529992
7 0.6350629530713469 0.18036154478225144 0.07516215185043877 0.04519309778142974
21 0.7386493704692866 0.7479457682826622 0.0320488363220145 0.042317173377156944
22 0.7983594048073255 0.5439605587510271 0.022510492178557804 0.05587510271158586
12 0.5723006486074018 0.17851273623664748 0.036627241510873716 0.037387017255546426
17 0.49542159481114084 0.4531635168447001 0.037008775276611984 0.049301561216105176
20 0.831934376192293 0.7389071487263763 0.03548264021365891 0.049712407559572715
12 0.6858069439145364 0.800328677074774 0.029378099961846624 0.04601479046836483
14 0.7531476535673407 0.7949876746096959 0.03815337657382679 0.04272801972062448
5 0.2979778710415872 0.3502465078060805 0.03891644410530332 0.04313886606409203
3 0.5333842045020984 0.4529580936729663 0.040442579168256394 0.04642563681183237
3 0.2794734834032812 0.6503697617091208 0.0415871804654712 0.05012325390304026
23 0.8571156047310188 0.7943714050944947 0.033193437619229306 0.04889071487263763
11 0.670927127050744 0.6961791290057519 0.0415871804654712 0.04806902218570255
23 0.40118275467378867 0.7017255546425637 0.037008775276611984 0.043549712407559574
3 0.7647844334223579 0.7395234182415776 0.026325829835940482 0.04437140509449466
10 0.6570011446012972 0.8034100246507806 0.0320488363220145 0.04396055875102711
12 0.48225867989317056 0.3467543138866064 0.03891644410530332 0.04437140509449466
5 0.34051888592140406 0.7508216926869351 0.040061045402518126 0.047247329498767456
5 0.7941625333842045 0.7403451109285127 0.03471957268218238 0.0419063270336894
9 0.7182373140022893 0.3944124897288414 0.05379626096909577 0.08052588331963845
1 0.34547882487600157 0.2399342645850452 0.03243037008775277 0.035332785538208705
17 0.8962228157191912 0.7444535743631882 0.04120564669973293 0.047658175842235
23 0.45402518122853874 0.4492604765817584 0.03586417397939718 0.050534100246507806
1 0.7699351392598245 0.5456039441248972 0.033574971384967574 0.05505341002465078
14 0.40938573063716144 0.11832374691865241 0.03739030904235025 0.0419063270336894
22 0.4961846623426174 0.6479046836483155 0.020984357115604733 0.047658175842235
20 0.6701640595192675 0.28861955628594904 0.03243037008775277 0.04889071487263763
14 0.5295688668447158 0.24281018898931797 0.03891644410530332 0.05751848808545604
13 0.7304463945059139 0.544987674609696 0.045402518122853876 0.047247329498767456
23 0.5597100343380389 0.2921117502054232 0.03128576879053797 0.048479868529170085
0 0.6508966043494849 0.49732949876746096 0.04349484929416254 0.042317173377156944
5 0.45173597863410914 0.3997534921939195 0.036627241510873716 0.04519309778142974
3 0.6201831362075544 0.6487263763352505 0.03243037008775277 0.04683648315529992
5 0.48893552079359026 0.12119967132292522 0.03548264021365891 0.04437140509449466
4 0.8267836703548265 0.5392358258011504 0.03967951163677986 0.050534100246507806
6 0.6014879816863793 0.34531635168447 0.04616558565433041 0.047247329498767456
22 0.670927127050744 0.8510682004930156 0.025562762304463946 0.04560394412489729
4 0.8584509729111027 0.3892769104354971 0.03967951163677986 0.05792933442892358
1 0.41797024036627245 0.2960147904683648 0.04769172071728348 0.04642563681183237
1 0.9004196871423121 0.6396877567789646 0.042731781762686 0.04272801972062448
5 0.5381533765738268 0.7502054231717338 0.04235024799694773 0.04601479046836483
22 0.6211369706219001 0.5012325390304027 0.022128958412819536 0.038619556285949055
9 0.4813048454788249 0.7011092851273624 0.04235024799694773 0.05628594905505341
13 0.6363983212514308 0.28861955628594904 0.033574971384967574 0.04642563681183237
5 0.5337657382678367 0.18179950698438782 0.03739030904235025 0.03820870994248151
5 0.6499427699351393 0.23397699260476582 0.03395650515070584 0.04396055875102711
1 0.7775658145745898 0.49157764995891534 0.03815337657382679 0.04313886606409203
1 0.7020221289584129 0.8483976992604766 0.03281190385349104 0.04437140509449466
13 0.5724914154902709 0.8019720624486442 0.05379626096909577 0.04437140509449466
22 0.8634109118657002 0.5914133114215283 0.03433803891644411 0.04642563681183237
3 0.8452880579931324 0.8457271980279375 0.0415871804654712 0.04642563681183237
21 0.8063716138878291 0.8434675431388661 0.03243037008775277 0.050944946589975344
1 0.6400228920259443 0.8500410846343467 0.04311331552842427 0.04519309778142974
6 0.8576879053796261 0.6423582580115037 0.03433803891644411 0.0447822514379622