7 0.3569415081042988 0.7734000000000001 0.0824524312896406 0.0436
10 0.46441155743481327 0.11460000000000001 0.054968287526427066 0.0412
23 0.43516560958421424 0.43520000000000003 0.06272022551092318 0.04
8 0.25898520084566595 0.5496 0.07822410147991543 0.0432
16 0.6229739252995067 0.2272 0.06624383368569416 0.0376
1 0.37632135306553915 0.3226 0.059196617336152224 0.0516
0 0.3971106412966878 0.6078 0.059901338971106416 0.0436
0 0.5408738548273432 0.5552 0.06976744186046512 0.048
16 0.4700493305144468 0.4854 0.0718816067653277 0.0476
23 0.5461592670894997 0.2736 0.046511627906976744 0.038400000000000004
5 0.324876673713883 0.22640000000000002 0.05214940098661029 0.033600000000000005
13 0.284707540521494 0.775 0.0916138125440451 0.050800000000000005
13 0.3181818181818182 0.3168 0.08527131782945736 0.0432
5 0.4404510218463707 0.5512 0.05073995771670191 0.0504
17 0.5207892882311487 0.1148 0.06060606060606061 0.04
12 0.277307963354475 0.2298 0.05003523608174771 0.034
21 0.3608174770965469 0.377 0.06201550387596899 0.0388
13 0.45278365045806906 0.2716 0.06272022551092318 0.0424
5 0.3023255813953489 0.4822 0.06765327695560254 0.040400000000000005
13 0.5310077519379846 0.6136 0.07822410147991543 0.0528
23 0.3400281888653982 0.6072000000000001 0.059901338971106416 0.044000000000000004
13 0.4330514446793517 0.7714000000000001 0.08104298801973221 0.0468
16 0.6476391825229035 0.2752 0.06624383368569416 0.0376
13 0.43481324876673716 0.3216 0.07047216349541931 0.04
1 0.5863284002818887 0.5562 0.06201550387596899 0.053200000000000004
3 0.5912614517265681 0.2782 0.06483439041578577 0.0364
23 0.4866102889358703 0.5536 0.04580690627202255 0.0432
19 0.5648343904157858 0.1666 0.06835799859055673 0.0436
23 0.379492600422833 0.163 0.052854122621564484 0.0396
23 0.7131782945736435 0.2786 0.06765327695560254 0.0412
5 0.4531360112755462 0.22160000000000002 0.06906272022551092 0.04
19 0.38125440451021847 0.5496 0.0817477096546864 0.0536
1 0.31219168428470756 0.5516 0.059196617336152224 0.046400000000000004
22 0.3488372093023256 0.48140000000000005 0.035236081747709654 0.042
10 0.5081042988019733 0.16640000000000002 0.04933051444679352 0.041600000000000005
1 0.2868217054263566 0.6064 0.06342494714587738 0.0432
14 0.5701198026779423 0.2262 0.05637773079633545 0.038
22 0.5028188865398168 0.2748 0.03875968992248062 0.0392
22 0.638477801268499 0.5556 0.04933051444679352 0.049600000000000005
17 0.3784355179704017 0.4344 0.06060606060606061 0.0504
13 0.3844256518675124 0.2218 0.07540521494009866 0.0364
5 0.4164904862579281 0.111 0.042283298097251586 0.0388
16 0.4584214235377026 0.61 0.07399577167019028 0.0448
23 0.5324171952078929 0.4858 0.05849189570119803 0.0436
16 0.44608879492600423 0.16440000000000002 0.08033826638477802 0.0424
0 0.5169133192389006 0.2248 0.06412966878083158 0.041600000000000005
7 0.3787878787878788 0.26780000000000004 0.0824524312896406 0.0324
22 0.31113460183227626 0.2682 0.048625792811839326 0.0332
20 0.3985200845665962 0.48400000000000004 0.07681465821000705 0.0488