23 0.44868035190615835 0.3596774193548387 0.11143695014662756 0.06236559139784946
3 0.8299120234604106 0.5198924731182796 0.12121212121212122 0.06559139784946237
22 0.3998044965786901 0.19973118279569893 0.06256109481915934 0.06935483870967742
5 0.31867057673509286 0.2801075268817204 0.09970674486803519 0.05913978494623656
23 0.738514173998045 0.3604838709677419 0.10654936461388075 0.05967741935483871
5 0.4638318670576735 0.5161290322580645 0.10850439882697947 0.05591397849462366
21 0.5478983382209188 0.3602150537634409 0.0967741935483871 0.06236559139784946
8 0.20772238514174 0.2814516129032258 0.12023460410557185 0.06182795698924731
3 0.7776148582600195 0.4349462365591398 0.10654936461388075 0.07096774193548387
1 0.15347018572825025 0.2053763440860215 0.09970674486803519 0.06021505376344086
8 0.3514173998044966 0.11908602150537634 0.1378299120234604 0.06075268817204301
17 0.6959921798631477 0.8384408602150538 0.09775171065493646 0.057526881720430106
5 0.5439882697947214 0.27983870967741936 0.10263929618768329 0.06720430107526881
23 0.47458455522971654 0.19865591397849464 0.09286412512218964 0.06397849462365592
16 0.3651026392961877 0.6862903225806452 0.11827956989247312 0.06720430107526881
11 0.16764418377321602 0.3543010752688172 0.09872922776148582 0.06021505376344086
19 0.2697947214076246 0.7690860215053763 0.09970674486803519 0.07258064516129033
5 0.30009775171065495 0.842741935483871 0.09579667644183773 0.06290322580645161
1 0.8582600195503421 0.43629032258064515 0.09775171065493646 0.06505376344086021
5 0.6480938416422287 0.2846774193548387 0.10361681329423265 0.06935483870967742
5 0.23313782991202345 0.1217741935483871 0.09481915933528837 0.06290322580645161
10 0.7810361681329423 0.8454301075268817 0.07820136852394917 0.06290322580645161
20 0.4750733137829912 0.6865591397849462 0.10361681329423265 0.06344086021505377
17 0.6334310850439883 0.3604838709677419 0.11730205278592376 0.06290322580645161
11 0.43304007820136853 0.4346774193548387 0.11339198435972629 0.07043010752688172
13 0.6739980449657869 0.43655913978494626 0.13587487781036167 0.07419354838709677
13 0.8978494623655914 0.7725806451612903 0.10068426197458455 0.07526881720430108
13 0.5767350928641252 0.5145161290322581 0.1348973607038123 0.06451612903225806
5 0.3704789833822092 0.763978494623656 0.10166177908113391 0.06129032258064516
5 0.4682306940371456 0.11693548387096774 0.10948191593352884 0.06182795698924731
13 0.8176930596285436 0.2010752688172043 0.10654936461388075 0.08064516129032258
23 0.844574780058651 0.28198924731182795 0.10166177908113391 0.05967741935483871
13 0.5669599217986315 0.11854838709677419 0.10948191593352884 0.06720430107526881
8 0.6221896383186706 0.6051075268817204 0.13391984359726294 0.07150537634408602
14 0.64613880742913 0.20161290322580644 0.09970674486803519 0.07311827956989247
8 0.34457478005865105 0.5190860215053763 0.13587487781036167 0.06290322580645161
23 0.1793743890518084 0.6075268817204301 0.11827956989247312 0.07526881720430108
1 0.4046920821114369 0.8400537634408602 0.10166177908113391 0.0543010752688172
5 0.2829912023460411 0.6064516129032258 0.10459433040078202 0.07634408602150537
20 0.20918866080156404 0.4346774193548387 0.12121212121212122 0.07150537634408602
5 0.5043988269794721 0.6040322580645161 0.11339198435972629 0.07258064516129033
7 0.5953079178885631 0.6846774193548387 0.14467253176930597 0.0553763440860215
5 0.32697947214076245 0.43306451612903224 0.11632453567937438 0.06720430107526881
7 0.49364613880742914 0.7645161290322581 0.14467253176930597 0.06021505376344086
10 0.35532746823069405 0.3548387096774194 0.0772238514173998 0.06021505376344086
5 0.8352883675464321 0.36129032258064514 0.09872922776148582 0.06236559139784946
21 0.2316715542521994 0.5190860215053763 0.09970674486803519 0.06720430107526881
19 0.39638318670576733 0.6051075268817204 0.13196480938416422 0.07150537634408602
4 0.20527859237536658 0.8400537634408602 0.09188660801564028 0.06182795698924731
18 0.22043010752688172 0.19489247311827956 0.10459433040078202 0.08763440860215053
13 0.6168132942326491 0.7669354838709678 0.10948191593352884 0.06290322580645161
13 0.14222873900293256 0.11935483870967742 0.07331378299120235 0.05806451612903226
1 0.5478983382209188 0.4376344086021505 0.12609970674486803 0.06236559139784946
17 0.8147605083088955 0.7688172043010753 0.10068426197458455 0.07096774193548387
13 0.4389051808406647 0.2782258064516129 0.1348973607038123 0.06075268817204301
13 0.7199413489736071 0.6841397849462365 0.1241446725317693 0.06397849462365592
22 0.5581622678396871 0.20026881720430106 0.08211143695014662 0.06397849462365592
21 0.9125122189638318 0.20026881720430106 0.07917888563049853 0.07688172043010753
1 0.8660801564027371 0.8470430107526882 0.10361681329423265 0.06827956989247312
20 0.8352883675464321 0.6873655913978495 0.1104594330400782 0.07795698924731183
11 0.2429130009775171 0.6884408602150538 0.11436950146627566 0.06612903225806452
5 0.2673509286412512 0.3553763440860215 0.10068426197458455 0.06129032258064516
7 0.7047898338220919 0.5174731182795699 0.14858260019550343 0.06720430107526881
22 0.7365591397849462 0.20268817204301076 0.08504398826979472 0.06774193548387097
23 0.7434017595307918 0.2830645161290323 0.10068426197458455 0.06505376344086021
20 0.5146627565982405 0.8411290322580646 0.10654936461388075 0.06290322580645161
21 0.1744868035190616 0.7655913978494624 0.09872922776148582 0.054838709677419356
23 0.7238514173998045 0.7661290322580645 0.1104594330400782 0.06344086021505377
21 0.6133919843597263 0.8397849462365592 0.1104594330400782 0.06559139784946237
5 0.32404692082111436 0.2021505376344086 0.09872922776148582 0.06666666666666667