8 0.6218655967903711 0.3438368860055607 0.1464393179538616 0.05282669138090825
1 0.3229689067201605 0.2694624652455978 0.10832497492477432 0.04772937905468026
22 0.7993981945837513 0.34754402224281744 0.06619859578736209 0.051899907321594066
14 0.5095285857572718 0.1531510658016682 0.12236710130391174 0.04494902687673772
22 0.3936810431293882 0.4066265060240964 0.06720160481444333 0.0505097312326228
5 0.7793380140421263 0.5405468025949953 0.10631895687061184 0.04494902687673772
21 0.8174523570712137 0.1607970342910102 0.08425275827482448 0.04355885078776645
17 0.21915747241725175 0.2743280815569972 0.09127382146439318 0.04911955514365153
16 0.36609829488465395 0.4652455977757183 0.10230692076228685 0.042632066728452274
20 0.5190571715145437 0.5933734939759037 0.11133400200601805 0.04680259499536608
7 0.34353059177532597 0.5275718257645968 0.12738214643931794 0.0366079703429101
5 0.6153460381143431 0.538693234476367 0.09729187562688064 0.0458758109360519
3 0.4864593781344032 0.5382298424467099 0.160481444332999 0.0458758109360519
11 0.7051153460381143 0.21918443002780352 0.09428284854563691 0.04170528266913809
13 0.39167502507522567 0.21084337349397592 0.12337011033099297 0.042632066728452274
14 0.48244734202607825 0.6561631139944393 0.10832497492477432 0.04726598702502317
13 0.7091273821464393 0.15523632993512512 0.10431293881644935 0.04819277108433735
21 0.2748244734202608 0.714318813716404 0.07021063189568706 0.033827618164967564
13 0.283851554663992 0.5838739573679332 0.11434302908726178 0.05004633920296571
14 0.5982948846539619 0.09360518999073215 0.10932798395185557 0.051899907321594066
8 0.21664994984954863 0.5227062094531975 0.13640922768304914 0.037071362372567196
18 0.25626880641925776 0.4596848934198332 0.11735205616850551 0.05468025949953661
3 0.8370110330992979 0.2226598702502317 0.055165496489468405 0.03938832252085264
11 0.30090270812437314 0.40268767377201115 0.10832497492477432 0.03892493049119555
21 0.2993981945837513 0.2129286376274328 0.07723169508525576 0.0366079703429101
14 0.5130391173520562 0.34036144578313254 0.09729187562688064 0.04309545875810936
11 0.20310932798395184 0.7036607970342911 0.07723169508525576 0.04958294717330862
21 0.6925777331995988 0.4068582020389249 0.06720160481444333 0.03985171455050973
5 0.19107321965897694 0.3982854494902688 0.06318956870611836 0.05236329935125116
5 0.6624874623871615 0.4793790546802595 0.08726178535606821 0.04772937905468026
6 0.7577733199598796 0.597775718257646 0.06720160481444333 0.04726598702502317
1 0.7011033099297894 0.09314179796107507 0.11434302908726178 0.04633920296570899
17 0.34954864593781343 0.7154772937905468 0.08124373119358075 0.042632066728452274
22 0.5250752256770311 0.40639481000926786 0.05917753259779338 0.04911955514365153
3 0.506519558676028 0.21362372567191845 0.10631895687061184 0.042632066728452274
5 0.6128385155466399 0.15593141797961074 0.09829488465396188 0.04309545875810936
7 0.3956870611835506 0.15500463392029656 0.10932798395185557 0.04494902687673772
0 0.3234704112337011 0.3341056533827618 0.11534603811434303 0.037071362372567196
6 0.19658976930792377 0.2133920296570899 0.07823470411233702 0.04309545875810936
7 0.3595787362086259 0.6487488415199258 0.14543630892678033 0.04448563484708063
21 0.4653961885656971 0.4082483781278962 0.0641925777331996 0.037998146431881374
13 0.6770310932798396 0.6612604263206673 0.06820461384152457 0.04541241890639481
11 0.7883650952858575 0.41682113067655235 0.12036108324974924 0.05421686746987952
5 0.5867602808425276 0.659870250231696 0.10631895687061184 0.04819277108433735
5 0.7778335005015045 0.2247451343836886 0.055165496489468405 0.04355885078776645
21 0.7978936810431294 0.28521779425393884 0.06920762286860582 0.037534754402224285
19 0.4583751253761284 0.47798887859128825 0.1283851554663992 0.04958294717330862
13 0.5997993981945837 0.40639481000926786 0.10431293881644935 0.04077849860982391
5 0.6614844533600802 0.2761816496756256 0.08926780341023069 0.04541241890639481
5 0.6123370110330993 0.2159406858202039 0.11735205616850551 0.042632066728452274
23 0.679037111334002 0.5956904541241891 0.08826479438314945 0.04402224281742354
21 0.7316950852557673 0.3489341983317887 0.08525576730190572 0.04170528266913809
10 0.6895687061183551 0.5507414272474513 0.06720160481444333 0.05329008341056534
16 0.4047141424272818 0.5931417979610751 0.12738214643931794 0.05004633920296571
1 0.4127382146439318 0.33317886932344765 0.09528585757271815 0.04448563484708063
5 0.6063189568706119 0.5929101019462465 0.07923771313941826 0.0458758109360519
3 0.563691073219659 0.28290083410565336 0.10431293881644935 0.042168674698795185
6 0.23219658976930793 0.6487488415199258 0.09729187562688064 0.04911955514365153
22 0.7933801404212638 0.48030583873957367 0.03811434302908726 0.04402224281742354
9 0.2181544633901705 0.3361909175162187 0.09929789368104312 0.06533827618164968
23 0.7422266800401204 0.4856348470806302 0.07422266800401203 0.04170528266913809
21 0.14593781344032097 0.2710843373493976 0.06920762286860582 0.03429101019462465
15 0.794383149448345 0.09314179796107507 0.08425275827482448 0.04726598702502317
5 0.5722166499498496 0.4749768303985172 0.09729187562688064 0.04726598702502317
21 0.18505516549648948 0.5922150139017609 0.08124373119358075 0.04726598702502317
23 0.4593781344032096 0.2752548656163114 0.10230692076228685 0.04077849860982391
10 0.730692076228686 0.29240037071362374 0.07522567703109329 0.051899907321594066