5 0.10878186968838527 0.27294981640146876 0.016997167138810197 0.03671970624235006
5 0.49915014164305943 0.6187270501835985 0.016997167138810197 0.04773561811505508
5 0.27592067988668556 0.5214198286413708 0.016997167138810197 0.04895960832313341
17 0.5555240793201133 0.6223990208078335 0.022096317280453255 0.05263157894736842
21 0.6385269121813031 0.3011015911872705 0.013597733711048159 0.041615667074663396
23 0.3008498583569405 0.6340269277845777 0.020396600566572238 0.04895960832313341
22 0.1960339943342776 0.5795593635250917 0.014730878186968837 0.037943696450428395
13 0.4665722379603399 0.5630354957160342 0.024362606232294616 0.04895960832313341
20 0.12464589235127478 0.42656058751529985 0.022662889518413595 0.0452876376988984
8 0.10254957507082152 0.6419828641370868 0.029461756373937675 0.050183598531211744
20 0.39631728045325776 0.3004895960832313 0.017563739376770537 0.04039167686658506
10 0.22407932011331444 0.4718482252141982 0.011898016997167138 0.0624235006119951
14 0.13966005665722378 0.5820073439412484 0.017563739376770537 0.04039167686658506
13 0.6728045325779036 0.23561811505507954 0.019830028328611898 0.04773561811505508
1 0.4195467422096317 0.4112607099143206 0.023229461756373936 0.046511627906976744
5 0.4104815864022663 0.3023255813953488 0.016430594900849856 0.04406364749082007
3 0.488385269121813 0.45899632802937573 0.018130311614730877 0.046511627906976744
3 0.3348441926345609 0.2515299877600979 0.015864022662889516 0.042839657282741736
17 0.530028328611898 0.3567931456548347 0.018696883852691217 0.059975520195838426
16 0.2110481586402266 0.23561811505507954 0.016430594900849856 0.0452876376988984
1 0.5127478753541076 0.7692778457772337 0.019263456090651557 0.03059975520195838
22 0.09320113314447591 0.37882496940024474 0.013031161473087818 0.055079559363525085
1 0.4881019830028328 0.24479804161566704 0.019830028328611898 0.056303549571603426
22 0.5699716713881019 0.6731946144430844 0.015864022662889516 0.05140758873929008
21 0.46883852691218125 0.6217870257037943 0.016430594900849856 0.05140758873929008
22 0.19773371104815862 0.28824969400244793 0.015864022662889516 0.04773561811505508
16 0.9577903682719546 0.14626682986536108 0.023229461756373936 0.04773561811505508
22 0.5711048158640226 0.29987760097919214 0.013597733711048159 0.04895960832313341
20 0.4175637393767705 0.51468788249694 0.018130311614730877 0.04039167686658506
1 0.5872521246458923 0.30354957160342716 0.015297450424929178 0.04406364749082007
5 0.5501416430594901 0.6713586291309669 0.020396600566572238 0.04773561811505508
7 0.6515580736543909 0.23806609547123622 0.021529745042492915 0.04773561811505508
5 0.05665722379603399 0.32741738066095466 0.018130311614730877 0.05263157894736842
22 0.12492917847025495 0.5820073439412484 0.010764872521246457 0.042839657282741736
17 0.6249291784702549 0.668298653610771 0.023796033994334276 0.05875152998776009
22 0.9138810198300282 0.13647490820073438 0.011331444759206798 0.050183598531211744
5 0.49150141643059486 0.408812729498164 0.017563739376770537 0.04895960832313341
8 0.5798866855524079 0.7258261933904528 0.028895184135977334 0.046511627906976744
5 0.3441926345609065 0.4657282741738066 0.019830028328611898 0.050183598531211744
5 0.23739376770538242 0.5226438188494491 0.016997167138810197 0.05140758873929008
22 0.1688385269121813 0.5832313341493267 0.011331444759206798 0.0452876376988984
15 0.38895184135977334 0.569767441860465 0.019830028328611898 0.04773561811505508
20 0.5563739376770538 0.3023255813953488 0.019263456090651557 0.04406364749082007
21 0.40594900849858356 0.56609547123623 0.015297450424929178 0.042839657282741736
5 0.3082152974504249 0.2001223990208078 0.016997167138810197 0.042839657282741736
13 0.33966005665722376 0.35801713586291306 0.025495750708215296 0.04773561811505508
7 0.3280453257790368 0.19828641370869032 0.020396600566572238 0.041615667074663396
23 0.35127478753541075 0.4118727050183598 0.019263456090651557 0.04773561811505508
6 0.2594900849858357 0.5789473684210525 0.019263456090651557 0.04406364749082007
0 0.16827195467422096 0.5299877600979191 0.014730878186968837 0.041615667074663396
16 0.38413597733711047 0.2496940024479804 0.020396600566572238 0.04895960832313341
16 0.49518413597733707 0.3518971848225214 0.021529745042492915 0.05263157894736842
7 0.1235127478753541 0.21297429620563033 0.020396600566572238 0.041615667074663396
6 0.66685552407932 0.7135862913096694 0.012464589235127478 0.03916768665850673
21 0.23541076487252124 0.4057527539779681 0.014164305949008497 0.037943696450428395
13 0.31926345609065154 0.52203182374541 0.023229461756373936 0.0452876376988984
13 0.4036827195467422 0.41309669522643816 0.022096317280453255 0.04039167686658506
23 0.45892351274787535 0.40942472460220314 0.013597733711048159 0.04773561811505508
11 0.5096317280453257 0.5648714810281518 0.022096317280453255 0.050183598531211744
23 0.4736543909348442 0.7239902080783354 0.016997167138810197 0.04773561811505508
8 0.5909348441926345 0.4118727050183598 0.030594900849858355 0.042839657282741736
6 0.5424929178470255 0.7723378212974296 0.015297450424929178 0.04406364749082007
22 0.388385269121813 0.6248470012239902 0.011898016997167138 0.042839657282741736
5 0.5713881019830028 0.25030599755201954 0.014164305949008497 0.050183598531211744
16 0.2932011331444759 0.25030599755201954 0.023229461756373936 0.0452876376988984
6 0.1968838526912181 0.3421052631578947 0.020963172804532578 0.050183598531211744
12 0.2158640226628895 0.2962056303549571 0.014730878186968837 0.03916768665850673
16 0.2951841359773371 0.5244798041615667 0.022662889518413595 0.04773561811505508
3 0.45580736543909345 0.6223990208078335 0.016430594900849856 0.04773561811505508
21 0.041359773371104816 0.5379436964504284 0.012464589235127478 0.042839657282741736
17 0.2773371104815864 0.36046511627906974 0.023229461756373936 0.055079559363525085
23 0.418413597733711 0.3592411260709914 0.016430594900849856 0.04773561811505508
0 0.5444759206798866 0.35495716034271724 0.016997167138810197 0.046511627906976744
6 0.09858356940509914 0.48164014687882495 0.022662889518413595 0.05263157894736842
17 0.2611898016997167 0.3017135862913096 0.026062322946175637 0.05752753977968176
5 0.1660056657223796 0.37698898408812725 0.016997167138810197 0.04895960832313341
10 0.18073654390934843 0.38494492044063644 0.014730878186968837 0.05263157894736842
4 0.31558073654390933 0.41493268053855564 0.021529745042492915 0.046511627906976744
13 0.28895184135977336 0.7386780905752753 0.026062322946175637 0.042839657282741736
14 0.4288951841359773 0.7270501835985311 0.016997167138810197 0.046511627906976744
3 0.21643059490084984 0.5771113831089351 0.018130311614730877 0.05263157894736842
8 0.08583569405099149 0.2723378212974296 0.025495750708215296 0.04039167686658506
11 0.5297450424929178 0.25030599755201954 0.021529745042492915 0.0452876376988984
22 0.4280453257790368 0.6750305997552019 0.014164305949008497 0.042839657282741736
22 0.6611898016997166 0.6658506731946143 0.012464589235127478 0.05140758873929008
9 0.09943342776203966 0.5850673194614443 0.019830028328611898 0.06119951040391676
23 0.2963172804532578 0.35495716034271724 0.016997167138810197 0.04895960832313341
6 0.6543909348441926 0.4026927784577723 0.016997167138810197 0.05140758873929008
21 0.4764872521246459 0.6701346389228886 0.014730878186968837 0.042839657282741736
5 0.3478753541076487 0.24847001223990206 0.015864022662889516 0.04895960832313341
5 0.47167138810198295 0.7649938800489595 0.016430594900849856 0.03916768665850673
5 0.4487252124645892 0.5618115055079559 0.015864022662889516 0.04895960832313341
23 0.4827195467422096 0.620563035495716 0.016997167138810197 0.046511627906976744
1 0.5586402266288951 0.3567931456548347 0.016997167138810197 0.0452876376988984
22 0.08186968838526912 0.4798041615667074 0.011898016997167138 0.04895960832313341
1 0.9016997167138809 0.14626682986536108 0.015297450424929178 0.055079559363525085
13 0.07025495750708215 0.7386780905752753 0.020396600566572238 0.03059975520195838
20 0.5515580736543909 0.09485924112607098 0.016430594900849856 0.05263157894736842
13 0.5487252124645892 0.40942472460220314 0.023229461756373936 0.050183598531211744
5 0.510198300283286 0.5104039167686658 0.015297450424929178 0.046511627906976744
1 0.345042492917847 0.5820073439412484 0.020396600566572238 0.042839657282741736
23 0.4388101983002833 0.46205630354957156 0.014164305949008497 0.04773561811505508
22 0.1980169971671388 0.3922888616891064 0.010764872521246457 0.050183598531211744
21 0.5546742209631728 0.4596083231334149 0.016997167138810197 0.042839657282741736
14 0.6504249291784702 0.7221542227662178 0.019263456090651557 0.04406364749082007
6 0.4036827195467422 0.24908200734394123 0.020963172804532578 0.0452876376988984
21 0.2526912181303116 0.2521419828641371 0.011331444759206798 0.03671970624235006
3 0.032577903682719546 0.27845777233782126 0.018696883852691217 0.033047735618115054
17 0.08611898016997166 0.43390452876376984 0.024929178470254956 0.050183598531211744
11 0.04475920679886685 0.4828641370869033 0.021529745042492915 0.042839657282741736
19 0.8575070821529744 0.0869033047735618 0.019830028328611898 0.04895960832313341
23 0.3110481586402266 0.2515299877600979 0.019263456090651557 0.04039167686658506
13 0.9807365439093484 0.14687882496940025 0.022662889518413595 0.03916768665850673
1 0.06458923512747874 0.4804161566707466 0.021529745042492915 0.050183598531211744
14 0.8631728045325778 0.25642594859241125 0.020963172804532578 0.0452876376988984
22 0.2385269121813031 0.24296205630354956 0.012464589235127478 0.04773561811505508
8 0.2657223796033994 0.4143206854345165 0.027195467422096317 0.042839657282741736
13 0.05807365439093484 0.3806609547123623 0.025495750708215296 0.05140758873929008
21 0.23711048158640224 0.7313341493268053 0.015297450424929178 0.05263157894736842
2 0.03824362606232294 0.3292533659730722 0.018696883852691217 0.05385556915544675
10 0.05127478753541076 0.16340269277845776 0.014164305949008497 0.05263157894736842
21 0.15297450424929177 0.5305997552019583 0.018130311614730877 0.042839657282741736
17 0.19461756373937675 0.6370869033047735 0.023229461756373936 0.06731946144430843
22 0.19660056657223796 0.6787025703794369 0.014730878186968837 0.0452876376988984
6 0.4053824362606232 0.6236230110159118 0.019830028328611898 0.04773561811505508
21 0.5580736543909348 0.7674418604651162 0.014730878186968837 0.026927784577723376
16 0.5076487252124645 0.45899632802937573 0.020396600566572238 0.041615667074663396
1 0.05099150141643059 0.744798041615667 0.015864022662889516 0.037943696450428395
21 0.5263456090651558 0.5624235006119951 0.015864022662889516 0.050183598531211744
2 0.04929178470254957 0.7019583843329252 0.016997167138810197 0.04773561811505508
13 0.4453257790368272 0.6701346389228886 0.024929178470254956 0.042839657282741736
1 0.03937677053824362 0.38249694002447976 0.016430594900849856 0.050183598531211744
21 0.6807365439093483 0.7123623011015912 0.015297450424929178 0.05140758873929008
22 0.2470254957507082 0.40452876376988983 0.011331444759206798 0.04039167686658506
1 0.6008498583569405 0.5165238678090575 0.019830028328611898 0.04406364749082007
16 0.4881019830028328 0.5636474908200734 0.024362606232294616 0.050183598531211744
11 0.345042492917847 0.5269277845777234 0.022662889518413595 0.04773561811505508
17 0.35325779036827193 0.646266829865361 0.020963172804532578 0.05140758873929008
5 0.08328611898016997 0.16156670746634025 0.021529745042492915 0.04895960832313341
6 0.6240793201133144 0.3531211750305997 0.020963172804532578 0.05263157894736842
13 0.11416430594900849 0.5275397796817625 0.020963172804532578 0.03671970624235006
21 0.3339943342776204 0.6389228886168911 0.017563739376770537 0.041615667074663396
14 0.3008498583569405 0.6891064871481027 0.022662889518413595 0.05140758873929008
21 0.028328611898016994 0.11138310893512851 0.013597733711048159 0.03427172582619339
7 0.6011331444759206 0.3531211750305997 0.027195467422096317 0.0452876376988984
17 0.3328611898016997 0.7968176254589963 0.025495750708215296 0.05875152998776009
8 0.4685552407932011 0.24663402692778455 0.018130311614730877 0.03549571603427172
5 0.4487252124645892 0.3567931456548347 0.014730878186968837 0.0452876376988984
9 0.25977337110481585 0.6811505507955936 0.025495750708215296 0.08200734394124846
6 0.6274787535410764 0.24173806609547122 0.023229461756373936 0.042839657282741736
13 0.05864022662889518 0.43451652386780903 0.028895184135977334 0.04406364749082007
21 0.6062322946175637 0.6676866585067319 0.018130311614730877 0.0452876376988984
21 0.045609065155807364 0.2760097919216646 0.011898016997167138 0.04039167686658506
0 0.2932011331444759 0.20073439412484698 0.015297450424929178 0.03671970624235006
6 0.13541076487252124 0.317625458996328 0.018130311614730877 0.05263157894736842
13 0.3093484419263456 0.29987760097919214 0.024929178470254956 0.03671970624235006
21 0.033711048158640226 0.21848225214198286 0.017563739376770537 0.0452876376988984
6 0.3892351274787535 0.19706242350061198 0.018130311614730877 0.041615667074663396
21 0.5144475920679886 0.6695226438188494 0.015864022662889516 0.04895960832313341
5 0.8745042492917846 0.19828641370869032 0.014164305949008497 0.05140758873929008
10 0.37025495750708215 0.7962056303549571 0.018696883852691217 0.050183598531211744
11 0.21699716713881018 0.4002447980416156 0.021529745042492915 0.046511627906976744
5 0.24079320113314445 0.6787025703794369 0.015864022662889516 0.05263157894736842
3 0.3082152974504249 0.7405140758873928 0.022662889518413595 0.041615667074663396
10 0.8895184135977336 0.1474908200734394 0.013597733711048159 0.055079559363525085
17 0.3648725212464589 0.3653610771113831 0.024929178470254956 0.0624235006119951
1 0.8458923512747875 0.25642594859241125 0.013597733711048159 0.050183598531211744
13 0.6575070821529745 0.4608323133414932 0.015297450424929178 0.0452876376988984
17 0.4410764872521246 0.6230110159118727 0.022096317280453255 0.05385556915544675
14 0.22889518413597731 0.299265605875153 0.014730878186968837 0.037943696450428395
22 0.041926345609065156 0.5856793145654834 0.013597733711048159 0.05263157894736842
11 0.2580736543909348 0.46756425948592406 0.022096317280453255 0.04406364749082007
3 0.4322946175637393 0.36046511627906974 0.020396600566572238 0.04773561811505508
3 0.6138810198300283 0.07037943696450427 0.011898016997167138 0.0624235006119951
14 0.6830028328611898 0.405140758873929 0.014164305949008497 0.056303549571603426
18 0.31444759206798867 0.7888616891064871 0.019263456090651557 0.07711138310893512
5 0.12606232294617564 0.635250917992656 0.016430594900849856 0.05140758873929008
7 0.9274787535410765 0.20195838433292532 0.03172804532577903 0.041615667074663396
22 0.27790368271954674 0.20195838433292532 0.015297450424929178 0.05875152998776009
13 0.5339943342776203 0.4559363525091799 0.027762039660056654 0.04039167686658506
5 0.27762039660056653 0.5807833537331701 0.016997167138810197 0.042839657282741736
10 0.12861189801699716 0.3745410036719706 0.014730878186968837 0.06609547123623011
21 0.15609065155807364 0.5826193390452876 0.013031161473087818 0.03916768665850673
5 0.23796033994334276 0.46756425948592406 0.016997167138810197 0.04406364749082007
22 0.446742209631728 0.299265605875153 0.011898016997167138 0.0452876376988984
21 0.3997167138810198 0.7472460220318237 0.018696883852691217 0.0452876376988984
3 0.2643059490084986 0.20379436964504283 0.015297450424929178 0.04773561811505508
1 0.3240793201133144 0.7435740514075887 0.022662889518413595 0.037943696450428395
6 0.3328611898016997 0.2962056303549571 0.020963172804532578 0.04406364749082007
22 0.37648725212464584 0.5795593635250917 0.007365439093484419 0.037943696450428395
1 0.07393767705382435 0.2209302325581395 0.015297450424929178 0.0452876376988984
1 0.5677053824362606 0.4082007343941248 0.016997167138810197 0.04773561811505508
12 0.4147308781869688 0.7441860465116279 0.019263456090651557 0.05140758873929008
23 0.43796033994334277 0.20073439412484698 0.016997167138810197 0.041615667074663396
21 0.2422096317280453 0.29987760097919214 0.015297450424929178 0.03671970624235006
10 0.3713881019830028 0.6450428396572827 0.014164305949008497 0.05140758873929008
11 0.8526912181303116 0.19400244798041613 0.019263456090651557 0.050183598531211744
17 0.24759206798866853 0.20930232558139533 0.012464589235127478 0.04406364749082007
22 0.3147308781869688 0.5820073439412484 0.013031161473087818 0.042839657282741736
0 0.5753541076487252 0.6217870257037943 0.015297450424929178 0.05140758873929008
7 0.6019830028328611 0.5630354957160342 0.028895184135977334 0.04406364749082007
19 0.0660056657223796 0.1603427172582619 0.017563739376770537 0.046511627906976744
3 0.5501416430594901 0.24663402692778455 0.023796033994334276 0.04773561811505508
14 0.4575070821529745 0.7674418604651162 0.015297450424929178 0.04406364749082007
1 0.23994334277620394 0.3567931456548347 0.019830028328611898 0.05263157894736842
5 0.4337110481586402 0.5152998776009792 0.015297450424929178 0.041615667074663396
17 0.360056657223796 0.7460220318237454 0.023229461756373936 0.055079559363525085
18 0.7135977337110481 0.41248470012239896 0.016430594900849856 0.06609547123623011
22 0.5790368271954673 0.5648714810281518 0.013597733711048159 0.055079559363525085
3 0.30991501416430595 0.3592411260709914 0.016997167138810197 0.0452876376988984
21 0.5864022662889518 0.059975520195838426 0.009065155807365438 0.046511627906976744
10 0.6257790368271954 0.299265605875153 0.014164305949008497 0.0624235006119951
1 0.38385269121813026 0.41309669522643816 0.015297450424929178 0.0452876376988984
23 0.2906515580736544 0.5801713586291309 0.013597733711048159 0.046511627906976744
7 0.6674220963172804 0.6175030599755201 0.019263456090651557 0.050183598531211744
23 0.5980169971671387 0.4614443084455324 0.015297450424929178 0.046511627906976744
20 0.5280453257790368 0.5134638922888617 0.016997167138810197 0.0452876376988984
23 0.33966005665722376 0.6909424724602202 0.017563739376770537 0.04039167686658506
16 0.32011331444759206 0.6915544675642594 0.021529745042492915 0.056303549571603426
23 0.18243626062322946 0.5789473684210525 0.015864022662889516 0.046511627906976744
13 0.07422096317280452 0.6370869033047735 0.021529745042492915 0.037943696450428395
6 0.8541076487252124 0.13280293757649939 0.023229461756373936 0.05752753977968176
13 0.6821529745042493 0.6144430844553243 0.019263456090651557 0.056303549571603426
5 0.7269121813031161 0.40391676866585063 0.013597733711048159 0.04895960832313341
5 0.6271954674220963 0.6187270501835985 0.014730878186968837 0.05752753977968176
1 0.28243626062322946 0.6805385556915544 0.019830028328611898 0.041615667074663396
16 0.11473087818696884 0.31701346389228885 0.022096317280453255 0.05140758873929008
22 0.5422096317280453 0.51468788249694 0.012464589235127478 0.042839657282741736
1 0.37818696883852687 0.6866585067319461 0.015297450424929178 0.04406364749082007
13 0.47280453257790367 0.29436964504283963 0.023229461756373936 0.0452876376988984
7 0.4512747875354107 0.7209302325581395 0.030028328611898015 0.03916768665850673
20 0.36515580736543907 0.25030599755201954 0.018696883852691217 0.050183598531211744
5 0.1178470254957507 0.4779681762545899 0.019263456090651557 0.0452876376988984
1 0.5014164305949008 0.7270501835985311 0.020396600566572238 0.05140758873929008
3 0.09008498583569405 0.7417380660954712 0.020396600566572238 0.03427172582619339
23 0.48696883852691214 0.7270501835985311 0.017563739376770537 0.05385556915544675
22 0.8852691218130311 0.19951040391676864 0.010764872521246457 0.041615667074663396
1 0.0773371104815864 0.5844553243574051 0.017563739376770537 0.055079559363525085
14 0.5252124645892351 0.7705018359853121 0.015864022662889516 0.0452876376988984
5 0.4532577903682719 0.25091799265605874 0.014730878186968837 0.041615667074663396
2 0.08895184135977337 0.6933904528763769 0.020396600566572238 0.04773561811505508
12 0.5342776203966005 0.6150550795593634 0.019263456090651557 0.0452876376988984
22 0.2643059490084986 0.7821297429620563 0.008498583569405098 0.04406364749082007
23 0.6940509915014164 0.7074663402692778 0.007932011331444758 0.05385556915544675
14 0.10991501416430594 0.6976744186046511 0.020396600566572238 0.046511627906976744
11 0.6079320113314447 0.2986536107711138 0.023796033994334276 0.04895960832313341
10 0.5688385269121813 0.4571603427172582 0.013597733711048159 0.04773561811505508
21 0.18413597733711046 0.5263157894736842 0.018130311614730877 0.046511627906976744
14 0.21274787535410764 0.6266829865361077 0.018696883852691217 0.04895960832313341
13 0.27110481586402263 0.24908200734394123 0.022096317280453255 0.037943696450428395
1 0.5541076487252125 0.5159118727050183 0.014730878186968837 0.0452876376988984
14 0.6388101983002833 0.6187270501835985 0.014164305949008497 0.050183598531211744
11 0.38526912181303113 0.3629130966952264 0.024929178470254956 0.04773561811505508
5 0.4215297450424929 0.20073439412484698 0.014730878186968837 0.04406364749082007
10 0.8999999999999999 0.208078335373317 0.018696883852691217 0.06854345165238677
10 0.1490084985835694 0.7362301101591187 0.015864022662889516 0.05263157894736842
20 0.31784702549575067 0.6334149326805385 0.019263456090651557 0.0452876376988984
8 0.9371104815864022 0.04467564259485924 0.026062322946175637 0.04773561811505508
13 0.6090651558073654 0.6150550795593634 0.024929178470254956 0.04773561811505508
1 0.3501416430594901 0.299265605875153 0.020396600566572238 0.0452876376988984
5 0.875070821529745 0.13525091799265604 0.018696883852691217 0.042839657282741736
12 0.5152974504249291 0.6193390452876376 0.018696883852691217 0.046511627906976744
13 0.5711048158640226 0.055079559363525085 0.016997167138810197 0.056303549571603426
17 0.0886685552407932 0.21970624235006117 0.017563739376770537 0.0452876376988984
4 0.5322946175637393 0.6670746634026927 0.020963172804532578 0.06119951040391676
22 0.6937677053824363 0.7735618115055078 0.019830028328611898 0.056303549571603426
3 0.36713881019830025 0.30538555691554464 0.021529745042492915 0.042839657282741736
19 0.6172804532577904 0.7209302325581395 0.017563739376770537 0.041615667074663396
4 0.10736543909348441 0.43023255813953487 0.022096317280453255 0.050183598531211744
13 0.32209631728045324 0.4657282741738066 0.024362606232294616 0.0452876376988984
5 0.44192634560906513 0.7711138310893512 0.020396600566572238 0.05385556915544675
16 0.12974504249291785 0.6921664626682986 0.022662889518413595 0.042839657282741736
5 0.3932011331444759 0.46450428396572824 0.018130311614730877 0.037943696450428395
17 0.6594900849858356 0.7723378212974296 0.016997167138810197 0.05875152998776009
5 0.5586402266288951 0.04957160342717258 0.014730878186968837 0.059975520195838426
9 0.49150141643059486 0.5177478580171359 0.020963172804532578 0.07099143206854344
23 0.05835694050991501 0.5893512851897185 0.020396600566572238 0.042839657282741736
5 0.6036827195467421 0.7215422276621787 0.017563739376770537 0.042839657282741736
1 0.09235127478753541 0.5342717258261933 0.019263456090651557 0.04039167686658506
12 0.038526912181303115 0.4406364749082007 0.015864022662889516 0.05385556915544675
5 0.230028328611898 0.6248470012239902 0.015864022662889516 0.042839657282741736
7 0.6045325779036826 0.24663402692778455 0.022662889518413595 0.042839657282741736
19 0.3538243626062323 0.7931456548347613 0.017563739376770537 0.046511627906976744
21 0.6252124645892351 0.07405140758873928 0.009631728045325779 0.05263157894736842
3 0.07705382436260623 0.3800489596083231 0.020396600566572238 0.050183598531211744
5 0.0708215297450425 0.6995104039167686 0.021529745042492915 0.042839657282741736
22 0.5311614730878187 0.4112607099143206 0.013031161473087818 0.04406364749082007
6 0.13172804532577903 0.7362301101591187 0.020963172804532578 0.033047735618115054
1 0.4512747875354107 0.4651162790697674 0.015297450424929178 0.04406364749082007
9 0.4555240793201133 0.20379436964504283 0.019263456090651557 0.050183598531211744
12 0.40934844192634556 0.4632802937576499 0.014164305949008497 0.0452876376988984
1 0.20311614730878186 0.7307221542227662 0.020963172804532578 0.04406364749082007
5 0.5402266288951841 0.29987760097919214 0.017563739376770537 0.04406364749082007
19 0.3291784702549575 0.5801713586291309 0.021529745042492915 0.04406364749082007
10 0.07393767705382435 0.5410036719706242 0.016430594900849856 0.05385556915544675
16 0.28073654390934843 0.7821297429620563 0.019830028328611898 0.04406364749082007
23 0.30481586402266286 0.5820073439412484 0.013597733711048159 0.042839657282741736
1 0.9042492917847025 0.09424724602203181 0.013597733711048159 0.041615667074663396
13 0.06288951841359773 0.2741738066095471 0.022662889518413595 0.03916768665850673
6 0.15382436260623228 0.6903304773561811 0.023229461756373936 0.03916768665850673
23 0.5260623229461756 0.032435740514075884 0.009631728045325779 0.04773561811505508
2 0.0773371104815864 0.32802937576499386 0.020963172804532578 0.05140758873929008
0 0.40594900849858356 0.19828641370869032 0.016430594900849856 0.041615667074663396
8 0.15042492917847025 0.26376988984088123 0.020963172804532578 0.0452876376988984
21 0.5818696883852691 0.45899632802937573 0.015864022662889516 0.03916768665850673
13 0.2498583569405099 0.7815177478580171 0.014730878186968837 0.0452876376988984
1 0.3798866855524079 0.30538555691554464 0.017563739376770537 0.050183598531211744
4 0.42974504249291784 0.30354957160342716 0.023229461756373936 0.041615667074663396
22 0.5365439093484419 0.03427172582619339 0.005665722379603399 0.041615667074663396
17 0.6144475920679886 0.4651162790697674 0.019830028328611898 0.05140758873929008
17 0.1640226628895184 0.737454100367197 0.017563739376770537 0.0624235006119951
0 0.5705382436260623 0.5140758873929008 0.013597733711048159 0.04895960832313341
1 0.5572237960339943 0.7252141982864136 0.015297450424929178 0.0452876376988984
21 0.44730878186968837 0.4118727050183598 0.013031161473087818 0.04039167686658506
1 0.4110481586402266 0.6787025703794369 0.020963172804532578 0.055079559363525085
9 0.6169971671388101 0.4118727050183598 0.028328611898016994 0.06976744186046512
20 0.2515580736543909 0.741126070991432 0.015864022662889516 0.0452876376988984
20 0.18158640226628894 0.741126070991432 0.023229461756373936 0.050183598531211744
5 0.18583569405099148 0.28457772337821297 0.014730878186968837 0.04773561811505508
13 0.1263456090651558 0.26927784577723374 0.018130311614730877 0.03427172582619339
20 0.4730878186968838 0.40391676866585063 0.018130311614730877 0.046511627906976744
5 0.3713881019830028 0.1964504283965728 0.019830028328611898 0.04039167686658506
3 0.04107648725212464 0.6468788249694002 0.019830028328611898 0.04039167686658506
20 0.586685552407932 0.25091799265605874 0.011898016997167138 0.04406364749082007
3 0.05892351274787535 0.22031823745410034 0.016997167138810197 0.046511627906976744
17 0.17847025495750707 0.339657282741738 0.020396600566572238 0.037943696450428395
7 0.6444759206798867 0.5097919216646266 0.026628895184135977 0.04773561811505508
16 0.42294617563739373 0.46205630354957156 0.017563739376770537 0.042839657282741736
13 0.621813031161473 0.5134638922888617 0.022096317280453255 0.042839657282741736
3 0.2252124645892351 0.3500611995104039 0.020963172804532578 0.05140758873929008
10 0.22606232294617562 0.25030599755201954 0.014730878186968837 0.06976744186046512
5 0.4722379603399433 0.5140758873929008 0.016430594900849856 0.041615667074663396
8 0.5113314447592068 0.40758873929008566 0.031161473087818695 0.04406364749082007
16 0.5699716713881019 0.11077111383108934 0.019263456090651557 0.04039167686658506
13 0.14560906515580735 0.6340269277845777 0.024929178470254956 0.046511627906976744
0 0.6504249291784702 0.613219094247246 0.015864022662889516 0.046511627906976744
20 0.43031161473087814 0.7674418604651162 0.011898016997167138 0.03916768665850673
5 0.14192634560906514 0.21052631578947367 0.014164305949008497 0.03916768665850673
1 0.3362606232294617 0.4143206854345165 0.016430594900849856 0.0452876376988984
5 0.1790368271954674 0.6854345165238678 0.024929178470254956 0.04895960832313341
3 0.39263456090651555 0.6976744186046511 0.018130311614730877 0.046511627906976744
5 0.590084985835694 0.6193390452876376 0.016430594900849856 0.046511627906976744
22 0.04759206798866855 0.2178702570379437 0.009065155807365438 0.04406364749082007
12 0.546742209631728 0.0397796817625459 0.012464589235127478 0.04773561811505508
6 0.21529745042492918 0.6762545899632803 0.022662889518413595 0.0452876376988984
13 0.4694050991501416 0.4602203182374541 0.022096317280453255 0.041615667074663396
13 0.25694050991501416 0.5238678090575275 0.022096317280453255 0.046511627906976744
21 0.3240793201133144 0.24908200734394123 0.013597733711048159 0.033047735618115054
23 0.6756373937677054 0.7735618115055078 0.016430594900849856 0.056303549571603426
13 0.521813031161473 0.7264381884944919 0.026062322946175637 0.05263157894736842
22 0.24645892351274787 0.6236230110159118 0.015864022662889516 0.0452876376988984
14 0.4232294617563739 0.6193390452876376 0.018130311614730877 0.05140758873929008
3 0.1056657223796034 0.22031823745410034 0.020963172804532578 0.046511627906976744
21 0.2696883852691218 0.7405140758873928 0.018130311614730877 0.03427172582619339
5 0.2762039660056657 0.4694002447980416 0.017563739376770537 0.04773561811505508
9 0.29603399433427763 0.4687882496940024 0.025495750708215296 0.07099143206854344
5 0.5844192634560906 0.5140758873929008 0.016430594900849856 0.046511627906976744
22 0.3226628895184136 0.35801713586291306 0.010764872521246457 0.050183598531211744
13 0.34900849858356936 0.19400244798041613 0.024929178470254956 0.037943696450428395
20 0.2637393767705382 0.6334149326805385 0.016430594900849856 0.0452876376988984
20 0.5243626062322946 0.29987760097919214 0.018696883852691217 0.04895960832313341
16 0.5356940509915014 0.08751529987760097 0.020963172804532578 0.055079559363525085
8 0.931728045325779 0.14320685434516522 0.027762039660056654 0.056303549571603426
6 0.3858356940509915 0.5208078335373316 0.014730878186968837 0.050183598531211744
3 0.5419263456090652 0.7264381884944919 0.018696883852691217 0.04773561811505508
1 0.4203966005665722 0.2545899632802937 0.019263456090651557 0.041615667074663396
23 0.34277620396600567 0.7405140758873928 0.018130311614730877 0.03916768665850673
21 0.45949008498583566 0.35801713586291306 0.014730878186968837 0.050183598531211744
8 0.42464589235127476 0.5648714810281518 0.030028328611898015 0.0452876376988984
23 0.5405099150141642 0.5642594859241126 0.016997167138810197 0.05140758873929008
5 0.5572237960339943 0.5618115055079559 0.019830028328611898 0.04895960832313341
20 0.590084985835694 0.6670746634026927 0.020963172804532578 0.046511627906976744
6 0.11104815864022662 0.37698898408812725 0.019263456090651557 0.05140758873929008
21 0.403399433427762 0.3629130966952264 0.016997167138810197 0.04039167686658506
3 0.43682719546742205 0.41554467564259484 0.016997167138810197 0.04773561811505508
11 0.8892351274787534 0.09608323133414932 0.017563739376770537 0.05263157894736842
10 0.5135977337110481 0.2607099143206854 0.017563739376770537 0.05875152998776009
3 0.43682719546742205 0.2496940024479804 0.018130311614730877 0.03671970624235006
1 0.03541076487252125 0.16156670746634025 0.019830028328611898 0.046511627906976744
22 0.11161473087818696 0.7405140758873928 0.018130311614730877 0.03182374541003671
16 0.646742209631728 0.35862913096695226 0.022096317280453255 0.05140758873929008
10 0.45665722379603396 0.5226438188494491 0.015864022662889516 0.04895960832313341
13 0.49518413597733707 0.6670746634026927 0.023796033994334276 0.05140758873929008
1 0.6688385269121813 0.40146878824969395 0.018696883852691217 0.05140758873929008
3 0.441643059490085 0.51468788249694 0.014164305949008497 0.037943696450428395
21 0.054390934844192634 0.6376988984088127 0.014730878186968837 0.03916768665850673
22 0.4648725212464589 0.6713586291309669 0.011898016997167138 0.05263157894736842
6 0.5776203966005665 0.35495716034271724 0.023229461756373936 0.041615667074663396
9 0.1736543909348442 0.6370869033047735 0.027762039660056654 0.07466340269277845
17 0.6954674220963172 0.40697674418604646 0.017563739376770537 0.05752753977968176
19 0.4932011331444759 0.7692778457772337 0.018696883852691217 0.03549571603427172
1 0.6345609065155807 0.7197062423500611 0.015864022662889516 0.03916768665850673
11 0.38016997167138805 0.7478580171358629 0.026062322946175637 0.04895960832313341
10 0.36062322946175634 0.5960832313341493 0.016430594900849856 0.06609547123623011
5 0.6388101983002833 0.40758873929008566 0.016430594900849856 0.05140758873929008
6 0.3580736543909348 0.6921664626682986 0.016997167138810197 0.042839657282741736
16 0.5042492917847026 0.2937576499388005 0.019263456090651557 0.046511627906976744
1 0.40141643059490084 0.5159118727050183 0.017563739376770537 0.04039167686658506
21 0.6407932011331444 0.45899632802937573 0.011331444759206798 0.046511627906976744
22 0.630028328611898 0.4614443084455324 0.013597733711048159 0.05140758873929008
13 0.47478753541076485 0.35801713586291306 0.020396600566572238 0.04773561811505508
23 0.04249291784702549 0.11260709914320685 0.015864022662889516 0.03916768665850673
10 0.6461756373937677 0.6744186046511628 0.015297450424929178 0.06609547123623011
21 0.6422096317280452 0.7662178702570379 0.015297450424929178 0.046511627906976744
23 0.0575070821529745 0.5336597307221542 0.017563739376770537 0.03916768665850673
23 0.2008498583569405 0.5269277845777234 0.019830028328611898 0.050183598531211744
21 0.458356940509915 0.29804161566707466 0.013597733711048159 0.0452876376988984
7 0.2920679886685552 0.4112607099143206 0.024362606232294616 0.04406364749082007
3 0.2773371104815864 0.2962056303549571 0.020963172804532578 0.03671970624235006
16 0.2801699716713881 0.6297429620563035 0.023229461756373936 0.04039167686658506
5 0.8756373937677053 0.09179926560587515 0.018696883852691217 0.046511627906976744
13 0.6008498583569405 0.0642594859241126 0.022096317280453255 0.05752753977968176
13 0.2215297450424929 0.7264381884944919 0.020396600566572238 0.033047735618115054
21 0.29178470254957506 0.2986536107711138 0.010198300283286119 0.03182374541003671
6 0.2577903682719547 0.35250917992656056 0.022662889518413595 0.04895960832313341
14 0.09490084985835694 0.3237454100367197 0.016430594900849856 0.0452876376988984
14 0.510198300283286 0.3506731946144431 0.017563739376770537 0.0452876376988984
8 0.3677053824362606 0.4596083231334149 0.028328611898016994 0.0452876376988984
1 0.2101983002832861 0.34516523867809057 0.014730878186968837 0.046511627906976744
0 0.36657223796033994 0.4118727050183598 0.019263456090651557 0.04039167686658506