1 0.09281437125748504 0.234012539184953 0.008607784431137725 0.014106583072100314
1 0.8485217065868264 0.6974921630094044 0.01066616766467066 0.020689655172413793
1 0.9016654191616768 0.6749216300940439 0.008420658682634731 0.01692789968652038
23 0.5044910179640719 0.5542319749216301 0.008607784431137725 0.01692789968652038
1 0.3503929640718563 0.6634796238244515 0.008794910179640719 0.01974921630094044
19 0.8791167664670659 0.12648902821316615 0.010479041916167666 0.023510971786833857
13 0.1156437125748503 0.2512539184952978 0.010104790419161677 0.01598746081504702
5 0.6209767964071856 0.514576802507837 0.009917664670658683 0.017868338557993732
22 0.906062874251497 0.6556426332288402 0.005988023952095809 0.01536050156739812
10 0.9377806886227545 0.31551724137931036 0.008420658682634731 0.021003134796238245
11 0.12181886227544911 0.6451410658307211 0.010104790419161677 0.01692789968652038
6 0.6170471556886228 0.653448275862069 0.009543413173652695 0.021003134796238245
16 0.5879491017964072 0.5954545454545455 0.010853293413173653 0.016614420062695926
5 0.28574101796407186 0.6045454545454546 0.008233532934131737 0.01598746081504702
12 0.909618263473054 0.675705329153605 0.009730538922155689 0.02225705329153605
5 0.8841691616766467 0.7186520376175549 0.008982035928143714 0.02225705329153605
12 0.10872005988023953 0.23244514106583072 0.008233532934131737 0.017241379310344827
7 0.09019461077844312 0.6468652037617555 0.013847305389221558 0.014106583072100314
17 0.9219685628742516 0.6557993730407524 0.010853293413173653 0.016300940438871474
1 0.516747754491018 0.5141065830721003 0.009169161676646708 0.01692789968652038
10 0.5125374251497006 0.6346394984326019 0.0074850299401197605 0.017868338557993732
20 0.5280688622754491 0.6547021943573668 0.009356287425149701 0.020376175548589344
16 0.8905314371257486 0.5101880877742947 0.010104790419161677 0.021003134796238245
21 0.2843375748502994 0.6438871473354233 0.009169161676646708 0.016300940438871474
22 0.8925898203592815 0.5968652037617556 0.005988023952095809 0.022570532915360503
22 0.374438622754491 0.6452978056426333 0.0048652694610778445 0.018495297805642633
21 0.8545097305389222 0.309717868338558 0.008046407185628743 0.016300940438871474
1 0.26758982035928147 0.3021943573667712 0.008607784431137725 0.015047021943573668
14 0.7119199101796407 0.25078369905956116 0.011788922155688624 0.018181818181818184
15 0.7515905688622755 0.5393416927899687 0.00280688622754491 0.005329153605015674
5 0.2629116766467066 0.24216300940438873 0.009356287425149701 0.017241379310344827
5 0.9127994011976048 0.5332288401253918 0.014970059880239521 0.02006269592476489
21 0.47342814371257486 0.5946708463949844 0.010479041916167666 0.01755485893416928
12 0.2725486526946108 0.24122257053291538 0.011788922155688624 0.01598746081504702
16 0.8661115269461078 0.6368338557993731 0.010291916167664672 0.017868338557993732
0 0.5299401197604791 0.5735109717868339 0.009730538922155689 0.017241379310344827
5 0.23755613772455092 0.2822884012539185 0.008794910179640719 0.017241379310344827
17 0.6511040419161677 0.6349529780564264 0.01066616766467066 0.01974921630094044
5 0.3255052395209581 0.5642633228840126 0.007297904191616767 0.015047021943573668
22 0.5229229041916168 0.5136363636363637 0.006923652694610779 0.018495297805642633
20 0.10357410179640719 0.5473354231974922 0.014034431137724552 0.023197492163009405
22 0.29200973053892215 0.6449843260188088 0.004678143712574851 0.017868338557993732
1 0.2888285928143713 0.5813479623824451 0.009169161676646708 0.018495297805642633
15 0.3005239520958084 0.5435736677115988 0.010104790419161677 0.018808777429467086
22 0.27095808383233533 0.2614420062695925 0.00561377245508982 0.01755485893416928
17 0.908869760479042 0.12413793103448277 0.008607784431137725 0.021316614420062698
1 0.3068862275449102 0.5852664576802509 0.008233532934131737 0.018808777429467086
13 0.8741579341317366 0.7181818181818183 0.013285928143712575 0.018808777429467086
22 0.7491579341317366 0.5379310344827587 0.00280688622754491 0.006896551724137932
5 0.21107784431137727 0.582601880877743 0.0074850299401197605 0.017868338557993732
5 0.6308944610778443 0.554858934169279 0.007297904191616767 0.016300940438871474
10 0.644180389221557 0.576332288401254 0.008046407185628743 0.017868338557993732
22 0.13837949101796407 0.23009404388714735 0.005426646706586827 0.016300940438871474
23 0.3097866766467066 0.5656739811912226 0.007672155688622755 0.01536050156739812
14 0.920752245508982 0.5769592476489028 0.011414670658682636 0.01974921630094044
5 0.6727170658682635 0.6156739811912226 0.00785928143712575 0.016300940438871474
20 0.6975112275449102 0.26896551724137935 0.009917664670658683 0.012539184952978058
10 0.9171032934131738 0.5957680250783699 0.00785928143712575 0.01974921630094044
1 0.5367702095808383 0.6336990595611286 0.009917664670658683 0.02163009404388715
22 0.10675523952095808 0.6686520376175549 0.004678143712574851 0.01692789968652038
22 0.5848615269461078 0.6141065830721003 0.005800898203592815 0.018181818181818184
11 0.3598428143712575 0.6233542319749217 0.010853293413173653 0.016614420062695926
22 0.6375374251497007 0.5150470219435737 0.00561377245508982 0.01755485893416928
17 0.2004116766467066 0.5412225705329154 0.010853293413173653 0.016614420062695926
1 0.07765718562874252 0.23557993730407525 0.010853293413173653 0.017868338557993732
1 0.9185067365269461 0.675705329153605 0.008420658682634731 0.019122257053291538
5 0.530501497005988 0.5148902821316614 0.008607784431137725 0.01536050156739812
5 0.11227544910179642 0.646551724137931 0.008233532934131737 0.016614420062695926
13 0.9159805389221557 0.6156739811912226 0.011976047904191617 0.018181818181818184
21 0.16644835329341318 0.6219435736677117 0.009169161676646708 0.016300940438871474
22 0.11395958083832336 0.27257053291536054 0.009356287425149701 0.014733542319749217
2 0.6922717065868264 0.25141065830721004 0.009917664670658683 0.020689655172413793
20 0.2475673652694611 0.3247648902821317 0.008233532934131737 0.01755485893416928
1 0.9190681137724551 0.7172413793103449 0.009543413173652695 0.021316614420062698
20 0.8955838323353293 0.29247648902821316 0.010853293413173653 0.01692789968652038
5 0.30127245508982037 0.5644200626959248 0.008233532934131737 0.014733542319749217
5 0.4916729041916168 0.5949843260188088 0.008794910179640719 0.01943573667711599
21 0.5404191616766467 0.5547021943573668 0.008233532934131737 0.018495297805642633
22 0.375 0.6239811912225706 0.004116766467065869 0.017868338557993732
14 0.6326721556886228 0.5347962382445142 0.009356287425149701 0.016300940438871474
10 0.7390531437125749 0.47680250783699063 0.007297904191616767 0.01692789968652038
6 0.12659056886227546 0.25078369905956116 0.009543413173652695 0.015047021943573668
19 0.9023203592814372 0.5768025078369906 0.010479041916167666 0.02006269592476489
10 0.6554079341317366 0.5962382445141067 0.006923652694610779 0.016300940438871474
5 0.6902133233532934 0.26896551724137935 0.005426646706586827 0.011285266457680252
22 0.8830464071856288 0.329153605015674 0.008607784431137725 0.01692789968652038
22 0.0750374251497006 0.6669278996865204 0.006736526946107785 0.017241379310344827
16 0.1908682634730539 0.5601880877742947 0.011976047904191617 0.01755485893416928
3 0.3000561377245509 0.6246081504702194 0.008420658682634731 0.01974921630094044
22 0.12340943113772455 0.2310344827586207 0.004303892215568862 0.016300940438871474
3 0.265812125748503 0.28166144200626964 0.008420658682634731 0.014106583072100314
13 0.20462200598802396 0.6639498432601881 0.010291916167664672 0.016300940438871474
5 0.49906437125748504 0.5932601880877744 0.00785928143712575 0.017868338557993732
23 0.502994011976048 0.5739811912225705 0.008607784431137725 0.015673981191222573
21 0.5558570359281437 0.6142633228840125 0.007297904191616767 0.011598746081504702
7 0.9309505988023953 0.6159874608150471 0.016841317365269462 0.01755485893416928
14 0.7465381736526947 0.5387147335423198 0.0031811377245508986 0.00658307210031348
13 0.9019461077844312 0.5109717868338558 0.013847305389221558 0.022570532915360503
17 0.6664483532934132 0.5554858934169279 0.008420658682634731 0.01692789968652038
1 0.655127245508982 0.6167711598746082 0.008982035928143714 0.016614420062695926
21 0.5909431137724551 0.6147335423197493 0.008982035928143714 0.014420062695924767
23 0.18385104790419163 0.6230407523510972 0.008420658682634731 0.014733542319749217
10 0.26450224550898205 0.32445141065830724 0.006549401197604791 0.01943573667711599
23 0.2066803892215569 0.6435736677115987 0.007672155688622755 0.014420062695924767
20 0.17936002994011976 0.2420062695924765 0.009169161676646708 0.016300940438871474
5 0.5058008982035929 0.5347962382445142 0.009356287425149701 0.01943573667711599
5 0.13613398203592816 0.29059561128526645 0.008420658682634731 0.01755485893416928
3 0.07831212574850299 0.6468652037617555 0.010291916167664672 0.01598746081504702
20 0.6305202095808383 0.5963949843260189 0.010291916167664672 0.01536050156739812
3 0.39577095808383234 0.6479623824451411 0.0026197604790419164 0.010031347962382446
5 0.4885853293413174 0.27899686520376177 0.009356287425149701 0.015673981191222573
22 0.22099550898203593 0.6641065830721004 0.004116766467065869 0.01598746081504702
3 0.10815868263473055 0.606269592476489 0.009356287425149701 0.01755485893416928
11 0.8710703592814372 0.6170846394984326 0.008982035928143714 0.017241379310344827
19 0.6967627245508983 0.595141065830721 0.008794910179640719 0.021003134796238245
5 0.27395209580838326 0.28134796238244514 0.00785928143712575 0.01536050156739812
14 0.8466504491017964 0.28996865203761757 0.008420658682634731 0.015673981191222573
3 0.266186377245509 0.6054858934169279 0.009917664670658683 0.017868338557993732
1 0.2557073353293413 0.6456112852664577 0.009169161676646708 0.016614420062695926
22 0.30735404191616766 0.6252351097178683 0.0061751497005988025 0.019122257053291538
5 0.8946482035928144 0.6167711598746082 0.009356287425149701 0.016614420062695926
9 0.5258233532934132 0.4949843260188088 0.010479041916167666 0.034482758620689655
14 0.28050149700598803 0.6249216300940439 0.008607784431137725 0.01598746081504702
1 0.36742140718562877 0.6449843260188088 0.007672155688622755 0.018495297805642633
1 0.703873502994012 0.6181818181818183 0.011414670658682636 0.021316614420062698
22 0.2567365269461078 0.26159874608150474 0.004491017964071857 0.01598746081504702
13 0.12387724550898205 0.2731974921630094 0.009730538922155689 0.01598746081504702
11 0.8822043413173654 0.5777429467084639 0.012537425149700599 0.01943573667711599
1 0.6176085329341318 0.5355799373040753 0.007672155688622755 0.018495297805642633
22 0.5477170658682635 0.5547021943573668 0.005988023952095809 0.018495297805642633
13 0.6146145209580839 0.576332288401254 0.012537425149700599 0.017241379310344827
13 0.8643338323353293 0.30987460815047024 0.01160179640718563 0.017868338557993732
21 0.26487649700598803 0.6266457680250784 0.008794910179640719 0.016300940438871474
21 0.6296781437125749 0.6159874608150471 0.008982035928143714 0.01755485893416928
10 0.9287050898203594 0.29545454545454547 0.006362275449101797 0.01598746081504702
6 0.6393151197604791 0.5551724137931034 0.009169161676646708 0.01692789968652038
5 0.6679453592814372 0.535423197492163 0.007672155688622755 0.016300940438871474
5 0.10759730538922156 0.6257053291536051 0.0074850299401197605 0.014420062695924767
8 0.6466130239520959 0.47319749216300944 0.01440868263473054 0.019122257053291538
23 0.3158682634730539 0.6653605015673981 0.008607784431137725 0.017868338557993732
12 0.4032559880239521 0.6482758620689656 0.0037425149700598802 0.010031347962382446
11 0.5413547904191617 0.5329153605015674 0.01347305389221557 0.01755485893416928
13 0.6457709580838323 0.5150470219435737 0.01160179640718563 0.01943573667711599
3 0.6343562874251497 0.635423197492163 0.008982035928143714 0.013793103448275864
22 0.9315119760479043 0.3137931034482759 0.0048652694610778445 0.02006269592476489
13 0.5034618263473054 0.30078369905956115 0.011040419161676647 0.017241379310344827
22 0.8652694610778444 0.6987460815047022 0.005988023952095809 0.01755485893416928
22 0.7129491017964072 0.2700626959247649 0.004491017964071857 0.012852664576802508
23 0.282747005988024 0.28244514106583074 0.008982035928143714 0.015673981191222573
14 0.6245321856287426 0.5343260188087775 0.009543413173652695 0.017868338557993732
13 0.3514221556886228 0.6442006269592477 0.007110778443113773 0.016300940438871474
10 0.627432634730539 0.47257053291536055 0.007110778443113773 0.01974921630094044
7 0.8553517964071857 0.6771159874608151 0.01347305389221557 0.01755485893416928
5 0.908495508982036 0.5956112852664577 0.008982035928143714 0.01755485893416928
3 0.4157934131736527 0.6492163009404389 0.004116766467065869 0.007523510971786834
9 0.9244011976047904 0.3338557993730408 0.009356287425149701 0.022570532915360503
12 0.7384917664670659 0.5377742946708465 0.00280688622754491 0.004702194357366771
17 0.874812874251497 0.6557993730407524 0.009356287425149701 0.020689655172413793
5 0.6109655688622755 0.5957680250783699 0.008607784431137725 0.016614420062695926
20 0.6597118263473054 0.6363636363636364 0.011040419161676647 0.01943573667711599
1 0.5389221556886228 0.6153605015673982 0.007110778443113773 0.01692789968652038
11 0.09169161676646707 0.668025078369906 0.01122754491017964 0.018181818181818184
5 0.8992327844311377 0.5554858934169279 0.011414670658682636 0.018808777429467086
6 0.3226047904191617 0.6244514106583072 0.010479041916167666 0.021316614420062698
5 0.733252245508982 0.5371473354231975 0.00280688622754491 0.00658307210031348
1 0.5130052395209581 0.6144200626959248 0.008420658682634731 0.018181818181818184
1 0.6690681137724551 0.6365203761755487 0.009543413173652695 0.016614420062695926
23 0.2411115269461078 0.30266457680250786 0.007297904191616767 0.013479623824451411
22 0.5210516467065869 0.5332288401253918 0.005800898203592815 0.018181818181818184
1 0.1847866766467066 0.6018808777429467 0.009169161676646708 0.015673981191222573
6 0.8953031437125749 0.6368338557993731 0.011414670658682636 0.017241379310344827
13 0.7403630239520959 0.5181818181818182 0.012537425149700599 0.016300940438871474
10 0.2568300898203593 0.6258620689655173 0.007672155688622755 0.017868338557993732
6 0.5086077844311377 0.5147335423197492 0.008233532934131737 0.018808777429467086
9 0.29528443113772457 0.6039184952978057 0.010853293413173653 0.03667711598746082
14 0.8532934131736527 0.7197492163009405 0.009730538922155689 0.018181818181818184
21 0.13566616766467066 0.25 0.007110778443113773 0.014106583072100314
13 0.4956961077844312 0.6553291536050158 0.010479041916167666 0.016614420062695926
16 0.16700973053892215 0.640909090909091 0.009543413173652695 0.01536050156739812
1 0.5595059880239521 0.5959247648902821 0.008982035928143714 0.01692789968652038
1 0.5362088323353293 0.6525078369905957 0.009169161676646708 0.019122257053291538
0 0.8905314371257486 0.5556426332288401 0.010853293413173653 0.018495297805642633
13 0.8678892215568863 0.6772727272727274 0.012724550898203594 0.01974921630094044
20 0.1444610778443114 0.22899686520376178 0.009356287425149701 0.016614420062695926
20 0.15568862275449102 0.6420062695924765 0.010104790419161677 0.015047021943573668
21 0.6768338323353293 0.5753918495297806 0.00785928143712575 0.017241379310344827
5 0.09665044910179642 0.48181818181818187 0.009917664670658683 0.01943573667711599
7 0.7446669161676647 0.6401253918495298 0.014782934131736527 0.02382445141065831
11 0.4742702095808384 0.6548589341692791 0.011788922155688624 0.015673981191222573
13 0.4104603293413174 0.6487460815047023 0.0031811377245508986 0.010344827586206896
22 0.6166729041916168 0.5962382445141067 0.005800898203592815 0.01692789968652038
23 0.9156998502994013 0.12288401253918496 0.008046407185628743 0.02382445141065831
16 0.09636976047904192 0.3152037617554859 0.011976047904191617 0.01536050156739812
1 0.8874438622754491 0.12711598746081507 0.009169161676646708 0.02601880877742947
21 0.8828592814371258 0.6974921630094044 0.010104790419161677 0.02006269592476489
21 0.9011040419161677 0.12476489028213167 0.007672155688622755 0.021316614420062698
23 0.35862649700598803 0.6655172413793103 0.008420658682634731 0.01755485893416928
21 0.6628929640718564 0.5967084639498433 0.008420658682634731 0.014106583072100314
3 0.1283682634730539 0.29059561128526645 0.00785928143712575 0.015047021943573668
13 0.733252245508982 0.6000000000000001 0.012911676646706588 0.025078369905956115
1 0.8849176646706587 0.59717868338558 0.009730538922155689 0.020689655172413793
8 0.53499251497006 0.5938871473354232 0.012350299401197605 0.018495297805642633
23 0.5999251497005988 0.6352664576802508 0.008607784431137725 0.016614420062695926
17 0.6518525449101796 0.5753918495297806 0.008794910179640719 0.018495297805642633
1 0.4188809880239521 0.6478056426332289 0.003929640718562875 0.00846394984326019
21 0.09917664670658684 0.6075235109717869 0.009730538922155689 0.018808777429467086
23 0.6231287425149701 0.5970219435736678 0.008233532934131737 0.01598746081504702
23 0.17589820359281438 0.6416927899686521 0.008233532934131737 0.016300940438871474
21 0.1911489520958084 0.5824451410658308 0.008794910179640719 0.018181818181818184
21 0.4850299401197605 0.6553291536050158 0.010479041916167666 0.016614420062695926
22 0.5450973053892216 0.6343260188087775 0.005239520958083833 0.017241379310344827
5 0.4762350299401198 0.6362068965517241 0.010853293413173653 0.017241379310344827
8 0.19592065868263475 0.6031347962382445 0.013847305389221558 0.01692789968652038
21 0.9240269461077845 0.5959247648902821 0.008982035928143714 0.018181818181818184
5 0.10263847305389222 0.5669278996865205 0.010291916167664672 0.020376175548589344
1 0.21425898203592816 0.6432601880877743 0.008607784431137725 0.016300940438871474
6 0.6345434131736527 0.655485893416928 0.010104790419161677 0.02006269592476489
3 0.2712387724550898 0.6652037617554859 0.009917664670658683 0.01692789968652038
12 0.6237836826347306 0.5553291536050157 0.008420658682634731 0.017868338557993732
13 0.2008794910179641 0.5821316614420063 0.012163173652694611 0.01692789968652038
3 0.8915606287425151 0.6551724137931035 0.01066616766467066 0.018181818181818184
17 0.19900823353293415 0.6424764890282132 0.008046407185628743 0.016614420062695926
21 0.5550149700598803 0.5540752351097179 0.00785928143712575 0.016614420062695926
9 0.6166729041916168 0.6347962382445141 0.010291916167664672 0.029467084639498434
1 0.2255800898203593 0.24278996865203764 0.011040419161676647 0.020376175548589344
8 0.17898577844311378 0.5804075235109718 0.01440868263473054 0.018495297805642633
6 0.6267776946107785 0.576332288401254 0.010291916167664672 0.019122257053291538
22 0.4005426646706587 0.64576802507837 0.0031811377245508986 0.009404388714733543
23 0.12425149700598803 0.48244514106583075 0.012350299401197605 0.023197492163009405
3 0.6009543413173654 0.6537617554858934 0.008794910179640719 0.017868338557993732
1 0.280688622754491 0.6656739811912226 0.009356287425149701 0.01598746081504702
22 0.422623502994012 0.6481191222570534 0.004678143712574851 0.009717868338557995
22 0.10245134730538923 0.4800940438871474 0.004678143712574851 0.017868338557993732
21 0.2068675149700599 0.6045454545454546 0.009917664670658683 0.017868338557993732
14 0.15868263473053892 0.622884012539185 0.007110778443113773 0.015673981191222573
1 0.8815494011976048 0.5559561128526647 0.010853293413173653 0.017868338557993732
1 0.49307634730538924 0.30094043887147337 0.009730538922155689 0.015673981191222573
23 0.08224176646706588 0.6670846394984327 0.007672155688622755 0.015673981191222573
13 0.7324101796407186 0.6399686520376175 0.010479041916167666 0.02225705329153605
23 0.5076721556886228 0.5949843260188088 0.0074850299401197605 0.018181818181818184
5 0.8539483532934132 0.28996865203761757 0.008046407185628743 0.014420062695924767
1 0.6389408682634731 0.5970219435736678 0.009543413173652695 0.014106583072100314
13 0.6672904191616766 0.5141065830721003 0.01122754491017964 0.02006269592476489
23 0.9343188622754491 0.5960815047021943 0.010104790419161677 0.018495297805642633
16 0.6957335329341318 0.6188087774294672 0.009730538922155689 0.022570532915360503
3 0.09309505988023953 0.5655172413793104 0.011414670658682636 0.020689655172413793
21 0.2577657185628743 0.2822884012539185 0.008046407185628743 0.01598746081504702
7 0.8947417664670659 0.7177115987460816 0.013660179640718563 0.020376175548589344
17 0.5920658682634731 0.6536050156739812 0.008982035928143714 0.018808777429467086
1 0.6247193113772456 0.6553291536050158 0.009917664670658683 0.018495297805642633
6 0.6477357784431138 0.49420062695924766 0.009169161676646708 0.019122257053291538
14 0.4820359281437126 0.5935736677115988 0.010104790419161677 0.019122257053291538
22 0.21032934131736528 0.542319749216301 0.010104790419161677 0.01943573667711599
0 0.6471744011976048 0.5970219435736678 0.010291916167664672 0.01598746081504702
1 0.8720995508982037 0.1274294670846395 0.008046407185628743 0.024137931034482762
1 0.21154565868263475 0.5620689655172414 0.008794910179640719 0.01692789968652038
5 0.9157934131736527 0.33072100313479624 0.008982035928143714 0.018181818181818184
23 0.5562312874251497 0.5752351097178684 0.008794910179640719 0.015673981191222573
17 0.22735778443113774 0.32210031347962387 0.009356287425149701 0.01598746081504702
6 0.8761227544910181 0.6349529780564264 0.010853293413173653 0.019122257053291538
9 0.10769086826347306 0.5059561128526646 0.012911676646706588 0.03761755485893417
21 0.8747193113772456 0.28996865203761757 0.009917664670658683 0.016300940438871474
1 0.2467252994011976 0.24122257053291538 0.009543413173652695 0.017241379310344827
8 0.5988959580838323 0.5960815047021943 0.01627994011976048 0.016614420062695926
5 0.87874251497006 0.6159874608150471 0.008982035928143714 0.01755485893416928
5 0.30941242514970063 0.5445141065830721 0.008420658682634731 0.018181818181818184
1 0.6147080838323353 0.5553291536050157 0.010104790419161677 0.017868338557993732
12 0.23877245508982037 0.24263322884012542 0.00785928143712575 0.016300940438871474
17 0.10104790419161677 0.5247648902821317 0.01122754491017964 0.0219435736677116
13 0.2163173652694611 0.32382445141065835 0.01160179640718563 0.01755485893416928
22 0.889689371257485 0.31175548589341695 0.004678143712574851 0.017241379310344827
10 0.10076721556886228 0.6677115987460815 0.006549401197604791 0.016300940438871474
5 0.6080651197604791 0.6360501567398119 0.008420658682634731 0.018808777429467086
23 0.8822043413173654 0.6561128526645769 0.009169161676646708 0.016300940438871474
22 0.7566429640718564 0.5404388714733542 0.00280688622754491 0.008150470219435737
13 0.2578592814371258 0.30266457680250786 0.010479041916167666 0.01536050156739812
1 0.5241392215568863 0.5931034482758621 0.009356287425149701 0.016300940438871474
22 0.2440119760479042 0.2614420062695925 0.006362275449101797 0.01755485893416928
13 0.9082148203592815 0.7178683385579938 0.012537425149700599 0.0219435736677116
5 0.4069049401197605 0.6473354231974922 0.0031811377245508986 0.011285266457680252
3 0.5108532934131736 0.5736677115987461 0.010104790419161677 0.01755485893416928
22 0.3162425149700599 0.5442006269592476 0.0029940119760479044 0.018808777429467086
22 0.5522080838323353 0.5128526645768026 0.008982035928143714 0.01755485893416928
1 0.10507110778443114 0.2730407523510972 0.008794910179640719 0.015673981191222573
5 0.12060254491017965 0.2901253918495298 0.008046407185628743 0.01536050156739812
5 0.1914296407185629 0.6438871473354233 0.00785928143712575 0.015673981191222573
22 0.877245508982036 0.5970219435736678 0.009356287425149701 0.017241379310344827
7 0.4855913173652695 0.2573667711598746 0.01160179640718563 0.01692789968652038
17 0.10376122754491018 0.5849529780564263 0.009543413173652695 0.020689655172413793
1 0.5113211077844312 0.3004702194357367 0.009169161676646708 0.017868338557993732
5 0.11723428143712576 0.23244514106583072 0.009917664670658683 0.017868338557993732
5 0.30810254491017963 0.6650470219435737 0.007672155688622755 0.01536050156739812
6 0.5054266467065869 0.6357366771159875 0.008607784431137725 0.01692789968652038
13 0.9329154191616768 0.6368338557993731 0.012911676646706588 0.017868338557993732
20 0.8980164670658684 0.31159874608150473 0.01160179640718563 0.018181818181818184
1 0.5203967065868264 0.6346394984326019 0.008607784431137725 0.01974921630094044
5 0.924681886227545 0.3112852664576803 0.008794910179640719 0.01943573667711599
3 0.08420658682634731 0.234012539184953 0.009730538922155689 0.01598746081504702
5 0.2255800898203593 0.5827586206896552 0.007297904191616767 0.018181818181818184
21 0.8381362275449102 0.28918495297805646 0.008982035928143714 0.01536050156739812
5 0.4956961077844312 0.635423197492163 0.008607784431137725 0.018808777429467086
22 0.21772080838323354 0.5614420062695925 0.0031811377245508986 0.018181818181818184
1 0.09618263473053892 0.5048589341692791 0.01160179640718563 0.02163009404388715
21 0.09580838323353294 0.5871473354231975 0.010104790419161677 0.018181818181818184
16 0.5204902694610779 0.5735109717868339 0.009169161676646708 0.017868338557993732
3 0.6293974550898204 0.5148902821316614 0.009917664670658683 0.019122257053291538
5 0.11854416167664672 0.6059561128526646 0.013660179640718563 0.01943573667711599
13 0.5292851796407186 0.5333855799373041 0.01066616766467066 0.017868338557993732
13 0.909244011976048 0.554858934169279 0.012350299401197605 0.020689655172413793
2 0.25112275449101795 0.2620689655172414 0.0074850299401197605 0.01755485893416928
23 0.31315494011976047 0.6252351097178683 0.006549401197604791 0.018495297805642633
10 0.10142215568862276 0.23448275862068968 0.007110778443113773 0.016300940438871474
9 0.5477170658682635 0.5934169278996866 0.012350299401197605 0.03636363636363637
1 0.7049026946107785 0.59717868338558 0.008982035928143714 0.020689655172413793
23 0.2783495508982036 0.26238244514106585 0.009169161676646708 0.015673981191222573
21 0.8829528443113773 0.31159874608150473 0.008794910179640719 0.016300940438871474
16 0.5207709580838323 0.472884012539185 0.010853293413173653 0.016614420062695926
16 0.6455838323353293 0.6557993730407524 0.011976047904191617 0.0219435736677116
20 0.2292290419161677 0.28322884012539185 0.008233532934131737 0.01536050156739812
5 0.5357410179640719 0.4931034482758621 0.009730538922155689 0.01692789968652038
8 0.7198727544910181 0.6402821316614421 0.014221556886227546 0.02163009404388715
7 0.09019461077844312 0.6065830721003135 0.01122754491017964 0.01943573667711599
1 0.8866017964071857 0.6764890282131661 0.008982035928143714 0.01943573667711599
13 0.11424026946107785 0.5862068965517242 0.011414670658682636 0.018181818181818184
21 0.3981100299401198 0.6484326018808778 0.0031811377245508986 0.007210031347962383
5 0.25645583832335334 0.32445141065830724 0.009543413173652695 0.01755485893416928
22 0.608626497005988 0.6556426332288402 0.005800898203592815 0.018495297805642633
13 0.3252245508982036 0.5463949843260189 0.009730538922155689 0.01755485893416928
1 0.3255052395209581 0.6460815047021944 0.009543413173652695 0.01692789968652038
16 0.6360404191616766 0.5769592476489028 0.009730538922155689 0.01974921630094044
8 0.6569049401197605 0.5349529780564264 0.01440868263473054 0.01598746081504702
5 0.3691055389221557 0.6239811912225706 0.008420658682634731 0.018495297805642633
10 0.5527694610778443 0.5347962382445142 0.007110778443113773 0.018181818181818184
1 0.8658308383233534 0.6565830721003135 0.010479041916167666 0.019122257053291538
2 0.27367140718562877 0.6255485893416929 0.006923652694610779 0.017241379310344827
5 0.9442365269461078 0.3394984326018809 0.008982035928143714 0.0219435736677116
10 0.17103293413173654 0.6018808777429467 0.006362275449101797 0.01943573667711599
6 0.22885479041916168 0.6639498432601881 0.009730538922155689 0.016300940438871474
13 0.3142776946107785 0.6454545454545455 0.011414670658682636 0.018808777429467086
11 0.2160366766467066 0.6230407523510972 0.011788922155688624 0.01536050156739812
16 0.5238585329341318 0.5537617554858935 0.009543413173652695 0.018495297805642633
23 0.17309131736526948 0.6619122257053291 0.0074850299401197605 0.01598746081504702
22 0.21762724550898205 0.6039184952978057 0.010479041916167666 0.01598746081504702
6 0.8397267964071857 0.6976489028213166 0.010291916167664672 0.018495297805642633
22 0.8793974550898204 0.5322884012539185 0.009169161676646708 0.021316614420062698
1 0.6345434131736527 0.4730407523510972 0.009356287425149701 0.01943573667711599
1 0.626684131736527 0.6362068965517241 0.008982035928143714 0.017241379310344827
21 0.642683383233533 0.635423197492163 0.008420658682634731 0.01755485893416928
7 0.09562125748502995 0.6261755485893418 0.014595808383233533 0.014733542319749217
13 0.5097305389221557 0.2793103448275862 0.012350299401197605 0.01316614420062696
10 0.9084019461077845 0.32993730407523514 0.006549401197604791 0.016614420062695926
15 0.546687874251497 0.6134796238244514 0.010291916167664672 0.018808777429467086
5 0.22623502994011976 0.6244514106583072 0.008607784431137725 0.015673981191222573
1 0.7011601796407186 0.25078369905956116 0.008982035928143714 0.018181818181818184
13 0.1158308383233533 0.6664576802507838 0.012350299401197605 0.016300940438871474
21 0.3317739520958084 0.6244514106583072 0.008607784431137725 0.01692789968652038
13 0.5534244011976048 0.6343260188087775 0.01066616766467066 0.020376175548589344
9 0.8897829341317366 0.5324451410658307 0.012350299401197605 0.034169278996865206
9 0.2790044910179641 0.5846394984326019 0.009356287425149701 0.025078369905956115
18 0.11330464071856289 0.5642633228840126 0.009543413173652695 0.022570532915360503
5 0.0970247005988024 0.2537617554858934 0.007672155688622755 0.017241379310344827
7 0.2316616766467066 0.3028213166144201 0.013847305389221558 0.01316614420062696
13 0.49653817365269465 0.2589341692789969 0.011414670658682636 0.016300940438871474
3 0.87874251497006 0.6755485893416928 0.01122754491017964 0.01755485893416928
8 0.5479041916167665 0.6542319749216301 0.012724550898203594 0.018808777429467086
13 0.48362649700598803 0.615203761755486 0.012911676646706588 0.021003134796238245
10 0.313997005988024 0.5855799373040753 0.005988023952095809 0.018808777429467086
15 0.18319610778443116 0.6413793103448276 0.008607784431137725 0.016300940438871474
12 0.9166354790419162 0.31175548589341695 0.008046407185628743 0.017868338557993732
16 0.2909805389221557 0.6249216300940439 0.008607784431137725 0.01536050156739812
5 0.18862275449101798 0.24169278996865207 0.008982035928143714 0.016300940438871474
17 0.3047342814371258 0.6051724137931035 0.007672155688622755 0.019122257053291538
1 0.8054827844311377 0.35015673981191225 0.012163173652694611 0.01755485893416928
11 0.16083458083832336 0.6015673981191223 0.011788922155688624 0.01755485893416928
1 0.5854229041916168 0.6547021943573668 0.009169161676646708 0.018495297805642633
16 0.39287050898203596 0.6470219435736677 0.004678143712574851 0.010658307210031349
3 0.359000748502994 0.643730407523511 0.009169161676646708 0.017241379310344827
22 0.5641841317365269 0.574921630094044 0.00561377245508982 0.016300940438871474
5 0.7071482035928144 0.2700626959247649 0.00785928143712575 0.012225705329153605
1 0.18965194610778444 0.6630094043887148 0.008046407185628743 0.013793103448275864
20 0.5039296407185629 0.6136363636363636 0.010479041916167666 0.017241379310344827
7 0.720059880239521 0.5970219435736678 0.012724550898203594 0.022884012539184956
21 0.9126122754491018 0.6557993730407524 0.00785928143712575 0.014420062695924767
11 0.2478480538922156 0.2822884012539185 0.01066616766467066 0.017868338557993732
13 0.27732035928143717 0.3012539184952978 0.01160179640718563 0.016300940438871474
9 0.4979416167664671 0.27978056426332293 0.011976047904191617 0.016614420062695926
16 0.6366953592814372 0.4949843260188088 0.012163173652694611 0.01943573667711599
19 0.2731100299401198 0.3239811912225706 0.011040419161676647 0.018495297805642633
23 0.9524700598802396 0.33636363636363636 0.008233532934131737 0.01755485893416928
23 0.11667290419161677 0.6253918495297806 0.009169161676646708 0.013793103448275864
6 0.9485404191616768 0.2967084639498433 0.01122754491017964 0.017241379310344827
23 0.21800149700598803 0.5836990595611286 0.006736526946107785 0.018181818181818184
16 0.1156437125748503 0.31536050156739814 0.010853293413173653 0.016300940438871474
6 0.20256362275449102 0.561755485893417 0.009543413173652695 0.016300940438871474
3 0.2751684131736527 0.6442006269592477 0.010291916167664672 0.01692789968652038
3 0.297810628742515 0.584012539184953 0.010291916167664672 0.013793103448275864
12 0.7359655688622755 0.5377742946708465 0.0033682634730538923 0.005329153605015674
10 0.8998877245508983 0.6565830721003135 0.005988023952095809 0.019122257053291538
14 0.22314745508982037 0.6434169278996865 0.008420658682634731 0.01536050156739812
21 0.892870508982036 0.32884012539184954 0.010291916167664672 0.01755485893416928
3 0.9005426646706587 0.3297805642633229 0.009169161676646708 0.01692789968652038
13 0.8846369760479043 0.29231974921630094 0.010291916167664672 0.017241379310344827
23 0.5483720059880239 0.5739811912225705 0.009169161676646708 0.01755485893416928
3 0.19769835329341318 0.6222570532915361 0.009917664670658683 0.016300940438871474
20 0.15587574850299402 0.6625391849529781 0.008982035928143714 0.016614420062695926
21 0.11012350299401198 0.482601880877743 0.01066616766467066 0.020376175548589344
22 0.894180389221557 0.675705329153605 0.005426646706586827 0.019122257053291538
0 0.12013473053892217 0.5062695924764891 0.01347305389221557 0.021316614420062698
1 0.22305389221556887 0.5615987460815047 0.008233532934131737 0.019122257053291538
13 0.19844685628742517 0.2413793103448276 0.01066616766467066 0.018808777429467086
6 0.9291729041916168 0.5757053291536051 0.010291916167664672 0.01974921630094044
22 0.11779565868263474 0.4810344827586207 0.0061751497005988025 0.02225705329153605
17 0.6631736526946108 0.6567398119122257 0.008982035928143714 0.020689655172413793
7 0.30136601796407186 0.6452978056426333 0.012537425149700599 0.018495297805642633
14 0.5298465568862276 0.6137931034482759 0.009169161676646708 0.018181818181818184
13 0.23755613772455092 0.3236677115987461 0.011414670658682636 0.016614420062695926
0 0.8579715568862276 0.6968652037617555 0.009356287425149701 0.01943573667711599
22 0.7114520958083833 0.5974921630094044 0.005988023952095809 0.02382445141065831
5 0.7111714071856288 0.6405956112852665 0.007672155688622755 0.019122257053291538
23 0.31764595808383234 0.5650470219435737 0.008420658682634731 0.01536050156739812
5 0.9345995508982037 0.33793103448275863 0.010291916167664672 0.025078369905956115
13 0.893806137724551 0.6963949843260189 0.012537425149700599 0.018495297805642633
20 0.5135666167664671 0.5550156739811912 0.011040419161676647 0.017868338557993732
7 0.5882297904191617 0.6352664576802508 0.015157185628742516 0.01598746081504702
6 0.672436377245509 0.6564263322884013 0.009543413173652695 0.018808777429467086
10 0.7180950598802396 0.2710031347962383 0.005800898203592815 0.013479623824451411
21 0.672249251497006 0.5965517241379311 0.009169161676646708 0.015673981191222573
11 0.5402320359281437 0.5119122257053292 0.012350299401197605 0.015673981191222573
5 0.612369011976048 0.6144200626959248 0.008420658682634731 0.013793103448275864
14 0.08804266467065869 0.2554858934169279 0.010291916167664672 0.015673981191222573
17 0.1746818862275449 0.6221003134796239 0.009169161676646708 0.016614420062695926
6 0.8571294910179641 0.6581504702194357 0.009917664670658683 0.019122257053291538
8 0.6005800898203593 0.615203761755486 0.013285928143712575 0.01536050156739812
17 0.7412050898203594 0.5376175548589343 0.0033682634730538923 0.005642633228840126
10 0.658869760479042 0.5550156739811912 0.007110778443113773 0.017868338557993732
8 0.6998502994011977 0.6404388714733543 0.011976047904191617 0.020689655172413793
3 0.23652694610778444 0.2619122257053292 0.008607784431137725 0.01598746081504702
15 0.8724738023952097 0.6973354231974922 0.01066616766467066 0.020376175548589344
16 0.21023577844311378 0.24122257053291538 0.010291916167664672 0.018495297805642633
5 0.514689371257485 0.5340125391849531 0.008046407185628743 0.019122257053291538
21 0.2638473053892216 0.2620689655172414 0.008233532934131737 0.01692789968652038
16 0.4130800898203593 0.6487460815047023 0.0035553892215568865 0.010344827586206896
6 0.6642028443113773 0.6158307210031349 0.009169161676646708 0.017868338557993732
13 0.5169348802395209 0.6536050156739812 0.012537425149700599 0.018808777429467086
8 0.11133982035928144 0.2893416927899687 0.011976047904191617 0.01755485893416928
3 0.8867889221556887 0.6167711598746082 0.010853293413173653 0.020376175548589344
16 0.9375935628742516 0.29467084639498436 0.009169161676646708 0.016300940438871474
23 0.6607410179640719 0.5757053291536051 0.008607784431137725 0.016614420062695926
11 0.48484281437125754 0.6357366771159875 0.01160179640718563 0.01755485893416928
22 0.531998502994012 0.5553291536050157 0.005239520958083833 0.017241379310344827
23 0.2630988023952096 0.6642633228840126 0.008607784431137725 0.01692789968652038
13 0.10235778443113773 0.6459247648902822 0.01122754491017964 0.016614420062695926
13 0.9071856287425151 0.6369905956112853 0.011976047904191617 0.01755485893416928
5 0.516373502994012 0.4938871473354232 0.008420658682634731 0.014106583072100314
21 0.8927769461077845 0.5793103448275863 0.009356287425149701 0.023197492163009405
5 0.21472679640718564 0.6656739811912226 0.008420658682634731 0.01598746081504702
10 0.25505239520958084 0.24169278996865207 0.007110778443113773 0.018181818181818184
20 0.515063622754491 0.5943573667711599 0.010291916167664672 0.01943573667711599
12 0.32447604790419166 0.586050156739812 0.01122754491017964 0.020376175548589344
21 0.4944797904191617 0.6159874608150471 0.009543413173652695 0.018181818181818184
5 0.5391092814371258 0.5741379310344829 0.008982035928143714 0.016614420062695926
5 0.3293413173652695 0.5846394984326019 0.008607784431137725 0.016300940438871474
1 0.8630239520958084 0.7191222570532916 0.008982035928143714 0.018808777429467086
9 0.6385666167664671 0.6186520376175549 0.009169161676646708 0.030407523510971788
1 0.9106474550898204 0.5766457680250784 0.009543413173652695 0.01974921630094044
4 0.5210516467065869 0.615203761755486 0.009917664670658683 0.01974921630094044
16 0.6492327844311377 0.5556426332288401 0.009917664670658683 0.017241379310344827
16 0.27675898203592814 0.6045454545454546 0.008233532934131737 0.013479623824451411
11 0.12602919161676648 0.3141065830721003 0.011414670658682636 0.015673981191222573
23 0.8470247005988024 0.30909090909090914 0.008046407185628743 0.016300940438871474
18 0.31540044910179643 0.6018808777429467 0.010291916167664672 0.02821316614420063
20 0.10619386227544911 0.3148902821316615 0.011040419161676647 0.016614420062695926
21 0.10553892215568864 0.25266457680250787 0.009356287425149701 0.014420062695924767
3 0.8736901197604791 0.3103448275862069 0.008607784431137725 0.01755485893416928
23 0.6688809880239521 0.576332288401254 0.008046407185628743 0.017868338557993732
11 0.9309505988023953 0.7172413793103449 0.014221556886227546 0.021316614420062698
3 0.29949476047904194 0.6653605015673981 0.008046407185628743 0.016614420062695926
0 0.9000748502994013 0.59717868338558 0.010853293413173653 0.020689655172413793
14 0.8430950598802396 0.7202194357366771 0.01066616766467066 0.018495297805642633
3 0.9040980538922156 0.6967084639498433 0.011040419161676647 0.01974921630094044
17 0.656624251497006 0.5139498432601881 0.009730538922155689 0.017241379310344827
10 0.6545658682634731 0.6565830721003135 0.007110778443113773 0.021003134796238245
13 0.25645583832335334 0.6642633228840126 0.004678143712574851 0.016300940438871474
22 0.47136976047904194 0.615203761755486 0.009356287425149701 0.01974921630094044
1 0.16457709580838326 0.6625391849529781 0.009169161676646708 0.01598746081504702
13 0.2904191616766467 0.6659874608150471 0.01160179640718563 0.016614420062695926
5 0.5590381736526946 0.6545454545454545 0.009917664670658683 0.01755485893416928
13 0.26637350299401197 0.6456112852664577 0.011414670658682636 0.01598746081504702
20 0.6254678143712575 0.49451410658307215 0.011414670658682636 0.020376175548589344
7 0.9193488023952097 0.6357366771159875 0.013847305389221558 0.01943573667711599
10 0.6478293413173654 0.6153605015673982 0.006362275449101797 0.015673981191222573
8 0.8636788922155689 0.290282131661442 0.013285928143712575 0.018181818181818184
10 0.22118263473053892 0.302037617554859 0.00785928143712575 0.01536050156739812
6 0.1817926646706587 0.6623824451410659 0.009543413173652695 0.015673981191222573
17 0.8859468562874252 0.635423197492163 0.009169161676646708 0.018181818181818184
1 0.9316055389221557 0.6564263322884013 0.008046407185628743 0.015673981191222573
14 0.8997005988023953 0.5338557993730408 0.010104790419161677 0.018808777429467086
21 0.5063622754491018 0.6557993730407524 0.008982035928143714 0.01692789968652038
7 0.643993263473054 0.5347962382445142 0.014034431137724552 0.015673981191222573
22 0.2469124251497006 0.3028213166144201 0.008420658682634731 0.015047021943573668
21 0.9472305389221557 0.3195924764890282 0.010479041916167666 0.023510971786833857
22 0.23343937125748504 0.2432601880877743 0.004678143712574851 0.01943573667711599
22 0.17776946107784433 0.6029780564263323 0.004491017964071857 0.016614420062695926
5 0.2067739520958084 0.6236677115987461 0.00785928143712575 0.014733542319749217
21 0.13089446107784433 0.23072100313479627 0.008794910179640719 0.013793103448275864
20 0.16729041916167667 0.5788401253918496 0.009730538922155689 0.017868338557993732
22 0.19601422155688625 0.6633228840125392 0.005426646706586827 0.01316614420062696
16 0.9071856287425151 0.309717868338558 0.009730538922155689 0.01755485893416928
1 0.19058757485029942 0.6224137931034484 0.007672155688622755 0.016614420062695926
5 0.15269461077844312 0.2286833855799373 0.006736526946107785 0.017868338557993732
13 0.6213510479041916 0.6159874608150471 0.009917664670658683 0.016300940438871474
16 0.9045658682634731 0.6173981191222571 0.012724550898203594 0.01974921630094044
5 0.4840943113772455 0.3003134796238245 0.009356287425149701 0.016300940438871474
5 0.7540232035928144 0.5399686520376176 0.0031811377245508986 0.005329153605015674
1 0.7434505988023953 0.5385579937304076 0.0033682634730538923 0.005642633228840126
22 0.5280688622754491 0.634012539184953 0.006736526946107785 0.017868338557993732
13 0.2906062874251497 0.5637931034482759 0.01122754491017964 0.014106583072100314
20 0.3257859281437126 0.6653605015673981 0.010479041916167666 0.018495297805642633
13 0.7573914670658684 0.6404388714733543 0.011414670658682636 0.020689655172413793