15 0.7590755988023953 0.48820012586532413 0.009917664670658683 0.020453115166771556
7 0.2162238023952096 0.4235368156073002 0.01440868263473054 0.020138451856513532
21 0.5594124251497007 0.41346758967904346 0.008794910179640719 0.016991818753933293
10 0.5597866766467067 0.6362492133417244 0.006923652694610779 0.015733165512901198
8 0.13332709580838323 0.3584015103838893 0.01440868263473054 0.020138451856513532
23 0.4098989520958084 0.6109188168659535 0.009169161676646708 0.023599748269351795
1 0.3878181137724551 0.4303020767778477 0.009917664670658683 0.020453115166771556
16 0.38566616766467066 0.630742605412209 0.009730538922155689 0.015418502202643174
13 0.1785179640718563 0.46176840780365014 0.010853293413173653 0.0223410950283197
6 0.7427956586826348 0.5498741346758969 0.01066616766467066 0.01919446192573946
23 0.845247005988024 0.5456261799874135 0.008607784431137725 0.018879798615481436
1 0.2441055389221557 0.48316551290119575 0.010291916167664672 0.020453115166771556
7 0.2163173652694611 0.5026746381371933 0.012724550898203594 0.019823788546255508
1 0.5718562874251497 0.5752045311516678 0.009356287425149701 0.013845185651353053
21 0.27217440119760483 0.446821900566394 0.008420658682634731 0.016991818753933293
11 0.32428892215568866 0.46837633731906864 0.010853293413173653 0.014159848961611076
13 0.4355351796407186 0.473096286972939 0.010291916167664672 0.01919446192573946
0 0.2601047904191617 0.6044682190056639 0.00785928143712575 0.018879798615481436
5 0.40222679640718567 0.6084015103838892 0.008420658682634731 0.020453115166771556
3 0.7470995508982037 0.2877595972309629 0.008794910179640719 0.0223410950283197
22 0.8710703592814372 0.3848332284455633 0.006736526946107785 0.02076777847702958
7 0.15157185628742517 0.4625550660792952 0.013098802395209582 0.016362492133417245
23 0.565868263473054 0.5372876022655759 0.008233532934131737 0.018565135305223412
11 0.11517589820359282 0.39710509754562623 0.012537425149700599 0.018879798615481436
1 0.36133982035928147 0.6296412838263059 0.009730538922155689 0.01762114537444934
3 0.704622005988024 0.45028319697923225 0.009543413173652695 0.0144745122718691
20 0.6065681137724551 0.5575833857772184 0.009543413173652695 0.01762114537444934
22 0.38529191616766467 0.5892070484581499 0.00561377245508982 0.022970421648835747
3 0.580183383233533 0.45405915670232855 0.011788922155688624 0.016991818753933293
1 0.8355164670658684 0.5459408432976716 0.010479041916167666 0.020138451856513532
13 0.30857035928143717 0.5050346129641284 0.012350299401197605 0.020138451856513532
22 0.6054453592814372 0.5764631843926998 0.005800898203592815 0.01825047199496539
1 0.24906437125748504 0.5042479546884834 0.008607784431137725 0.012901195720578981
1 0.7730164670658684 0.5322529893014475 0.009356287425149701 0.020453115166771556
21 0.6336077844311377 0.4128382630585274 0.008982035928143714 0.01825047199496539
22 0.12275449101796408 0.3568281938325991 0.006736526946107785 0.016991818753933293
1 0.2255800898203593 0.48159219634990563 0.009169161676646708 0.018565135305223412
13 0.4331025449101797 0.5103838892385149 0.008046407185628743 0.02328508495909377
3 0.5950598802395209 0.4548458149779736 0.009730538922155689 0.01919446192573946
5 0.17093937125748504 0.6403398363750787 0.009169161676646708 0.020138451856513532
14 0.30894461077844315 0.46837633731906864 0.005988023952095809 0.01919446192573946
3 0.3667664670658683 0.5284770295783512 0.010104790419161677 0.021082441787287604
21 0.09945733532934133 0.5379169288860919 0.008046407185628743 0.018565135305223412
10 0.2939745508982036 0.6257079924480806 0.007110778443113773 0.01604782882315922
17 0.37350299401197606 0.4893014474512272 0.006736526946107785 0.01510383889238515
5 0.1501684131736527 0.5821271239773442 0.009917664670658683 0.01825047199496539
1 0.6798278443113773 0.45012586532410326 0.009730538922155689 0.020453115166771556
6 0.24026946107784433 0.22120830711139083 0.012350299401197605 0.02076777847702958
13 0.6602732035928144 0.3901825047199497 0.009917664670658683 0.015733165512901198
22 0.5881362275449102 0.4534298300818125 0.005988023952095809 0.01762114537444934
10 0.10741017964071857 0.5188797986154815 0.006362275449101797 0.01825047199496539
21 0.18927769461077845 0.302076777847703 0.009917664670658683 0.01825047199496539
3 0.5437874251497007 0.43596601636249216 0.008233532934131737 0.017306482064191317
17 0.17720808383233533 0.5423222152297043 0.011976047904191617 0.02171176840780365
23 0.7418600299401198 0.4899307740717433 0.008794910179640719 0.018879798615481436
8 0.720995508982036 0.5320956576463185 0.012724550898203594 0.016362492133417245
17 0.3568488023952096 0.4691629955947137 0.009730538922155689 0.01510383889238515
21 0.686564371257485 0.3313404657016992 0.007110778443113773 0.016991818753933293
22 0.2590755988023952 0.6271239773442417 0.005052395209580838 0.01825047199496539
1 0.2160366766467066 0.22183763373190687 0.011414670658682636 0.019509125235997484
23 0.5768151197604791 0.6342039018250473 0.008420658682634731 0.015418502202643174
7 0.3063248502994012 0.36689741976085594 0.012724550898203594 0.013215859030837005
22 0.4129865269461078 0.47168030207677786 0.005988023952095809 0.020138451856513532
16 0.7930389221556887 0.4483952171176841 0.009356287425149701 0.01510383889238515
5 0.2788173652694611 0.6258653241032096 0.009730538922155689 0.019509125235997484
21 0.545939371257485 0.49795468848332286 0.008794910179640719 0.017935808684707365
1 0.13285928143712575 0.3392070484581498 0.00785928143712575 0.012586532410320957
16 0.8604977544910181 0.36375078665827565 0.011040419161676647 0.018879798615481436
13 0.4331961077844312 0.6104468219005664 0.008982035928143714 0.013215859030837005
11 0.29565868263473055 0.5881057268722467 0.011976047904191617 0.01825047199496539
3 0.546875 0.3363750786658276 0.011414670658682636 0.0144745122718691
3 0.30529565868263475 0.44760855884203904 0.009917664670658683 0.019823788546255508
22 0.13313997005988024 0.4800188797986155 0.003929640718562875 0.013530522341095029
13 0.1757110778443114 0.42117684078036505 0.010853293413173653 0.019823788546255508
17 0.6792664670658684 0.38939584644430464 0.010104790419161677 0.020453115166771556
5 0.16934880239520958 0.4413152926368786 0.008607784431137725 0.012901195720578981
1 0.36124625748503 0.4509125235997483 0.009169161676646708 0.01825047199496539
14 0.749812874251497 0.4280994336060416 0.009356287425149701 0.018565135305223412
9 0.1591504491017964 0.37901195720578984 0.010291916167664672 0.03618628067967275
12 0.5448166167664671 0.5602580239144116 0.010291916167664672 0.018565135305223412
7 0.34608907185628746 0.6085588420390183 0.015531437125748504 0.01762114537444934
13 0.22099550898203593 0.5478288231592197 0.011976047904191617 0.013845185651353053
13 0.2971556886227545 0.4666456891126495 0.01122754491017964 0.021397105097545627
1 0.7539296407185629 0.32819383259911894 0.010479041916167666 0.020138451856513532
3 0.4093375748502994 0.4103209565764632 0.009917664670658683 0.019509125235997484
10 0.28920284431137727 0.446979232221523 0.008046407185628743 0.018565135305223412
8 0.38922155688622756 0.5105412208936438 0.011976047904191617 0.02171176840780365
20 0.35001871257485034 0.2879169288860919 0.010291916167664672 0.01510383889238515
22 0.28742514970059885 0.5887350534927628 0.006736526946107785 0.01825047199496539
5 0.6144273952095809 0.5558527375707993 0.009169161676646708 0.01667715544367527
16 0.32466317365269465 0.34660163624921336 0.010479041916167666 0.020453115166771556
1 0.40484655688622756 0.4704216488357458 0.008794910179640719 0.020138451856513532
6 0.38126871257485034 0.40921963499056013 0.009543413173652695 0.01919446192573946
21 0.3860404191616767 0.5706419131529264 0.00785928143712575 0.0223410950283197
1 0.5735404191616766 0.35431088735053495 0.009356287425149701 0.013845185651353053
1 0.1872193113772455 0.5044052863436124 0.009543413173652695 0.019509125235997484
13 0.5860778443113773 0.3736626809314034 0.010479041916167666 0.014789175582127124
21 0.6800149700598803 0.5342983008181247 0.009730538922155689 0.0144745122718691
5 0.7732971556886228 0.2871302706104468 0.009917664670658683 0.018565135305223412
1 0.16233158682634732 0.5217117684078036 0.009543413173652695 0.01825047199496539
17 0.21098428143712575 0.5229704216488358 0.008046407185628743 0.02076777847702958
17 0.5896332335329342 0.5560100692259283 0.008982035928143714 0.01825047199496539
11 0.7555202095808383 0.5695405915670233 0.012163173652694611 0.01510383889238515
13 0.4511601796407186 0.5500314663310258 0.010479041916167666 0.015733165512901198
8 0.19489146706586827 0.2811516677155444 0.013285928143712575 0.021082441787287604
22 0.38360778443113774 0.36784140969163 0.00561377245508982 0.020138451856513532
20 0.23680763473053892 0.40261170547514163 0.01066616766467066 0.015418502202643174
13 0.7887350299401198 0.5305223410950284 0.010479041916167666 0.020138451856513532
14 0.10581961077844312 0.5580553807426054 0.010291916167664672 0.014789175582127124
21 0.6453967065868264 0.5146318439269981 0.010479041916167666 0.01667715544367527
1 0.30716691616766467 0.526274386406545 0.009543413173652695 0.014789175582127124
1 0.6875935628742516 0.40969162995594716 0.011414670658682636 0.013215859030837005
22 0.36414670658682635 0.46979232221522976 0.0048652694610778445 0.016362492133417245
3 0.21463323353293415 0.40151038388923854 0.010479041916167666 0.02076777847702958
7 0.4236526946107785 0.473253618628068 0.01347305389221557 0.013845185651353053
13 0.33645209580838326 0.3475456261799874 0.01160179640718563 0.021082441787287604
21 0.13613398203592816 0.5217117684078036 0.008794910179640719 0.016991818753933293
7 0.6477357784431138 0.6530837004405287 0.012537425149700599 0.013530522341095029
5 0.36452095808383234 0.3495909376966646 0.007110778443113773 0.02076777847702958
22 0.7623502994011977 0.3297671491504091 0.00561377245508982 0.01825047199496539
1 0.3816429640718563 0.45028319697923225 0.008046407185628743 0.019509125235997484
14 0.609562125748503 0.37287602265575837 0.01066616766467066 0.016991818753933293
16 0.7995883233532934 0.5298930144745123 0.010479041916167666 0.02076777847702958
17 0.674307634730539 0.5528634361233481 0.01066616766467066 0.02076777847702958
16 0.19610778443113774 0.5810258023914412 0.01160179640718563 0.019823788546255508
16 0.312874251497006 0.40764631843927 0.010853293413173653 0.0223410950283197
5 0.5697979041916168 0.5964443045940844 0.008233532934131737 0.015418502202643174
16 0.1902133233532934 0.4620830711139082 0.009917664670658683 0.01604782882315922
6 0.6336077844311377 0.5549087476400252 0.010479041916167666 0.020453115166771556
16 0.6841317365269461 0.552706104468219 0.009356287425149701 0.015418502202643174
1 0.5857971556886228 0.33464443045940845 0.009543413173652695 0.013530522341095029
23 0.33074476047904194 0.5080239144115797 0.009543413173652695 0.021082441787287604
21 0.2570172155688623 0.5467275015733166 0.009169161676646708 0.021082441787287604
7 0.8061377245508983 0.6291692888609188 0.013847305389221558 0.017935808684707365
23 0.40522080838323354 0.6294839521711769 0.007297904191616767 0.012271869100062933
5 0.8259730538922156 0.5302076777847703 0.008982035928143714 0.0144745122718691
1 0.34066242514970063 0.6478917558212712 0.008794910179640719 0.01762114537444934
8 0.6075973053892216 0.6156387665198239 0.01534431137724551 0.018565135305223412
12 0.16345434131736528 0.6414411579609818 0.008420658682634731 0.021082441787287604
13 0.8321482035928144 0.5870044052863437 0.010104790419161677 0.01604782882315922
17 0.6228480538922156 0.5157331655129013 0.01066616766467066 0.0144745122718691
13 0.34580838323353297 0.46947765890497173 0.012724550898203594 0.016991818753933293
5 0.7936002994011977 0.5692259282567653 0.010853293413173653 0.01762114537444934
13 0.2003181137724551 0.3595028319697923 0.009543413173652695 0.017935808684707365
5 0.13370134730538924 0.5818124606670863 0.007297904191616767 0.0144745122718691
5 0.345434131736527 0.3475456261799874 0.007110778443113773 0.0223410950283197
17 0.36395958083832336 0.3878225298930145 0.009730538922155689 0.014159848961611076
8 0.7267964071856288 0.3294524858401511 0.014221556886227546 0.018879798615481436
23 0.828125 0.46727501573316554 0.009169161676646708 0.018879798615481436
21 0.2285741017964072 0.3628067967275016 0.010291916167664672 0.01825047199496539
12 0.19863398203592816 0.4630270610446822 0.008794910179640719 0.022970421648835747
13 0.7485029940119761 0.3091567023285085 0.012350299401197605 0.017935808684707365
19 0.7020958083832336 0.5937696664568912 0.010104790419161677 0.01825047199496539
14 0.41457709580838326 0.5094398993077408 0.009917664670658683 0.02076777847702958
13 0.17711452095808383 0.5838577721837634 0.011040419161676647 0.02171176840780365
22 0.18020209580838326 0.6417558212712399 0.010853293413173653 0.02171176840780365
3 0.18076347305389223 0.30050346129641287 0.01122754491017964 0.019509125235997484
1 0.2070546407185629 0.46397105097545627 0.010291916167664672 0.021082441787287604
21 0.7441055389221557 0.44855254877281314 0.009917664670658683 0.020453115166771556
16 0.2322230538922156 0.3831025802391441 0.010479041916167666 0.018565135305223412
21 0.6454902694610779 0.4745122718691001 0.009543413173652695 0.01825047199496539
22 0.7277320359281437 0.4680616740088106 0.006362275449101797 0.01919446192573946
6 0.19760479041916168 0.6028949024543738 0.008982035928143714 0.018879798615481436
7 0.19797904191616766 0.34125235997482695 0.011976047904191617 0.014789175582127124
3 0.5421032934131736 0.538074260541221 0.009730538922155689 0.01762114537444934
17 0.5893525449101796 0.3930144745122719 0.009917664670658683 0.016362492133417245
5 0.8033308383233534 0.4680616740088106 0.0074850299401197605 0.014159848961611076
23 0.8389782934131738 0.44619257394587797 0.009543413173652695 0.01762114537444934
21 0.34880239520958084 0.5508181246066709 0.010104790419161677 0.021082441787287604
22 0.7122005988023953 0.44918187539332916 0.005239520958083833 0.015418502202643174
23 0.3720995508982036 0.42888609188168664 0.009543413173652695 0.018879798615481436
16 0.7698353293413174 0.34943360604153556 0.011976047904191617 0.0223410950283197
13 0.14483532934131738 0.39883574575204533 0.010479041916167666 0.019823788546255508
5 0.1474550898203593 0.5001573316551291 0.010104790419161677 0.020453115166771556
0 0.5978667664670659 0.3930144745122719 0.008607784431137725 0.012586532410320957
23 0.7166916167664671 0.6135934550031467 0.009356287425149701 0.02076777847702958
1 0.3547904191616767 0.30711139081183136 0.010104790419161677 0.022026431718061675
5 0.33982035928143717 0.41063561988672126 0.007110778443113773 0.018879798615481436
13 0.4002619760479042 0.3698867212083071 0.010104790419161677 0.01919446192573946
10 0.6052582335329342 0.5165198237885463 0.009169161676646708 0.018565135305223412
22 0.7819049401197605 0.5896790434235368 0.005426646706586827 0.016991818753933293
11 0.7395209580838323 0.38876651982378857 0.012350299401197605 0.020453115166771556
22 0.2558008982035928 0.4457205789804909 0.005239520958083833 0.019823788546255508
3 0.22277320359281438 0.38184392699811204 0.009169161676646708 0.019823788546255508
10 0.42627245508982037 0.5487728130899937 0.00561377245508982 0.02076777847702958
10 0.7238023952095809 0.34880427942101955 0.0074850299401197605 0.021082441787287604
23 0.6942365269461078 0.5942416614222782 0.009730538922155689 0.017306482064191317
1 0.329247754491018 0.3672120830711139 0.009169161676646708 0.018879798615481436
21 0.39642589820359286 0.6283826305852738 0.009543413173652695 0.01825047199496539
20 0.7940681137724551 0.6294839521711769 0.009543413173652695 0.020453115166771556
7 0.1660741017964072 0.5616740088105727 0.015157185628742516 0.022655758338577723
23 0.36414670658682635 0.5704845814977973 0.008982035928143714 0.015733165512901198
17 0.7144461077844312 0.3510069225928257 0.010479041916167666 0.0223410950283197
22 0.8234468562874252 0.5674952800503462 0.005052395209580838 0.020453115166771556
22 0.703312125748503 0.6510383889238516 0.006549401197604791 0.01825047199496539
21 0.720995508982036 0.512271869100063 0.010479041916167666 0.016991818753933293
21 0.8661115269461078 0.34487098804279426 0.008420658682634731 0.015733165512901198
6 0.6946107784431138 0.47010698552548774 0.01122754491017964 0.018879798615481436
23 0.30220808383233533 0.42684078036500944 0.0074850299401197605 0.02171176840780365
14 0.2888285928143713 0.5673379483952171 0.011040419161676647 0.016362492133417245
20 0.7892964071856288 0.5092825676526117 0.008982035928143714 0.018565135305223412
6 0.3567552395209581 0.5278477029578351 0.01066616766467066 0.021082441787287604
3 0.11096556886227546 0.6189427312775331 0.010479041916167666 0.013845185651353053
3 0.16495134730538924 0.6027375707992448 0.009543413173652695 0.015418502202643174
16 0.3848241017964072 0.328823159219635 0.009543413173652695 0.020138451856513532
7 0.3976422155688623 0.3897105097545626 0.01347305389221557 0.020453115166771556
19 0.2566429640718563 0.5047199496538703 0.009917664670658683 0.02391441157960982
8 0.5932821856287426 0.5363436123348018 0.013660179640718563 0.01919446192573946
1 0.36517589820359286 0.5056639395846445 0.008420658682634731 0.021397105097545627
21 0.16785179640718564 0.5418502202643172 0.008607784431137725 0.012586532410320957
23 0.1689745508982036 0.3190685966016363 0.010104790419161677 0.01825047199496539
14 0.7389595808383234 0.5322529893014475 0.008982035928143714 0.01667715544367527
6 0.19040044910179643 0.5630899937067338 0.011040419161676647 0.017306482064191317
13 0.26824476047904194 0.6252359974826935 0.011414670658682636 0.016991818753933293
5 0.7369011976047904 0.3277218376337319 0.01160179640718563 0.019823788546255508
16 0.6200411676646707 0.47278162366268095 0.012163173652694611 0.017935808684707365
1 0.781062874251497 0.33023914411579613 0.010479041916167666 0.017935808684707365
20 0.18188622754491018 0.2798930144745123 0.012724550898203594 0.02171176840780365
20 0.13968937125748504 0.3775959723096287 0.012911676646706588 0.01825047199496539
10 0.6976047904191617 0.6120201384518565 0.0074850299401197605 0.01762114537444934
5 0.5857971556886228 0.47498426683448713 0.009543413173652695 0.019823788546255508
3 0.28564745508982037 0.42652611705475146 0.008794910179640719 0.019823788546255508
21 0.6025449101796407 0.4351793580868471 0.01122754491017964 0.016991818753933293
16 0.21715943113772457 0.3429830081812461 0.009917664670658683 0.01762114537444934
0 0.36442739520958084 0.5892070484581499 0.009169161676646708 0.01919446192573946
13 0.2156624251497006 0.64332913782253 0.011414670658682636 0.021082441787287604
7 0.5590381736526946 0.3352737570799245 0.015157185628742516 0.01667715544367527
17 0.13529191616766467 0.6414411579609818 0.010479041916167666 0.0223410950283197
9 0.6506362275449102 0.4510698552548773 0.011976047904191617 0.034927627438640654
22 0.16167664670658682 0.3196979232221523 0.006362275449101797 0.019509125235997484
10 0.35769086826347307 0.5892070484581499 0.008794910179640719 0.017935808684707365
8 0.6778630239520959 0.6526117054751417 0.01590568862275449 0.016991818753933293
5 0.7249251497005988 0.5730018879798616 0.0074850299401197605 0.015733165512901198
16 0.5983345808383234 0.3731906859660164 0.009917664670658683 0.020138451856513532
10 0.12612275449101798 0.5824417872876023 0.006736526946107785 0.0144745122718691
13 0.7104229041916168 0.51274386406545 0.011788922155688624 0.017306482064191317
13 0.18993263473053892 0.44257394587791066 0.010853293413173653 0.013530522341095029
13 0.22005988023952097 0.604310887350535 0.010853293413173653 0.022970421648835747
8 0.2873315868263473 0.6080868470736313 0.014782934131736527 0.018565135305223412
1 0.7615082335329342 0.44855254877281314 0.01066616766467066 0.01919446192573946
10 0.19835329341317368 0.40025173064820646 0.0074850299401197605 0.02076777847702958
10 0.6537238023952097 0.5328823159219636 0.008046407185628743 0.01604782882315922
21 0.9006362275449102 0.5638766519823789 0.009356287425149701 0.01825047199496539
17 0.30314371257485034 0.6277533039647577 0.009730538922155689 0.016362492133417245
16 0.22099550898203593 0.5862177470106986 0.01122754491017964 0.019509125235997484
21 0.4139221556886228 0.3495909376966646 0.007110778443113773 0.02076777847702958
6 0.781437125748503 0.5497168030207679 0.01122754491017964 0.01825047199496539
1 0.11517589820359282 0.35698552548772816 0.008420658682634731 0.017935808684707365
19 0.5850486526946108 0.2918502202643172 0.013285928143712575 0.015418502202643174
7 0.6464258982035929 0.49260541220893644 0.017028443113772457 0.017935808684707365
1 0.28358907185628746 0.4048143486469478 0.008046407185628743 0.019823788546255508
13 0.5711077844311377 0.5575833857772184 0.013098802395209582 0.019509125235997484
22 0.6374438622754491 0.6537130270610447 0.004678143712574851 0.018565135305223412
21 0.21996631736526948 0.3245752045311517 0.009917664670658683 0.021082441787287604
5 0.14979416167664672 0.4402139710509755 0.009169161676646708 0.01825047199496539
17 0.580557634730539 0.433606041535557 0.009169161676646708 0.019509125235997484
5 0.12659056886227546 0.5404342353681562 0.007297904191616767 0.014159848961611076
19 0.6003929640718563 0.31497797356828194 0.011788922155688624 0.016991818753933293
21 0.643244760479042 0.6150094398993078 0.009169161676646708 0.01667715544367527
23 0.718937125748503 0.45185651353052236 0.009356287425149701 0.02328508495909377
21 0.5430389221556886 0.6176840780365009 0.0074850299401197605 0.013845185651353053
16 0.5975860778443114 0.6351478917558213 0.011788922155688624 0.017935808684707365
10 0.1852544910179641 0.5829137822529893 0.0074850299401197605 0.017306482064191317
22 0.5527694610778443 0.4139395846444305 0.005988023952095809 0.020453115166771556
3 0.3380426646706587 0.36784140969163 0.011414670658682636 0.01762114537444934
20 0.3548839820359282 0.6505663939584645 0.009543413173652695 0.017935808684707365
11 0.2747941616766467 0.6471050975456262 0.012537425149700599 0.01604782882315922
22 0.32428892215568866 0.42888609188168664 0.006362275449101797 0.01762114537444934
6 0.8507672155688624 0.36375078665827565 0.009917664670658683 0.018879798615481436
1 0.7275449101796407 0.40969162995594716 0.009356287425149701 0.016362492133417245
16 0.20780314371257486 0.6058842039018251 0.009543413173652695 0.01604782882315922
19 0.3960516467065868 0.47010698552548774 0.009543413173652695 0.019509125235997484
17 0.5559505988023953 0.4970106985525488 0.012350299401197605 0.017306482064191317
2 0.893993263473054 0.565135305223411 0.009169161676646708 0.020138451856513532
1 0.5670845808383234 0.6157960981749528 0.009169161676646708 0.016991818753933293
0 0.3473053892215569 0.5701699181875394 0.008607784431137725 0.013215859030837005
20 0.8319610778443114 0.4274701069855255 0.009356287425149701 0.017935808684707365
22 0.55061751497006 0.5964443045940844 0.006549401197604791 0.017935808684707365
21 0.7950037425149701 0.36847073631214605 0.008046407185628743 0.012586532410320957
21 0.5499625748502994 0.29389553178099437 0.010853293413173653 0.02076777847702958
1 0.125187125748503 0.6422278162366268 0.0074850299401197605 0.016362492133417245
5 0.2539296407185629 0.4257394587791064 0.0074850299401197605 0.012586532410320957
5 0.7909805389221557 0.4067023285084959 0.008607784431137725 0.017935808684707365
5 0.2944423652694611 0.4285714285714286 0.008046407185628743 0.019509125235997484
11 0.5913173652694611 0.43455003146633103 0.01347305389221557 0.018879798615481436
22 0.7732035928143713 0.5508181246066709 0.004491017964071857 0.018565135305223412
5 0.35572604790419166 0.38829452485840155 0.0074850299401197605 0.013215859030837005
23 0.19769835329341318 0.21916299559471367 0.009917664670658683 0.021082441787287604
16 0.13669535928143714 0.3182819383259912 0.010291916167664672 0.01604782882315922
22 0.3156811377245509 0.4682190056639396 0.004491017964071857 0.016362492133417245
1 0.7764782934131736 0.30947136563876654 0.008420658682634731 0.015418502202643174
21 0.7685254491017964 0.4894587791063562 0.009730538922155689 0.014789175582127124
8 0.11517589820359282 0.41865953429830083 0.012537425149700599 0.020453115166771556
16 0.2008794910179641 0.4416299559471366 0.011414670658682636 0.021082441787287604
3 0.17795658682634732 0.5020453115166772 0.011976047904191617 0.021082441787287604
22 0.7543038922155689 0.5311516677155445 0.004116766467065869 0.019509125235997484
11 0.5863585329341318 0.5166771554436753 0.011788922155688624 0.016991818753933293
13 0.6412799401197605 0.5931403398363752 0.012350299401197605 0.015733165512901198
5 0.12022829341317366 0.6003775959723097 0.007297904191616767 0.012586532410320957
23 0.40915044910179643 0.38892385147891756 0.009543413173652695 0.020138451856513532
5 0.6986339820359282 0.4301447451227187 0.007297904191616767 0.0144745122718691
10 0.7928517964071857 0.4883574575204532 0.008233532934131737 0.018879798615481436
13 0.20742889221556887 0.4833228445563248 0.011040419161676647 0.018879798615481436
17 0.7296032934131736 0.5106985525487728 0.008982035928143714 0.016362492133417245
7 0.6031998502994013 0.5969162995594715 0.012537425149700599 0.0144745122718691
23 0.7776010479041917 0.3670547514159849 0.008794910179640719 0.020453115166771556
21 0.6235965568862276 0.41346758967904346 0.010291916167664672 0.016991818753933293
11 0.8475860778443114 0.5662366268093141 0.013285928143712575 0.01667715544367527
22 0.34898952095808383 0.30821271239773446 0.0037425149700598802 0.014789175582127124
7 0.1157372754491018 0.37838263058527377 0.01440868263473054 0.021082441787287604
21 0.5514595808383234 0.538860918816866 0.008233532934131737 0.01604782882315922
21 0.6668226047904192 0.4101636249213342 0.008794910179640719 0.018565135305223412
3 0.26169535928143717 0.4455632473253619 0.011040419161676647 0.019509125235997484
20 0.3865082335329342 0.3878225298930145 0.008794910179640719 0.0223410950283197
11 0.312312874251497 0.5489301447451228 0.01347305389221557 0.015418502202643174
6 0.6820733532934132 0.34927627438640657 0.011976047904191617 0.018879798615481436
21 0.32148203592814373 0.630270610446822 0.010479041916167666 0.01762114537444934
14 0.7445733532934132 0.328508495909377 0.010104790419161677 0.02076777847702958
21 0.2770396706586826 0.42621145374449343 0.009169161676646708 0.01919446192573946
3 0.40559505988023953 0.34880427942101955 0.009543413173652695 0.021082441787287604
3 0.6642964071856288 0.6135934550031467 0.01122754491017964 0.018879798615481436
22 0.6971369760479043 0.6323159219634991 0.005800898203592815 0.019823788546255508
22 0.37949101796407186 0.38892385147891756 0.005239520958083833 0.021397105097545627
9 0.3167103293413174 0.42920075519194467 0.010291916167664672 0.03587161736941473
16 0.16991017964071858 0.3387350534927628 0.011976047904191617 0.019823788546255508
0 0.12172529940119761 0.49889867841409696 0.009543413173652695 0.020453115166771556
8 0.8517028443113773 0.42825676526117057 0.012537425149700599 0.016991818753933293
20 0.6766467065868264 0.5932976714915041 0.010853293413173653 0.017935808684707365
6 0.2319423652694611 0.604310887350535 0.009917664670658683 0.022970421648835747
13 0.39651946107784436 0.3495909376966646 0.012724550898203594 0.02391441157960982
13 0.14885853293413173 0.6230333543108874 0.010291916167664672 0.02076777847702958
14 0.705557634730539 0.37004405286343617 0.009917664670658683 0.01825047199496539
3 0.5481848802395209 0.3129326620516048 0.009543413173652695 0.01667715544367527
22 0.6307073353293413 0.43219005663939586 0.005800898203592815 0.020453115166771556
10 0.35217065868263475 0.32819383259911894 0.008233532934131737 0.021397105097545627
12 0.7695546407185629 0.6493077407174324 0.009169161676646708 0.021082441787287604
21 0.19489146706586827 0.42227816236626814 0.007672155688622755 0.018879798615481436
1 0.3284056886227545 0.45012586532410326 0.00785928143712575 0.01604782882315922
13 0.11639221556886228 0.6393958464443046 0.012350299401197605 0.016991818753933293
21 0.34814745508982037 0.590937696664569 0.008046407185628743 0.013845185651353053
5 0.42458832335329344 0.512114537444934 0.0074850299401197605 0.015418502202643174
3 0.09534056886227546 0.5810258023914412 0.009543413173652695 0.02171176840780365
14 0.2538360778443114 0.6464757709251102 0.009917664670658683 0.02171176840780365
1 0.298184880239521 0.3469162995594714 0.011414670658682636 0.019823788546255508
17 0.6679453592814372 0.6524543738200126 0.011040419161676647 0.018565135305223412
21 0.35619386227544914 0.5704845814977973 0.010291916167664672 0.016991818753933293
1 0.1656062874251497 0.4214915040906231 0.010479041916167666 0.017935808684707365
3 0.18572230538922158 0.420862177470107 0.009917664670658683 0.022970421648835747
1 0.8197043413173654 0.4658590308370044 0.008794910179640719 0.019823788546255508
11 0.8349550898203594 0.5273757079924482 0.014221556886227546 0.019509125235997484
8 0.7280127245508983 0.5937696664568912 0.015531437125748504 0.018879798615481436
12 0.7666541916167665 0.6110761485210825 0.0074850299401197605 0.019509125235997484
7 0.5571669161676647 0.394273127753304 0.012911676646706588 0.01510383889238515
5 0.6960142215568863 0.4498112020138452 0.008420658682634731 0.018565135305223412
10 0.13997005988023953 0.3390497168030208 0.005988023952095809 0.01919446192573946
22 0.37191242514970063 0.5080239144115797 0.004303892215568862 0.0223410950283197
10 0.6005800898203593 0.41299559471365643 0.0061751497005988025 0.017935808684707365
21 0.30922529940119764 0.5674952800503462 0.009169161676646708 0.017935808684707365
8 0.7873315868263474 0.3876651982378855 0.014034431137724552 0.016991818753933293
11 0.8539483532934132 0.38467589679043424 0.015531437125748504 0.01919446192573946
14 0.15241392215568864 0.3577721837633732 0.010291916167664672 0.016362492133417245
23 0.37977170658682635 0.4696349905601007 0.008794910179640719 0.01919446192573946
1 0.6453031437125749 0.5346129641283827 0.009543413173652695 0.013845185651353053
23 0.7859281437125749 0.367998741346759 0.009730538922155689 0.019823788546255508
3 0.15437874251497008 0.3193832599118943 0.01122754491017964 0.018879798615481436
7 0.674307634730539 0.4303020767778477 0.015157185628742516 0.01667715544367527
7 0.6976983532934132 0.512586532410321 0.01440868263473054 0.01762114537444934
11 0.37153817365269465 0.4509125235997483 0.012537425149700599 0.01825047199496539
21 0.39287050898203596 0.6088735053492763 0.009543413173652695 0.01825047199496539
11 0.5862649700598803 0.6346758967904342 0.012724550898203594 0.01825047199496539
22 0.7874251497005988 0.328508495909377 0.0048652694610778445 0.01825047199496539
13 0.8146519461077845 0.5475141598489617 0.011788922155688624 0.018879798615481436
13 0.7969685628742516 0.32819383259911894 0.010479041916167666 0.016362492133417245
8 0.360310628742515 0.6099748269351793 0.014782934131736527 0.02171176840780365
21 0.7554266467065869 0.592196349905601 0.008982035928143714 0.016362492133417245
15 0.18852919161676648 0.4828508495909377 0.007672155688622755 0.017306482064191317
1 0.12228667664670659 0.5604153555695406 0.009169161676646708 0.015733165512901198
5 0.3728480538922156 0.4691629955947137 0.008420658682634731 0.01195720578980491
11 0.5785928143712575 0.41331025802391447 0.01347305389221557 0.017306482064191317
22 0.7400823353293413 0.6323159219634991 0.006362275449101797 0.017935808684707365
3 0.690681137724551 0.43045940843297675 0.008982035928143714 0.019509125235997484
6 0.19208458083832336 0.3786972938955318 0.009917664670658683 0.019823788546255508
17 0.7764782934131736 0.6480490874764003 0.008794910179640719 0.019823788546255508
22 0.5563248502994013 0.35541220893643805 0.005988023952095809 0.01919446192573946
19 0.7712387724550899 0.4493392070484582 0.009917664670658683 0.020138451856513532
22 0.3998877245508982 0.3085273757079925 0.005239520958083833 0.02171176840780365
14 0.19610778443113774 0.3211139081183134 0.010104790419161677 0.013530522341095029
21 0.7315681137724551 0.4285714285714286 0.009169161676646708 0.01762114537444934
23 0.5979603293413174 0.5569540591567024 0.008794910179640719 0.016991818753933293
12 0.34562125748503 0.4505978602894903 0.008233532934131737 0.01762114537444934
13 0.11498877245508983 0.578980490874764 0.013660179640718563 0.01762114537444934
19 0.35413547904191617 0.42935808684707366 0.008794910179640719 0.0223410950283197
13 0.8135291916167665 0.446979232221523 0.011788922155688624 0.017935808684707365
13 0.6452095808383234 0.6332599118942732 0.01160179640718563 0.01604782882315922
21 0.1970434131736527 0.48473882945248586 0.009356287425149701 0.019823788546255508
22 0.780501497005988 0.5306796727501574 0.005988023952095809 0.017306482064191317
11 0.596182634730539 0.6552863436123348 0.013098802395209582 0.017935808684707365
17 0.31315494011976047 0.6480490874764003 0.009543413173652695 0.0223410950283197
21 0.8064184131736527 0.40701699181875395 0.008794910179640719 0.01667715544367527
1 0.7201534431137725 0.46837633731906864 0.009917664670658683 0.018565135305223412
1 0.37331586826347307 0.6104468219005664 0.012724550898203594 0.020138451856513532
5 0.7101422155688624 0.3908118313404657 0.010479041916167666 0.01762114537444934
22 0.5836452095808383 0.5959723096286973 0.005239520958083833 0.016362492133417245
5 0.7732035928143713 0.40748898678414097 0.009730538922155689 0.01762114537444934
21 0.5523016467065869 0.4759282567652612 0.01066616766467066 0.01604782882315922
17 0.6444610778443114 0.5549087476400252 0.010104790419161677 0.014789175582127124
20 0.11657934131736528 0.539175582127124 0.012724550898203594 0.021082441787287604
8 0.13407559880239522 0.5604153555695406 0.01440868263473054 0.016991818753933293
3 0.6318300898203594 0.4523285084959094 0.007672155688622755 0.017306482064191317
11 0.22380239520958084 0.3047514159848962 0.01347305389221557 0.023599748269351795
5 0.5972118263473054 0.3536815607300189 0.008794910179640719 0.01825047199496539
10 0.8170845808383234 0.6286972938955319 0.0061751497005988025 0.015733165512901198
16 0.8269086826347306 0.5468848332284456 0.009730538922155689 0.013215859030837005
0 0.14324476047904192 0.644115796098175 0.011040419161676647 0.02076777847702958
20 0.3816429640718563 0.4900881057268723 0.010291916167664672 0.02171176840780365
22 0.12612275449101798 0.5989616110761485 0.006362275449101797 0.020453115166771556
17 0.10843937125748504 0.5369729389553178 0.009917664670658683 0.01919446192573946
5 0.7163173652694611 0.42951541850220265 0.008233532934131737 0.01762114537444934
13 0.38547904191616766 0.28634361233480177 0.012350299401197605 0.019509125235997484
21 0.35581961077844315 0.4874134675896791 0.009543413173652695 0.018879798615481436
1 0.2886414670658683 0.5464128382630585 0.009917664670658683 0.01919446192573946
3 0.20190868263473055 0.3797986154814349 0.010104790419161677 0.019509125235997484
3 0.612369011976048 0.5349276274386406 0.009543413173652695 0.01762114537444934
5 0.10619386227544911 0.39867841409691634 0.011040419161676647 0.019509125235997484
12 0.6191055389221557 0.3917558212712398 0.009169161676646708 0.019509125235997484
5 0.6705651197604791 0.38986784140969166 0.009169161676646708 0.016991818753933293
13 0.312312874251497 0.6095028319697924 0.014221556886227546 0.019509125235997484
12 0.6643899700598803 0.4932347388294525 0.008046407185628743 0.01919446192573946
16 0.5742889221556886 0.37397734424166146 0.009356287425149701 0.017935808684707365
7 0.5533308383233533 0.5767778477029579 0.012350299401197605 0.013845185651353053
1 0.4254303892215569 0.6106041535556954 0.009169161676646708 0.02171176840780365
14 0.3223241017964072 0.591567023285085 0.009543413173652695 0.01825047199496539
13 0.40896332335329344 0.5494021397105098 0.009917664670658683 0.02391441157960982
1 0.3436564371257485 0.3261485210824418 0.008420658682634731 0.01919446192573946
13 0.3194236526946108 0.36784140969163 0.011976047904191617 0.018879798615481436
6 0.30894461077844315 0.3453429830081813 0.009356287425149701 0.017306482064191317
21 0.7923839820359282 0.6483637507866583 0.008794910179640719 0.017306482064191317
16 0.37013473053892215 0.40953429830081817 0.011976047904191617 0.019823788546255508
17 0.29622005988023953 0.6469477658904972 0.0074850299401197605 0.013845185651353053
3 0.718001497005988 0.49071743234738835 0.010479041916167666 0.017935808684707365
10 0.5720434131736527 0.43423536815607305 0.00785928143712575 0.013845185651353053
14 0.19217814371257486 0.6231906859660165 0.010104790419161677 0.015418502202643174
1 0.2411115269461078 0.6076148521082442 0.009917664670658683 0.018879798615481436
19 0.3528255988023952 0.6288546255506609 0.009169161676646708 0.01919446192573946
14 0.7504678143712575 0.36784140969163 0.008794910179640719 0.01762114537444934
11 0.6075973053892216 0.4745122718691001 0.012724550898203594 0.01825047199496539
16 0.2634730538922156 0.6452171176840781 0.010104790419161677 0.020453115166771556
3 0.7326908682634731 0.6504090623033355 0.008420658682634731 0.018879798615481436
21 0.7591691616766467 0.3875078665827565 0.008607784431137725 0.011642542479546885
8 0.7230538922155689 0.3085273757079925 0.016467065868263474 0.01919446192573946
21 0.3352357784431138 0.4685336689741976 0.006923652694610779 0.016991818753933293
5 0.10525823353293413 0.4188168659534299 0.009917664670658683 0.016362492133417245
5 0.765812125748503 0.5511327879169289 0.008794910179640719 0.020453115166771556
1 0.14885853293413173 0.42007551919446195 0.009543413173652695 0.020138451856513532
23 0.20752245508982037 0.22042164883574578 0.01122754491017964 0.021082441787287604
13 0.3549775449101797 0.3475456261799874 0.01122754491017964 0.021082441787287604
3 0.3745321856287425 0.3275645059786029 0.009543413173652695 0.018879798615481436
6 0.782934131736527 0.407331655129012 0.010479041916167666 0.017935808684707365
1 0.6047904191616766 0.5353996224040277 0.008233532934131737 0.012901195720578981
1 0.7484094311377246 0.5106985525487728 0.009169161676646708 0.015733165512901198
13 0.5714820359281437 0.31434864694776593 0.010104790419161677 0.01510383889238515
6 0.6773952095808383 0.33086847073631215 0.011976047904191617 0.020453115166771556
11 0.6868450598802396 0.3708307111390812 0.012911676646706588 0.019823788546255508
3 0.298372005988024 0.5267463813719321 0.011040419161676647 0.018879798615481436
10 0.672249251497006 0.4499685336689742 0.007672155688622755 0.020138451856513532
23 0.6787986526946108 0.4723096286972939 0.009169161676646708 0.021397105097545627
22 0.38005239520958084 0.5703272498426684 0.00561377245508982 0.02171176840780365
8 0.5973989520958084 0.3338577721837634 0.014782934131736527 0.015733165512901198
1 0.34861526946107785 0.5294210195091252 0.009730538922155689 0.020453115166771556
17 0.21126497005988026 0.302076777847703 0.01160179640718563 0.02076777847702958
0 0.6514782934131736 0.43108873505349277 0.007672155688622755 0.01825047199496539
7 0.2636601796407186 0.48599748269351795 0.011976047904191617 0.017935808684707365
11 0.33046407185628746 0.40921963499056013 0.01160179640718563 0.020453115166771556
9 0.23437500000000003 0.5247010698552549 0.012163173652694611 0.03366897419760856
13 0.2634730538922156 0.5678099433606042 0.013098802395209582 0.019823788546255508
14 0.11162050898203593 0.4389553178099434 0.007672155688622755 0.01762114537444934
22 0.26422155688622756 0.5448395217117684 0.005988023952095809 0.0223410950283197
5 0.5742889221556886 0.29531151667715544 0.0074850299401197605 0.021082441787287604
13 0.8047342814371258 0.34786028949024544 0.013285928143712575 0.02171176840780365
21 0.7367140718562875 0.28602894902454373 0.011976047904191617 0.018879798615481436
13 0.5694236526946108 0.394115796098175 0.011976047904191617 0.020453115166771556
16 0.20901946107784433 0.6228760226557584 0.01122754491017964 0.01667715544367527
21 0.15400449101796407 0.4800188797986155 0.010479041916167666 0.020453115166771556
5 0.37715194610778446 0.5490874764002518 0.009169161676646708 0.018879798615481436
22 0.37790044910179643 0.630427942101951 0.0061751497005988025 0.021082441787287604
23 0.36461452095808383 0.4883574575204532 0.008046407185628743 0.019509125235997484
23 0.768619011976048 0.3086847073631215 0.008046407185628743 0.016991818753933293
12 0.3706025449101797 0.5492448080553808 0.009543413173652695 0.02171176840780365
23 0.611807634730539 0.3539962240402769 0.009543413173652695 0.0144745122718691
21 0.13089446107784433 0.5017306482064192 0.007672155688622755 0.012271869100062933
23 0.3938997005988024 0.5711139081183134 0.006736526946107785 0.019509125235997484
5 0.6526010479041917 0.5745752045311517 0.007672155688622755 0.012586532410320957
11 0.8166167664670659 0.3864065449968534 0.010479041916167666 0.01825047199496539
22 0.7918226047904192 0.42778477029578355 0.005800898203592815 0.014789175582127124
21 0.31540044910179643 0.5281623662680932 0.009169161676646708 0.020453115166771556
21 0.3378555389221557 0.5711139081183134 0.008794910179640719 0.015733165512901198
22 0.8687312874251497 0.4257394587791064 0.0061751497005988025 0.020138451856513532
21 0.5754116766467067 0.49622404027690376 0.008233532934131737 0.012586532410320957
16 0.11358532934131738 0.460352422907489 0.012350299401197605 0.01762114537444934
20 0.27685254491017963 0.5056639395846445 0.011040419161676647 0.024543738200125866
1 0.8416916167664671 0.4274701069855255 0.010853293413173653 0.017306482064191317
21 0.30735404191616766 0.4877281308999371 0.009169161676646708 0.013215859030837005
5 0.3569423652694611 0.2865009439899308 0.010291916167664672 0.023599748269351795
6 0.38304640718562877 0.6098174952800504 0.01160179640718563 0.020138451856513532
22 0.1786115269461078 0.6025802391441158 0.004303892215568862 0.016362492133417245
19 0.36798278443113774 0.3689427312775331 0.01066616766467066 0.0223410950283197
12 0.13940868263473055 0.5 0.008233532934131737 0.012586532410320957
21 0.736807634730539 0.30837004405286345 0.010291916167664672 0.01762114537444934
5 0.6195733532934132 0.6159534298300818 0.008982035928143714 0.01667715544367527
10 0.5770958083832336 0.5959723096286973 0.004491017964071857 0.01510383889238515
1 0.7979041916167665 0.5100692259282568 0.009356287425149701 0.021397105097545627
6 0.235123502994012 0.4828508495909377 0.009169161676646708 0.021082441787287604
21 0.8227919161676647 0.42794210195091253 0.008607784431137725 0.01510383889238515
21 0.7313809880239521 0.6137507866582756 0.007297904191616767 0.018565135305223412
3 0.8417851796407186 0.5848017621145375 0.009543413173652695 0.017935808684707365
11 0.1758046407185629 0.3190685966016363 0.010291916167664672 0.01825047199496539
3 0.7500935628742516 0.3876651982378855 0.010291916167664672 0.01825047199496539
5 0.7523390718562875 0.6132787916928887 0.009917664670658683 0.019509125235997484
21 0.5892589820359282 0.49622404027690376 0.008607784431137725 0.0144745122718691
22 0.24840943113772457 0.6055695405915671 0.007297904191616767 0.018565135305223412
1 0.876309880239521 0.42511013215859034 0.008982035928143714 0.018879798615481436
1 0.627058383233533 0.4938640654499686 0.010853293413173653 0.015418502202643174
10 0.7616953592814372 0.6511957205789806 0.006549401197604791 0.021082441787287604
1 0.22979041916167667 0.2223096286972939 0.010479041916167666 0.020453115166771556
5 0.3529191616766467 0.4498112020138452 0.006736526946107785 0.012901195720578981
14 0.8110029940119761 0.4664883574575205 0.009730538922155689 0.019823788546255508
10 0.5568862275449102 0.3749213341724355 0.008982035928143714 0.021082441787287604
13 0.2283869760479042 0.4246381371932033 0.009917664670658683 0.014159848961611076
5 0.3720995508982036 0.38892385147891756 0.008794910179640719 0.018879798615481436
17 0.5431324850299402 0.5180931403398364 0.009917664670658683 0.020453115166771556
13 0.8052020958083833 0.3665827564505979 0.012350299401197605 0.01825047199496539
17 0.5601609281437127 0.47372561359345505 0.010291916167664672 0.017935808684707365
13 0.7745134730538923 0.630270610446822 0.010479041916167666 0.018879798615481436
20 0.6148952095808383 0.5953429830081813 0.010104790419161677 0.016362492133417245
14 0.3357971556886228 0.4494965387035872 0.008046407185628743 0.014159848961611076
5 0.5884169161676647 0.4140969162995595 0.008794910179640719 0.01762114537444934
13 0.7571107784431138 0.3508495909376967 0.012724550898203594 0.02391441157960982
20 0.3037986526946108 0.6480490874764003 0.008420658682634731 0.021082441787287604
7 0.4104603293413174 0.4499685336689742 0.015157185628742516 0.020138451856513532
22 0.7489708083832336 0.6507237256135935 0.006549401197604791 0.020138451856513532
12 0.6937687125748503 0.552706104468219 0.009543413173652695 0.01919446192573946
21 0.390063622754491 0.40921963499056013 0.008046407185628743 0.01919446192573946
16 0.20480913173652696 0.6453744493392071 0.009169161676646708 0.01825047199496539
13 0.7712387724550899 0.32913782252989304 0.011414670658682636 0.01825047199496539
11 0.33252245508982037 0.6483637507866583 0.012350299401197605 0.02171176840780365
1 0.3750935628742515 0.28838892385147896 0.009169161676646708 0.019823788546255508
5 0.2710516467065868 0.5467275015733166 0.008420658682634731 0.0223410950283197
22 0.5505239520958084 0.5190371302706105 0.005988023952095809 0.017306482064191317
13 0.7352170658682635 0.5712712397734424 0.012724550898203594 0.019823788546255508
21 0.17608532934131738 0.35808684707363125 0.012350299401197605 0.01825047199496539
2 0.12612275449101798 0.4191315292636879 0.005988023952095809 0.016362492133417245
5 0.6410928143712575 0.4523285084959094 0.009356287425149701 0.019823788546255508
21 0.5512724550898204 0.43549402139710514 0.0074850299401197605 0.0144745122718691
1 0.4173839820359282 0.4089049716803021 0.007672155688622755 0.018565135305223412
22 0.281811377245509 0.5668659534298301 0.005239520958083833 0.013530522341095029
6 0.7413922155688624 0.4280994336060416 0.009730538922155689 0.020453115166771556
10 0.6874064371257486 0.5124292007551919 0.006923652694610779 0.018565135305223412
13 0.32747005988023953 0.5701699181875394 0.01122754491017964 0.021397105097545627
13 0.345247005988024 0.4874134675896791 0.012350299401197605 0.020138451856513532
20 0.564932634730539 0.35446821900566394 0.010104790419161677 0.012901195720578981
21 0.6968562874251497 0.4918187539332914 0.009356287425149701 0.016362492133417245
0 0.564558383233533 0.3742920075519195 0.00785928143712575 0.014159848961611076
12 0.11517589820359282 0.5179358086847073 0.007672155688622755 0.018879798615481436
23 0.27965943113772457 0.5479861548143486 0.007297904191616767 0.0223410950283197
22 0.7238959580838323 0.6137507866582756 0.006923652694610779 0.020453115166771556
5 0.16925523952095808 0.46050975456261806 0.008794910179640719 0.018565135305223412
5 0.7244573353293413 0.6515103838892385 0.008420658682634731 0.017306482064191317
3 0.7237088323353293 0.4287287602265576 0.009917664670658683 0.019823788546255508
5 0.6874064371257486 0.4929200755191945 0.008046407185628743 0.020453115166771556
5 0.671500748502994 0.49197608558842043 0.008420658682634731 0.019823788546255508
21 0.6794535928143713 0.512271869100063 0.008982035928143714 0.013215859030837005
21 0.3756549401197605 0.5278477029578351 0.009543413173652695 0.019823788546255508
3 0.767122005988024 0.42762743864065456 0.008420658682634731 0.01762114537444934
21 0.8727544910179641 0.5254877281309 0.008982035928143714 0.01762114537444934
21 0.25233907185628746 0.21900566393958465 0.014034431137724552 0.01762114537444934
21 0.10413547904191617 0.5802391441157961 0.008046407185628743 0.01762114537444934
8 0.38725673652694614 0.5484581497797357 0.011788922155688624 0.021397105097545627
22 0.2292290419161677 0.4035556954059157 0.005239520958083833 0.021082441787287604
23 0.5674588323353293 0.4126809314033984 0.007297904191616767 0.01604782882315922
21 0.18207335329341318 0.37775330396475776 0.010479041916167666 0.01667715544367527
23 0.21884356287425152 0.5243864065449969 0.008420658682634731 0.019823788546255508
21 0.8642402694610779 0.38436123348017626 0.009169161676646708 0.019823788546255508
23 0.7544910179640719 0.40764631843927 0.008233532934131737 0.01604782882315922
11 0.15381736526946108 0.5199811202013845 0.012350299401197605 0.020453115166771556
22 0.16729041916167667 0.6222466960352423 0.0029940119760479044 0.014159848961611076
22 0.7820920658682635 0.5100692259282568 0.005052395209580838 0.016991818753933293
13 0.15943113772455092 0.44115796098174953 0.010853293413173653 0.018879798615481436
13 0.20780314371257486 0.34109502831969796 0.008046407185628743 0.01762114537444934
1 0.10301272455089822 0.43816865953429834 0.011040419161676647 0.019823788546255508
17 0.5505239520958084 0.6560730018879799 0.008982035928143714 0.01762114537444934
10 0.6370696107784432 0.4323473882945249 0.006923652694610779 0.018879798615481436
5 0.18488023952095808 0.3206419131529264 0.01122754491017964 0.01825047199496539
21 0.6751497005988024 0.6331025802391441 0.010104790419161677 0.020138451856513532
8 0.6339820359281437 0.5158904971680303 0.01347305389221557 0.013530522341095029
10 0.5820546407185629 0.35446821900566394 0.006549401197604791 0.015418502202643174
13 0.15363023952095808 0.5995909376966646 0.009730538922155689 0.020453115166771556
5 0.7117327844311377 0.5940843297671492 0.008420658682634731 0.01510383889238515
5 0.5808383233532934 0.5566393958464444 0.009730538922155689 0.01762114537444934
5 0.6210703592814372 0.5365009439899308 0.008982035928143714 0.016362492133417245
13 0.21996631736526948 0.6227186910006294 0.009917664670658683 0.018879798615481436
12 0.3649887724550898 0.3074260541220894 0.008046407185628743 0.019509125235997484
13 0.34880239520958084 0.40906230333543114 0.01160179640718563 0.016991818753933293
17 0.2869573353293413 0.6268093140339837 0.008420658682634731 0.02328508495909377
6 0.15877619760479042 0.5819697923222152 0.010291916167664672 0.019823788546255508
21 0.7588884730538923 0.36784140969163 0.010291916167664672 0.01762114537444934
22 0.7423278443113773 0.46884833228445566 0.005988023952095809 0.019509125235997484
5 0.7928517964071857 0.6090308370044053 0.008233532934131737 0.017935808684707365
22 0.3160553892215569 0.34660163624921336 0.005988023952095809 0.020453115166771556
11 0.812874251497006 0.4274701069855255 0.01122754491017964 0.01604782882315922
5 0.7747941616766467 0.5097545626179988 0.01066616766467066 0.020138451856513532
5 0.3396332335329342 0.5077092511013216 0.010853293413173653 0.020453115166771556
13 0.7412986526946108 0.6123348017621146 0.011040419161676647 0.020138451856513532
5 0.2512163173652695 0.4443045940843298 0.008794910179640719 0.012586532410320957
16 0.23577844311377247 0.4630270610446822 0.010104790419161677 0.014159848961611076
21 0.2437312874251497 0.6255506607929516 0.008046407185628743 0.016362492133417245
5 0.8090381736526947 0.5289490245437383 0.008420658682634731 0.018879798615481436
13 0.8530127245508983 0.46491504090623037 0.009917664670658683 0.021082441787287604
1 0.878368263473054 0.5638766519823789 0.008607784431137725 0.01762114537444934
5 0.7012537425149701 0.551762114537445 0.009169161676646708 0.021082441787287604
8 0.14249625748502995 0.4795468848332285 0.01440868263473054 0.01825047199496539
8 0.6976047904191617 0.38986784140969166 0.0157185628742515 0.016991818753933293
21 0.7907934131736527 0.5500314663310258 0.008233532934131737 0.01762114537444934
13 0.6202282934131736 0.6538703587161737 0.011040419161676647 0.015733165512901198
5 0.8216691616766467 0.5866897419760856 0.009356287425149701 0.01667715544367527
13 0.19928892215568864 0.302076777847703 0.012350299401197605 0.019509125235997484
13 0.781998502994012 0.3491189427312776 0.013098802395209582 0.02171176840780365
14 0.7677769461077845 0.3879798615481435 0.010853293413173653 0.018879798615481436
23 0.21191991017964074 0.44351793580868476 0.008794910179640719 0.019823788546255508
21 0.7697417664670659 0.3670547514159849 0.009169161676646708 0.01919446192573946
22 0.6831025449101796 0.630270610446822 0.007297904191616767 0.022026431718061675
23 0.23400074850299402 0.64332913782253 0.009917664670658683 0.019823788546255508
21 0.6604603293413174 0.5135305223410951 0.008794910179640719 0.015733165512901198
5 0.10160928143712575 0.47907488986784147 0.008982035928143714 0.02171176840780365
3 0.29958832335329344 0.3868785399622404 0.01122754491017964 0.02171176840780365
20 0.15522080838323354 0.5608873505349277 0.011788922155688624 0.0223410950283197
11 0.612181886227545 0.4328193832599119 0.012537425149700599 0.017306482064191317
22 0.24354416167664672 0.5234424166142229 0.005800898203592815 0.022970421648835747
3 0.8356100299401198 0.6076148521082442 0.009917664670658683 0.018879798615481436
14 0.7228667664670659 0.6340465701699183 0.008982035928143714 0.020138451856513532
16 0.15381736526946108 0.6423851478917558 0.010853293413173653 0.022970421648835747
11 0.24223428143712578 0.5854310887350536 0.013285928143712575 0.014159848961611076
16 0.3005239520958084 0.6069855254877282 0.009356287425149701 0.016991818753933293
0 0.3788360778443114 0.42998741346758973 0.008046407185628743 0.021082441787287604
11 0.6635479041916168 0.5734738829452486 0.014595808383233533 0.014789175582127124
5 0.20883233532934134 0.3599748269351794 0.008233532934131737 0.01510383889238515
14 0.36976047904191617 0.631057268722467 0.00785928143712575 0.021082441787287604
21 0.7594498502994013 0.3091567023285085 0.009543413173652695 0.017935808684707365
22 0.19947604790419163 0.6230333543108874 0.0074850299401197605 0.01510383889238515
22 0.345434131736527 0.6285399622404028 0.00561377245508982 0.0223410950283197
22 0.6071294910179641 0.41189427312775334 0.005800898203592815 0.019509125235997484
3 0.5412612275449102 0.5758338577721838 0.009917664670658683 0.018879798615481436
17 0.5756923652694611 0.5169918187539333 0.010291916167664672 0.0144745122718691
23 0.3858532934131737 0.5300503461296413 0.008233532934131737 0.020453115166771556
6 0.6700037425149701 0.512271869100063 0.011040419161676647 0.016362492133417245
5 0.39885853293413176 0.5490874764002518 0.010291916167664672 0.020138451856513532
14 0.1098428143712575 0.47813089993706737 0.01122754491017964 0.021082441787287604
8 0.27788173652694614 0.4652297042164884 0.012350299401197605 0.018565135305223412
14 0.75187125748503 0.44918187539332916 0.0074850299401197605 0.019823788546255508
1 0.18338323353293415 0.6214600377595972 0.00785928143712575 0.0144745122718691
23 0.7761976047904192 0.46774701069855257 0.00785928143712575 0.019823788546255508
1 0.22642215568862276 0.644587791063562 0.010104790419161677 0.02171176840780365
6 0.4098053892215569 0.30884203901825047 0.01160179640718563 0.021082441787287604
16 0.6536302395209581 0.5934550031466331 0.010479041916167666 0.01762114537444934
13 0.610310628742515 0.6354625550660793 0.012911676646706588 0.01667715544367527
5 0.7454154191616766 0.5704845814977973 0.008794910179640719 0.016991818753933293
10 0.784056886227545 0.6496224040276904 0.007110778443113773 0.019823788546255508
1 0.1912425149700599 0.3577721837633732 0.010104790419161677 0.01825047199496539
21 0.30931886227544914 0.3879798615481435 0.008982035928143714 0.019509125235997484
13 0.2292290419161677 0.5026746381371933 0.010853293413173653 0.018565135305223412
5 0.8033308383233534 0.44808055380742606 0.009356287425149701 0.016362492133417245
23 0.7767589820359282 0.4883574575204532 0.008607784431137725 0.018879798615481436
1 0.7137911676646707 0.6329452485840151 0.009543413173652695 0.017935808684707365
22 0.6729041916167665 0.6137507866582756 0.005988023952095809 0.020453115166771556
13 0.6530688622754491 0.6132787916928887 0.011976047904191617 0.019509125235997484
5 0.7765718562874252 0.38609188168659536 0.008982035928143714 0.01762114537444934
6 0.5661489520958084 0.4971680302076778 0.01066616766467066 0.016991818753933293
22 0.2252994011976048 0.5239144115796098 0.005988023952095809 0.01762114537444934
22 0.282559880239521 0.6452171176840781 0.007110778443113773 0.020453115166771556
13 0.3589071856287425 0.5498741346758969 0.012724550898203594 0.022970421648835747
5 0.7737649700598803 0.6104468219005664 0.007110778443113773 0.021397105097545627
21 0.5481848802395209 0.35604153555695406 0.008794910179640719 0.012901195720578981
3 0.798933383233533 0.4062303335431089 0.009169161676646708 0.016991818753933293
21 0.7547717065868264 0.6316865953429831 0.009169161676646708 0.01919446192573946
23 0.6585890718562875 0.6522970421648836 0.010291916167664672 0.015733165512901198
10 0.3473989520958084 0.36847073631214605 0.006549401197604791 0.018879798615481436
7 0.16682260479041916 0.3999370673379484 0.013660179640718563 0.013215859030837005
5 0.596744011976048 0.5168344870988043 0.010104790419161677 0.015418502202643174
22 0.16747754491017966 0.3799559471365639 0.004116766467065869 0.017935808684707365
22 0.7990269461077845 0.5896790434235368 0.004116766467065869 0.016991818753933293
11 0.23334580838323354 0.6268093140339837 0.012724550898203594 0.018879798615481436
0 0.6147080838323353 0.4126809314033984 0.009730538922155689 0.019823788546255508
5 0.861807634730539 0.42558212712397736 0.007672155688622755 0.01604782882315922
10 0.17122005988023953 0.5218691000629327 0.005239520958083833 0.014159848961611076
22 0.25467814371257486 0.60509754562618 0.005239520958083833 0.01762114537444934
5 0.8262537425149701 0.4065449968533669 0.009917664670658683 0.016362492133417245
22 0.7182821856287426 0.5937696664568912 0.006923652694610779 0.016362492133417245
13 0.8508607784431138 0.34675896790434235 0.011976047904191617 0.016991818753933293
13 0.8730351796407186 0.3626494650723726 0.012537425149700599 0.017306482064191317
21 0.799120508982036 0.38703587161736946 0.009543413173652695 0.015733165512901198
5 0.8443113772455091 0.46601636249213346 0.007110778443113773 0.021397105097545627
21 0.28938997005988026 0.6463184392699811 0.006549401197604791 0.01510383889238515
23 0.8070733532934132 0.38672120830711143 0.008607784431137725 0.01762114537444934
5 0.8380426646706587 0.5673379483952171 0.007672155688622755 0.016991818753933293
23 0.14680014970059882 0.3190685966016363 0.008794910179640719 0.0144745122718691
13 0.7231474550898204 0.3689427312775331 0.011414670658682636 0.02171176840780365
6 0.596369760479042 0.47372561359345505 0.01160179640718563 0.017935808684707365
21 0.7458832335329342 0.407803650094399 0.010479041916167666 0.01762114537444934
21 0.38547904191616766 0.34927627438640657 0.008982035928143714 0.020138451856513532
13 0.6909618263473054 0.5319383259911895 0.011788922155688624 0.01667715544367527
1 0.6911489520958084 0.35006293266205163 0.009917664670658683 0.02171176840780365
22 0.18357035928143714 0.3585588420390183 0.005988023952095809 0.017306482064191317
22 0.30931886227544914 0.42935808684707366 0.0026197604790419164 0.015418502202643174
22 0.1598053892215569 0.3599748269351794 0.005988023952095809 0.016991818753933293
5 0.16654191616766467 0.5015733165512901 0.01160179640718563 0.018879798615481436
3 0.09206586826347306 0.6401825047199498 0.010104790419161677 0.021082441787287604
2 0.16700973053892215 0.3584015103838893 0.007672155688622755 0.018879798615481436
5 0.5857971556886228 0.6556010069225928 0.008794910179640719 0.01667715544367527
16 0.5835516467065869 0.31497797356828194 0.009543413173652695 0.015733165512901198
21 0.1278068862275449 0.4417872876022656 0.01160179640718563 0.01825047199496539
7 0.7447604790419162 0.35006293266205163 0.014595808383233533 0.013530522341095029
22 0.7119199101796407 0.47010698552548774 0.0061751497005988025 0.016991818753933293
22 0.9082148203592815 0.5638766519823789 0.004303892215568862 0.01825047199496539
14 0.6787986526946108 0.4916614222781624 0.009169161676646708 0.017935808684707365
5 0.6362275449101796 0.5753618628067968 0.008982035928143714 0.01604782882315922
3 0.10404191616766467 0.3747640025173065 0.010853293413173653 0.01762114537444934
0 0.612743263473054 0.5158904971680303 0.010291916167664672 0.015418502202643174
5 0.7397080838323353 0.5914096916299559 0.009356287425149701 0.017935808684707365
10 0.3916541916167665 0.49134675896790436 0.007110778443113773 0.02171176840780365
5 0.15522080838323354 0.39867841409691634 0.008794910179640719 0.019509125235997484
22 0.25888847305389223 0.5863750786658276 0.005800898203592815 0.018565135305223412
19 0.1629865269461078 0.2789490245437382 0.010853293413173653 0.023599748269351795
1 0.39343188622754494 0.3102580239144116 0.009917664670658683 0.019509125235997484
13 0.29930763473053895 0.5464128382630585 0.01066616766467066 0.020453115166771556
20 0.18600299401197606 0.5424795468848332 0.010104790419161677 0.01762114537444934
6 0.11760853293413175 0.47781623662680933 0.01066616766467066 0.02171176840780365
12 0.718188622754491 0.6524543738200126 0.0074850299401197605 0.01919446192573946
3 0.7325037425149701 0.35053492762743865 0.011040419161676647 0.015733165512901198
20 0.7097679640718564 0.5538074260541221 0.008233532934131737 0.01825047199496539
19 0.19666916167664672 0.5033039647577093 0.009356287425149701 0.01919446192573946
20 0.5772829341317366 0.3348017621145375 0.009730538922155689 0.013845185651353053
17 0.7855538922155689 0.6297986154814349 0.009730538922155689 0.01604782882315922
22 0.3473989520958084 0.6486784140969163 0.005426646706586827 0.02171176840780365
23 0.8362649700598803 0.46743234738829453 0.008982035928143714 0.019823788546255508
21 0.843562874251497 0.6084015103838892 0.010479041916167666 0.01919446192573946
6 0.671126497005988 0.5331969792322215 0.011414670658682636 0.01919446192573946
3 0.6936751497005988 0.5736312146003776 0.008233532934131737 0.016991818753933293
4 0.203125 0.42117684078036505 0.010291916167664672 0.015418502202643174
19 0.1289296407185629 0.6211453744493393 0.010479041916167666 0.015733165512901198
5 0.7596369760479043 0.4680616740088106 0.008046407185628743 0.01667715544367527
23 0.4173839820359282 0.6102894902454374 0.009917664670658683 0.021082441787287604
1 0.3878181137724551 0.47010698552548774 0.009917664670658683 0.01825047199496539
3 0.5452844311377246 0.3952171176840781 0.010104790419161677 0.016362492133417245
6 0.6239708083832336 0.5536500943989932 0.008794910179640719 0.019823788546255508
9 0.5894461077844312 0.617369414726243 0.010104790419161677 0.033983637507866586
1 0.6063809880239521 0.49528005034612965 0.008794910179640719 0.0144745122718691
17 0.5451908682634731 0.41567023285084964 0.009543413173652695 0.016362492133417245
1 0.7062125748502994 0.4111076148521083 0.010479041916167666 0.01919446192573946
10 0.7594498502994013 0.6115481434864695 0.0061751497005988025 0.018565135305223412
19 0.3982971556886228 0.45028319697923225 0.009917664670658683 0.019509125235997484
1 0.4191616766467066 0.5508181246066709 0.008607784431137725 0.014789175582127124
5 0.6862836826347306 0.38955317809943363 0.007297904191616767 0.01762114537444934
13 0.5875748502994013 0.5764631843926998 0.010104790419161677 0.019509125235997484
3 0.8299026946107785 0.5673379483952171 0.012350299401197605 0.015733165512901198
13 0.2881736526946108 0.3864065449968534 0.010104790419161677 0.01825047199496539
17 0.718001497005988 0.5501887979861548 0.010479041916167666 0.017306482064191317
23 0.172810628742515 0.2992448080553808 0.011040419161676647 0.019509125235997484
3 0.21800149700598803 0.4833228445563248 0.010853293413173653 0.018879798615481436
1 0.5812125748502994 0.39254247954688487 0.008982035928143714 0.012901195720578981
21 0.674494760479042 0.5758338577721838 0.01066616766467066 0.01825047199496539
6 0.2694610778443114 0.525015733165513 0.009356287425149701 0.021082441787287604
21 0.8754678143712575 0.3244178728760227 0.010291916167664672 0.016991818753933293
14 0.15400449101796407 0.2983008181246067 0.01347305389221557 0.020138451856513532
22 0.1033869760479042 0.5995909376966646 0.004678143712574851 0.02171176840780365
7 0.7299775449101796 0.552076777847703 0.014221556886227546 0.019823788546255508
14 0.251309880239521 0.6268093140339837 0.008607784431137725 0.020138451856513532
21 0.1627994011976048 0.2992448080553808 0.009730538922155689 0.01825047199496539
8 0.8043600299401198 0.6093455003146634 0.01440868263473054 0.018565135305223412
0 0.7342814371257486 0.4680616740088106 0.010104790419161677 0.01667715544367527
1 0.7475673652694611 0.5306796727501574 0.008607784431137725 0.017306482064191317
5 0.6206025449101796 0.6346758967904342 0.007672155688622755 0.01510383889238515
5 0.3997941616766467 0.512114537444934 0.008420658682634731 0.021082441787287604
19 0.24803517964071858 0.5457835116425425 0.008794910179640719 0.02171176840780365
6 0.7077095808383234 0.4274701069855255 0.008982035928143714 0.01919446192573946
1 0.21135853293413176 0.3211139081183134 0.009543413173652695 0.021082441787287604
20 0.12312874251497007 0.3381057268722467 0.013847305389221558 0.021082441787287604
13 0.20930014970059882 0.5832284455632474 0.01066616766467066 0.02171176840780365
3 0.766373502994012 0.5695405915670233 0.009543413173652695 0.01510383889238515
11 0.5596931137724551 0.5962869729389554 0.011976047904191617 0.01762114537444934
22 0.26104041916167664 0.42558212712397736 0.005988023952095809 0.020453115166771556
20 0.26861901197604793 0.4252674638137193 0.009917664670658683 0.021082441787287604
5 0.34047529940119764 0.5501887979861548 0.007672155688622755 0.0223410950283197
23 0.6369760479041916 0.5350849590937697 0.00785928143712575 0.014789175582127124
5 0.3135291916167665 0.4488672120830711 0.009543413173652695 0.021082441787287604
21 0.8497380239520959 0.5873190685966017 0.00785928143712575 0.018565135305223412
13 0.1786115269461078 0.4416299559471366 0.009917664670658683 0.021082441787287604
23 0.24354416167664672 0.3826305852737571 0.009917664670658683 0.016991818753933293
22 0.6442739520958084 0.4318753933291378 0.00561377245508982 0.017935808684707365
1 0.15157185628742517 0.21727501573316552 0.011976047904191617 0.0223410950283197
5 0.7304453592814372 0.38845185651353054 0.009543413173652695 0.018565135305223412
7 0.5589446107784432 0.315607300188798 0.012724550898203594 0.0144745122718691
14 0.11405314371257486 0.5607300188797987 0.009169161676646708 0.016362492133417245
8 0.15784056886227546 0.3393643801132788 0.012537425149700599 0.018565135305223412
10 0.23933383233532934 0.5440528634361234 0.008607784431137725 0.02076777847702958
21 0.815681137724551 0.5665512901195721 0.008982035928143714 0.01667715544367527
17 0.6849738023952097 0.5926683448709881 0.009543413173652695 0.018565135305223412
6 0.15746631736526948 0.5003146633102581 0.009917664670658683 0.02328508495909377
21 0.7418600299401198 0.3689427312775331 0.007672155688622755 0.012901195720578981
3 0.8639595808383234 0.525802391441158 0.008982035928143714 0.016362492133417245
1 0.3449663173652695 0.4303020767778477 0.009543413173652695 0.01919446192573946
1 0.22342814371257486 0.40151038388923854 0.008607784431137725 0.015733165512901198
5 0.28564745508982037 0.5056639395846445 0.009543413173652695 0.020138451856513532
0 0.1847866766467066 0.3404657016991819 0.019273952095808386 0.01510383889238515
6 0.2754491017964072 0.4051290119572058 0.008233532934131737 0.01919446192573946
17 0.23063248502994013 0.5859030837004405 0.008794910179640719 0.01762114537444934
21 0.6613959580838323 0.4287287602265576 0.010291916167664672 0.015418502202643174
22 0.39502245508982037 0.4303020767778477 0.005239520958083833 0.020453115166771556
12 0.5785928143712575 0.6548143486469478 0.008607784431137725 0.015733165512901198
19 0.21828218562874252 0.3628067967275016 0.008794910179640719 0.02076777847702958
1 0.1470808383233533 0.33967904342353683 0.008233532934131737 0.017935808684707365
13 0.18001497005988026 0.5624606670862178 0.012724550898203594 0.019823788546255508
6 0.7910741017964072 0.5881057268722467 0.01066616766467066 0.01825047199496539
2 0.14099925149700598 0.42007551919446195 0.008420658682634731 0.020138451856513532
23 0.36751497005988026 0.328508495909377 0.010104790419161677 0.02076777847702958
0 0.33289670658682635 0.5479861548143486 0.008233532934131737 0.012271869100062933
10 0.8716317365269461 0.564820641913153 0.006736526946107785 0.019509125235997484
5 0.11985404191616768 0.6191000629326621 0.007297904191616767 0.012271869100062933
13 0.625561377245509 0.5744178728760228 0.010479041916167666 0.01604782882315922
22 0.5982410179640719 0.6139081183134047 0.005239520958083833 0.02076777847702958
14 0.7626309880239521 0.2868156073001888 0.008794910179640719 0.020453115166771556
1 0.608813622754491 0.3341724354940214 0.009543413173652695 0.01762114537444934
16 0.2125748502994012 0.3797986154814349 0.01122754491017964 0.020138451856513532
3 0.6352919161676647 0.6140654499685337 0.009730538922155689 0.017935808684707365
21 0.3372941616766467 0.6291692888609188 0.009169161676646708 0.015418502202643174
13 0.344872754491018 0.38845185651353054 0.013098802395209582 0.021082441787287604
10 0.32662799401197606 0.4872561359345501 0.007297904191616767 0.022970421648835747
3 0.734375 0.4482378854625551 0.008046407185628743 0.019823788546255508
20 0.5633420658682635 0.5766205160478288 0.009169161676646708 0.012901195720578981
1 0.17150074850299402 0.2783196979232222 0.009543413173652695 0.018565135305223412
13 0.7640344311377246 0.5092825676526117 0.011976047904191617 0.01919446192573946
19 0.43422529940119764 0.5498741346758969 0.008794910179640719 0.020453115166771556
0 0.35563248502994016 0.5086532410320956 0.009169161676646708 0.0223410950283197
21 0.8449663173652695 0.5269037130270611 0.009543413173652695 0.01667715544367527
3 0.858813622754491 0.3458149779735683 0.008046407185628743 0.020138451856513532
21 0.8155875748502994 0.6091881686595343 0.009169161676646708 0.018879798615481436
13 0.33663922155688625 0.5294210195091252 0.01347305389221557 0.01919446192573946
21 0.27984655688622756 0.4877281308999371 0.006923652694610779 0.019509125235997484
6 0.32466317365269465 0.6091881686595343 0.01122754491017964 0.020138451856513532
5 0.37752619760479045 0.36784140969163 0.006923652694610779 0.020138451856513532
16 0.6144273952095809 0.5755191944619258 0.01066616766467066 0.016362492133417245
16 0.6094685628742516 0.3908118313404657 0.013098802395209582 0.01762114537444934
13 0.765437874251497 0.591252359974827 0.010291916167664672 0.019509125235997484
3 0.2412986526946108 0.5020453115166772 0.010291916167664672 0.019823788546255508
8 0.13632110778443116 0.5402769037130271 0.013285928143712575 0.020138451856513532
14 0.33299026946107785 0.6082441787287602 0.010291916167664672 0.016991818753933293
23 0.7101422155688624 0.6518250471994966 0.008233532934131737 0.019823788546255508
14 0.26646706586826346 0.5871617369414727 0.009356287425149701 0.020138451856513532
12 0.5908495508982037 0.35446821900566394 0.008420658682634731 0.018565135305223412
5 0.6850673652694611 0.4713656387665199 0.009356287425149701 0.01825047199496539
22 0.203873502994012 0.32095657646318443 0.0061751497005988025 0.016991818753933293
23 0.18628368263473055 0.643643801132788 0.009917664670658683 0.019823788546255508
1 0.09936377245508983 0.5602580239144116 0.01122754491017964 0.019823788546255508
13 0.781998502994012 0.4483952171176841 0.01122754491017964 0.018879798615481436
17 0.3731287425149701 0.3074260541220894 0.009356287425149701 0.01825047199496539
21 0.6646706586826348 0.5531780994336061 0.008982035928143714 0.019509125235997484
13 0.6653255988023953 0.5937696664568912 0.012911676646706588 0.016991818753933293
23 0.15746631736526948 0.42023285084959094 0.008420658682634731 0.02171176840780365
21 0.5436938622754491 0.5980176211453745 0.008046407185628743 0.017306482064191317
10 0.7478480538922156 0.591724354940214 0.006549401197604791 0.01919446192573946
16 0.32092065868263475 0.5067652611705475 0.012350299401197605 0.021082441787287604
8 0.125748502994012 0.4581497797356828 0.01122754491017964 0.018879798615481436
8 0.22165044910179643 0.5668659534298301 0.014034431137724552 0.01919446192573946
20 0.5750374251497007 0.5353996224040277 0.010104790419161677 0.012901195720578981
3 0.8673278443113773 0.32363121460037764 0.008233532934131737 0.021082441787287604
22 0.328873502994012 0.5898363750786658 0.005800898203592815 0.01919446192573946
3 0.8241017964071857 0.446979232221523 0.009730538922155689 0.01604782882315922
1 0.3258794910179641 0.527218376337319 0.009543413173652695 0.01604782882315922
12 0.706306137724551 0.3495909376966646 0.01066616766467066 0.022655758338577723
8 0.5588510479041916 0.45531780994336063 0.013660179640718563 0.01825047199496539
6 0.24223428143712578 0.4446192573945878 0.008794910179640719 0.020138451856513532
8 0.374625748502994 0.3481749528005035 0.012350299401197605 0.018565135305223412
21 0.15840194610778444 0.6230333543108874 0.008046407185628743 0.016991818753933293
14 0.2504678143712575 0.525330396475771 0.008794910179640719 0.02171176840780365
23 0.3354229041916168 0.32787916928886096 0.008794910179640719 0.016991818753933293
13 0.18852919161676648 0.5234424166142229 0.011788922155688624 0.01919446192573946
16 0.235310628742515 0.5649779735682819 0.01066616766467066 0.014159848961611076
3 0.27806886227544914 0.5256450597860289 0.010479041916167666 0.019823788546255508
5 0.6282747005988024 0.3928571428571429 0.01066616766467066 0.017935808684707365
13 0.7166916167664671 0.40921963499056013 0.012350299401197605 0.017306482064191317
22 0.6540980538922156 0.512901195720579 0.006549401197604791 0.01825047199496539
11 0.8010853293413174 0.4274701069855255 0.012350299401197605 0.015418502202643174
22 0.7555202095808383 0.5108558842039018 0.005052395209580838 0.019823788546255508
13 0.12818113772455092 0.37838263058527377 0.01122754491017964 0.019823788546255508
14 0.17449476047904192 0.37901195720578984 0.009169161676646708 0.019823788546255508
21 0.7758233532934132 0.42794210195091253 0.009730538922155689 0.01510383889238515
6 0.7504678143712575 0.46884833228445566 0.009543413173652695 0.01762114537444934
20 0.5915980538922156 0.5967589679043424 0.010291916167664672 0.01667715544367527
21 0.8104416167664671 0.48867212083071115 0.0074850299401197605 0.01762114537444934
22 0.7824663173652695 0.4675896790434236 0.0035553892215568865 0.020138451856513532
5 0.37977170658682635 0.5094398993077408 0.009543413173652695 0.02076777847702958
22 0.6277133233532934 0.6337319068596602 0.006549401197604791 0.016991818753933293
21 0.31446482035928147 0.5898363750786658 0.007672155688622755 0.01919446192573946
1 0.1346369760479042 0.39915040906230337 0.009917664670658683 0.01919446192573946
23 0.5679266467065869 0.5169918187539333 0.008982035928143714 0.015733165512901198
0 0.6964820359281437 0.4103209565764632 0.010104790419161677 0.018879798615481436
5 0.8052020958083833 0.5873190685966017 0.007110778443113773 0.01667715544367527
22 0.10385479041916168 0.619257394587791 0.0048652694610778445 0.01762114537444934
13 0.42374625748503 0.45028319697923225 0.012163173652694611 0.01825047199496539
22 0.581493263473054 0.4965387035871618 0.005426646706586827 0.01825047199496539
22 0.358813622754491 0.3270925110132159 0.006549401197604791 0.017935808684707365
3 0.12649700598802396 0.3967904342353682 0.010479041916167666 0.01825047199496539
16 0.20930014970059882 0.2775330396475771 0.014034431137724552 0.0144745122718691
13 0.719311377245509 0.38829452485840155 0.01122754491017964 0.016991818753933293
13 0.17964071856287425 0.3985210824417873 0.011976047904191617 0.020453115166771556
22 0.6980726047904192 0.3491189427312776 0.008046407185628743 0.022970421648835747
7 0.6218188622754491 0.3727186910006294 0.01721556886227545 0.021082441787287604
21 0.3336452095808383 0.48694147262429205 0.009356287425149701 0.019823788546255508
23 0.7847118263473054 0.42825676526117057 0.008420658682634731 0.015733165512901198
22 0.5596931137724551 0.5369729389553178 0.005239520958083833 0.017306482064191317
23 0.3180202095808383 0.5682819383259913 0.009169161676646708 0.01762114537444934
21 0.4415232035928144 0.5498741346758969 0.008046407185628743 0.020453115166771556
1 0.09927020958083833 0.5191944619257395 0.009917664670658683 0.01762114537444934
5 0.16757110778443116 0.5811831340465702 0.007297904191616767 0.016362492133417245
5 0.690306886227545 0.6331025802391441 0.008233532934131737 0.020138451856513532
5 0.2255800898203593 0.4625550660792952 0.007672155688622755 0.012586532410320957
13 0.8258794910179641 0.6080868470736313 0.011788922155688624 0.02171176840780365
5 0.3633046407185629 0.4303020767778477 0.009543413173652695 0.020453115166771556
14 0.7311938622754491 0.6334172435494022 0.009169161676646708 0.018879798615481436
21 0.7509356287425151 0.49024543738200127 0.008607784431137725 0.01510383889238515
5 0.25233907185628746 0.565449968533669 0.007297904191616767 0.01510383889238515
14 0.2882672155688623 0.48709880427942104 0.009169161676646708 0.01825047199496539
5 0.1445546407185629 0.35808684707363125 0.008794910179640719 0.01825047199496539
5 0.20508982035928144 0.40040906230333545 0.006362275449101797 0.021082441787287604
20 0.33916541916167664 0.3041220893643801 0.009917664670658683 0.021082441787287604
3 0.5665232035928144 0.2931088735053493 0.011040419161676647 0.021082441787287604
7 0.627245508982036 0.5950283196979232 0.013847305389221558 0.016991818753933293
10 0.1745883233532934 0.6036815607300189 0.008233532934131737 0.01919446192573946
6 0.28040793413173654 0.44524858401510387 0.009543413173652695 0.020138451856513532
7 0.22324101796407186 0.44257394587791066 0.013098802395209582 0.01919446192573946
22 0.6040419161676647 0.3536815607300189 0.0048652694610778445 0.019509125235997484
23 0.8955838323353293 0.38294524858401513 0.00785928143712575 0.01825047199496539
13 0.6761788922155689 0.4100062932662052 0.011788922155688624 0.018879798615481436
22 0.8095059880239521 0.6485210824417873 0.0048652694610778445 0.016362492133417245
1 0.390625 0.3692573945877911 0.009169161676646708 0.020453115166771556
5 0.1471744011976048 0.5409062303335431 0.009543413173652695 0.018879798615481436
21 0.32288547904191617 0.6485210824417873 0.009169161676646708 0.020138451856513532
14 0.11845059880239521 0.4406859660163625 0.007110778443113773 0.014789175582127124
23 0.5978667664670659 0.4955947136563877 0.008607784431137725 0.018879798615481436
21 0.5519273952095809 0.5591567023285086 0.009169161676646708 0.016991818753933293
22 0.28761227544910184 0.46711768407803655 0.007110778443113773 0.02171176840780365
5 0.6229416167664671 0.43156073001887985 0.008233532934131737 0.017935808684707365
13 0.15858907185628743 0.539332913782253 0.01066616766467066 0.019509125235997484
12 0.784244011976048 0.30884203901825047 0.006362275449101797 0.018565135305223412
13 0.39960703592814373 0.4104782882315922 0.011040419161676647 0.02171176840780365
23 0.7990269461077845 0.5500314663310258 0.008233532934131737 0.015733165512901198
21 0.5421032934131736 0.6584329767149151 0.010479041916167666 0.017935808684707365
13 0.11059131736526946 0.5001573316551291 0.01122754491017964 0.02171176840780365
14 0.10217065868263474 0.46082441787287604 0.011976047904191617 0.022970421648835747
23 0.21089071856287425 0.565449968533669 0.0074850299401197605 0.018879798615481436
23 0.3477732035928144 0.5073945877910636 0.008794910179640719 0.018565135305223412
11 0.3380426646706587 0.5888923851478918 0.012537425149700599 0.021082441787287604
16 0.27694610778443113 0.5871617369414727 0.010104790419161677 0.01510383889238515
13 0.1379116766467066 0.46082441787287604 0.010853293413173653 0.014159848961611076
9 0.3167103293413174 0.48804279421019514 0.011040419161676647 0.03524229074889868
16 0.5469685628742516 0.4554751415984897 0.010104790419161677 0.017935808684707365
20 0.5789670658682635 0.47482693517935814 0.008607784431137725 0.015733165512901198
20 0.5602544910179641 0.6548143486469478 0.011976047904191617 0.016991818753933293
21 0.5583832335329342 0.5188797986154815 0.010853293413173653 0.015733165512901198
23 0.5533308383233533 0.6360918816865954 0.009356287425149701 0.015418502202643174
17 0.3722866766467066 0.5700125865324104 0.008420658682634731 0.02171176840780365
10 0.8647080838323353 0.5641913152926369 0.005988023952095809 0.018879798615481436
21 0.6343562874251497 0.6337319068596602 0.010853293413173653 0.016362492133417245
20 0.8019273952095809 0.6489930774071744 0.011040419161676647 0.018565135305223412
21 0.09608907185628743 0.6191000629326621 0.008046407185628743 0.012901195720578981
17 0.40858907185628746 0.48977344241661425 0.01066616766467066 0.019823788546255508
13 0.6849738023952097 0.5719005663939585 0.012163173652694611 0.017935808684707365
22 0.5576347305389222 0.2945248584015104 0.006736526946107785 0.022655758338577723
13 0.6575598802395209 0.37146003775959724 0.01122754491017964 0.014159848961611076
22 0.7592627245508983 0.551762114537445 0.005052395209580838 0.01919446192573946
1 0.7404565868263473 0.6505663939584645 0.010104790419161677 0.01919446192573946
7 0.6671968562874252 0.47152297042164887 0.013285928143712575 0.012271869100062933
3 0.6686938622754491 0.3705160478288232 0.009917664670658683 0.017935808684707365
10 0.7465381736526947 0.6320012586532411 0.006549401197604791 0.019823788546255508
8 0.7145396706586826 0.5722152297042166 0.013285928143712575 0.019823788546255508
21 0.32335329341317365 0.5484581497797357 0.0074850299401197605 0.012586532410320957
8 0.8051085329341318 0.5685966016362493 0.013285928143712575 0.01825047199496539
8 0.6927395209580839 0.6519823788546256 0.014595808383233533 0.015733165512901198
13 0.6693488023952097 0.35258023914411585 0.01122754491017964 0.02171176840780365
3 0.359375 0.40953429830081817 0.011040419161676647 0.019823788546255508
23 0.7681511976047904 0.4675896790434236 0.008233532934131737 0.01762114537444934
16 0.8867889221556887 0.381057268722467 0.01122754491017964 0.019509125235997484
0 0.19479790419161677 0.644430459408433 0.010853293413173653 0.022655758338577723
3 0.30127245508982037 0.40748898678414097 0.01160179640718563 0.019509125235997484
8 0.29593937125748504 0.5067652611705475 0.013660179640718563 0.023599748269351795
16 0.29940119760479045 0.5685966016362493 0.010853293413173653 0.01825047199496539
23 0.6295845808383234 0.5355569540591567 0.008420658682634731 0.015733165512901198
13 0.8191429640718564 0.6485210824417873 0.011414670658682636 0.022026431718061675
10 0.5920658682634731 0.3140339836375079 0.006362275449101797 0.018879798615481436
5 0.13388847305389223 0.420862177470107 0.008046407185628743 0.013530522341095029
1 0.26627994011976047 0.5039332913782253 0.010853293413173653 0.019823788546255508
23 0.29238398203592814 0.40701699181875395 0.008794910179640719 0.0223410950283197
21 0.2596369760479042 0.526117054751416 0.008794910179640719 0.01762114537444934
13 0.2285741017964072 0.3431403398363751 0.011040419161676647 0.017935808684707365
16 0.6636414670658684 0.45154185022026433 0.010291916167664672 0.013845185651353053
1 0.689184131736527 0.6128067967275016 0.008982035928143714 0.01919446192573946
3 0.8777133233532934 0.38325991189427316 0.009169161676646708 0.021397105097545627
13 0.25636227544910184 0.40418502202643175 0.012350299401197605 0.021082441787287604
21 0.7745134730538923 0.591252359974827 0.008233532934131737 0.015733165512901198
1 0.17786302395209583 0.5212397734424167 0.009917664670658683 0.01667715544367527
10 0.6675711077844312 0.6331025802391441 0.007672155688622755 0.021397105097545627
1 0.7540232035928144 0.6519823788546256 0.008794910179640719 0.022655758338577723
5 0.1902133233532934 0.3980490874764003 0.009543413173652695 0.02076777847702958
13 0.7074288922155689 0.4911894273127754 0.012911676646706588 0.018879798615481436
5 0.5985217065868264 0.57803650094399 0.009169161676646708 0.021397105097545627
7 0.2722679640718563 0.6069855254877282 0.01347305389221557 0.015733165512901198
22 0.12818113772455092 0.5201384518565135 0.0048652694610778445 0.01825047199496539
3 0.30566991017964074 0.5881057268722467 0.008420658682634731 0.019509125235997484
16 0.829434880239521 0.6466331025802392 0.009169161676646708 0.020138451856513532
8 0.6169535928143713 0.4941787287602266 0.013847305389221558 0.013530522341095029
14 0.7851796407185629 0.5692259282567653 0.01122754491017964 0.020138451856513532
11 0.7914483532934132 0.46711768407803655 0.012537425149700599 0.018565135305223412
7 0.3314932634730539 0.3881371932032725 0.013660179640718563 0.020453115166771556
7 0.6069423652694611 0.45280050346129647 0.013660179640718563 0.012586532410320957
22 0.7129491017964072 0.368313404657017 0.007110778443113773 0.020453115166771556
21 0.7026571856287426 0.5725298930144745 0.010479041916167666 0.01667715544367527
22 0.549869011976048 0.6159534298300818 0.004303892215568862 0.014159848961611076
5 0.2670284431137725 0.4033983637507867 0.008233532934131737 0.016991818753933293
0 0.2158495508982036 0.46397105097545627 0.009543413173652695 0.021082441787287604
5 0.6306137724550899 0.6535556954059157 0.009356287425149701 0.016362492133417245
23 0.6454902694610779 0.5745752045311517 0.008046407185628743 0.0144745122718691
0 0.1723428143712575 0.48316551290119575 0.00785928143712575 0.02171176840780365
22 0.1813248502994012 0.4845814977973569 0.008233532934131737 0.020138451856513532
5 0.23755613772455092 0.42400881057268724 0.009917664670658683 0.021082441787287604
10 0.32148203592814373 0.44918187539332916 0.004491017964071857 0.012901195720578981
22 0.14305763473053892 0.5202957835116426 0.005800898203592815 0.018565135305223412
16 0.3984842814371258 0.2853996224040277 0.01590568862275449 0.020138451856513532
1 0.29762350299401197 0.44745122718691005 0.010291916167664672 0.01762114537444934
21 0.7645958083832336 0.631214600377596 0.010479041916167666 0.020138451856513532
5 0.18890344311377247 0.2182190056639396 0.009917664670658683 0.01919446192573946
7 0.10301272455089822 0.6406544996853367 0.01590568862275449 0.019509125235997484
6 0.24335703592814373 0.644115796098175 0.011040419161676647 0.02076777847702958
23 0.2439184131736527 0.5660792951541851 0.009917664670658683 0.018879798615481436
21 0.13837949101796407 0.619257394587791 0.009169161676646708 0.016362492133417245
23 0.8188622754491018 0.4889867841409692 0.008233532934131737 0.016991818753933293
5 0.5679266467065869 0.6345185651353052 0.009356287425149701 0.01667715544367527
23 0.6890905688622755 0.45075519194461927 0.009543413173652695 0.01919446192573946
1 0.7267028443113773 0.45122718691000635 0.009543413173652695 0.01825047199496539
3 0.31315494011976047 0.6282252989301448 0.011040419161676647 0.01919446192573946
11 0.6570920658682635 0.6334172435494022 0.014034431137724552 0.018879798615481436
4 0.31867514970059885 0.38845185651353054 0.01347305389221557 0.021082441787287604
23 0.5688622754491018 0.4745122718691001 0.009356287425149701 0.019509125235997484
1 0.7100486526946108 0.5325676526117055 0.009917664670658683 0.01604782882315922
1 0.7039670658682635 0.46884833228445566 0.009356287425149701 0.01825047199496539
23 0.390063622754491 0.45075519194461927 0.009543413173652695 0.02171176840780365
9 0.6546594311377246 0.5566393958464444 0.010291916167664672 0.04153555695405916
13 0.38370134730538924 0.3074260541220894 0.010291916167664672 0.019509125235997484
1 0.5824288922155689 0.5355569540591567 0.008794910179640719 0.015733165512901198
13 0.6950785928143713 0.33023914411579613 0.009917664670658683 0.01919446192573946
5 0.6762724550898204 0.3706733794839522 0.008233532934131737 0.0144745122718691
3 0.1412799401197605 0.5824417872876023 0.010479041916167666 0.020138451856513532
15 0.8154004491017964 0.407803650094399 0.01066616766467066 0.018879798615481436
1 0.1717814371257485 0.21884833228445566 0.01160179640718563 0.017935808684707365
5 0.7266092814371258 0.49087476400251734 0.00785928143712575 0.013845185651353053
21 0.5700785928143713 0.6554436752674638 0.007672155688622755 0.013215859030837005
17 0.24635104790419163 0.4243234738829453 0.008420658682634731 0.020453115166771556
21 0.5430389221556886 0.6371932032724985 0.010104790419161677 0.015733165512901198
21 0.39960703592814373 0.49071743234738835 0.008794910179640719 0.017935808684707365
3 0.7330651197604791 0.36910006293266207 0.01066616766467066 0.0144745122718691
3 0.5433196107784432 0.47529893014474517 0.01066616766467066 0.017935808684707365
17 0.7585142215568863 0.42825676526117057 0.010291916167664672 0.01762114537444934
19 0.13416916167664672 0.6017935808684708 0.01122754491017964 0.022970421648835747
21 0.09683757485029941 0.5980176211453745 0.009169161676646708 0.019823788546255508
5 0.7312874251497007 0.5327249842668346 0.008607784431137725 0.01825047199496539
6 0.1875935628742515 0.6028949024543738 0.01066616766467066 0.018879798615481436
21 0.20162799401197606 0.5637193203272499 0.008420658682634731 0.017306482064191317
17 0.328686377245509 0.6285399622404028 0.008794910179640719 0.019823788546255508
17 0.733626497005988 0.48867212083071115 0.008794910179640719 0.01825047199496539
22 0.5947791916167665 0.4131529263687854 0.004678143712574851 0.016991818753933293
1 0.8319610778443114 0.447136563876652 0.008982035928143714 0.01825047199496539
5 0.858439371257485 0.5660792951541851 0.007297904191616767 0.01762114537444934
8 0.3356100299401198 0.4301447451227187 0.012911676646706588 0.013215859030837005
1 0.6619573353293413 0.5338263058527376 0.009543413173652695 0.01604782882315922
16 0.706306137724551 0.6135934550031467 0.009543413173652695 0.016362492133417245
13 0.783308383233533 0.6090308370044053 0.01160179640718563 0.020453115166771556
17 0.5603480538922156 0.5574260541220895 0.01066616766467066 0.017935808684707365
3 0.5572604790419162 0.6165827564505979 0.010479041916167666 0.01667715544367527
3 0.6806699101796407 0.6128067967275016 0.01066616766467066 0.021082441787287604
1 0.7150074850299402 0.33055380742605417 0.01160179640718563 0.01667715544367527
23 0.8170845808383234 0.5286343612334802 0.008420658682634731 0.020138451856513532
14 0.4065306886227545 0.5102265575833859 0.009169161676646708 0.021082441787287604
1 0.23091317365269462 0.5451541850220265 0.011976047904191617 0.02171176840780365
5 0.14923278443113774 0.37775330396475776 0.009543413173652695 0.021082441787287604
21 0.2969685628742515 0.4874134675896791 0.009356287425149701 0.016362492133417245
5 0.14530314371257486 0.5610446821900567 0.008794910179640719 0.015733165512901198
5 0.7548652694610779 0.28744493392070486 0.0074850299401197605 0.01919446192573946
20 0.11171407185628743 0.5980176211453745 0.01122754491017964 0.021082441787287604
16 0.6089071856287426 0.6551290119572059 0.010104790419161677 0.016362492133417245
19 0.17496257485029942 0.6224040276903714 0.010104790419161677 0.016991818753933293
1 0.5712949101796407 0.4543738200125866 0.010104790419161677 0.01762114537444934
13 0.8548839820359282 0.526274386406545 0.01066616766467066 0.017935808684707365
1 0.2100486526946108 0.5451541850220265 0.007672155688622755 0.015418502202643174
19 0.16336077844311378 0.4812775330396476 0.01160179640718563 0.020453115166771556
22 0.5787799401197605 0.5752045311516678 0.005988023952095809 0.013845185651353053
22 0.20424775449101798 0.5443675267463814 0.005426646706586827 0.021397105097545627
22 0.8066055389221557 0.5497168030207679 0.005800898203592815 0.02076777847702958
7 0.3749064371257485 0.5888923851478918 0.012911676646706588 0.019823788546255508
3 0.7365269461077845 0.40827564505978603 0.010104790419161677 0.01667715544367527
1 0.751684131736527 0.5498741346758969 0.010853293413173653 0.018565135305223412
3 0.18095059880239522 0.21806167400881057 0.008233532934131737 0.01762114537444934
1 0.7847118263473054 0.48914411579609823 0.008046407185628743 0.017306482064191317
21 0.8058570359281437 0.5102265575833859 0.007672155688622755 0.01667715544367527
21 0.7772267964071857 0.5696979232221523 0.008794910179640719 0.01919446192573946
5 0.24569610778443116 0.40324103209565765 0.0074850299401197605 0.014159848961611076
8 0.13866017964071858 0.44084329767149155 0.013098802395209582 0.022655758338577723
16 0.35610029940119764 0.368313404657017 0.010479041916167666 0.015418502202643174
17 0.655688622754491 0.47215229704216494 0.010104790419161677 0.017935808684707365
21 0.6243450598802396 0.45280050346129647 0.006923652694610779 0.010698552548772814
6 0.7393338323353293 0.5102265575833859 0.009730538922155689 0.017306482064191317
6 0.3665793413173653 0.2865009439899308 0.010479041916167666 0.0223410950283197
5 0.7931324850299402 0.34723096286972943 0.01066616766467066 0.02171176840780365
21 0.6965755988023953 0.3698867212083071 0.010291916167664672 0.020453115166771556
3 0.6357597305389222 0.4930774071743235 0.010291916167664672 0.01762114537444934
5 0.10076721556886228 0.49685336689741977 0.008420658682634731 0.021397105097545627
13 0.5618450598802396 0.43486469477658907 0.009917664670658683 0.0144745122718691
21 0.19517215568862276 0.5423222152297043 0.010104790419161677 0.019823788546255508
16 0.8017402694610779 0.4874134675896791 0.009543413173652695 0.015733165512901198
16 0.20059880239520958 0.5240717432347388 0.01122754491017964 0.017306482064191317
8 0.16102170658682635 0.2182190056639396 0.012163173652694611 0.01919446192573946
3 0.7005988023952097 0.5316236626809314 0.009730538922155689 0.017306482064191317
0 0.8127806886227545 0.5882630585273757 0.007672155688622755 0.01667715544367527
22 0.8859468562874252 0.564820641913153 0.004303892215568862 0.013845185651353053
6 0.704809131736527 0.6316865953429831 0.009543413173652695 0.01919446192573946
5 0.12621631736526948 0.4795468848332285 0.008794910179640719 0.01825047199496539
21 0.14305763473053892 0.6010069225928257 0.009917664670658683 0.021397105097545627
16 0.2889221556886228 0.525015733165513 0.012350299401197605 0.021082441787287604
5 0.1219124251497006 0.5195091252359976 0.008420658682634731 0.01825047199496539
21 0.25271332335329344 0.5865324103209566 0.007672155688622755 0.012586532410320957
3 0.7630988023952097 0.407331655129012 0.01122754491017964 0.017935808684707365
8 0.5774700598802396 0.6162680931403399 0.011976047904191617 0.014159848961611076
14 0.6315494011976048 0.47278162366268095 0.01122754491017964 0.019823788546255508
5 0.20574476047904192 0.5028319697923223 0.008046407185628743 0.0144745122718691
5 0.3634917664670659 0.6502517306482065 0.009169161676646708 0.0223410950283197
13 0.7632859281437127 0.5305223410950284 0.01122754491017964 0.01762114537444934
10 0.6271519461077845 0.6139081183134047 0.006549401197604791 0.02076777847702958
21 0.5475299401197605 0.37539332913782253 0.008607784431137725 0.01195720578980491