23 0.4818949909474955 0.783605812897366 0.06940253470126735 0.05858310626702997
20 0.33584791792395896 0.9430063578564941 0.06216053108026554 0.057674841053587646
13 0.19855159927579963 0.38828337874659397 0.0627640313820157 0.05812897366030881
1 0.8138201569100785 0.3860127157129882 0.07543753771876886 0.05812897366030881
5 0.3611949305974653 0.783605812897366 0.058539529269764634 0.05404178019981835
16 0.6922148461074231 0.8930517711171662 0.07242003621001811 0.0522252497729337
6 0.7124321062160531 0.6430517711171662 0.07423053711526856 0.0653950953678474
14 0.4016294508147254 0.37738419618528607 0.08026554013277007 0.06267029972752043
13 0.715751357875679 0.47820163487738415 0.07724803862401931 0.07084468664850135
5 0.8059746529873265 0.4738873751135331 0.07664453832226917 0.06948228882833787
14 0.9333132166566084 0.38419618528610355 0.05974652987326494 0.06721162579473206
1 0.771876885938443 0.6516802906448683 0.0700060350030175 0.0653950953678474
21 0.41852745926372964 0.7847411444141689 0.06216053108026554 0.05994550408719346
5 0.3292094146047073 0.38828337874659397 0.06095353047676524 0.06085376930063578
1 0.6955340977670489 0.3857856494096276 0.05612552806276403 0.061307901907356945
1 0.7643331321665661 0.8860127157129881 0.08147254073627037 0.04450499545867393
3 0.4007242003621002 0.6469118982742961 0.05793602896801449 0.04495912806539509
16 0.2776101388050694 0.31607629427792916 0.09535304767652383 0.06721162579473206
21 0.7471333735666867 0.837874659400545 0.0748340374170187 0.05722070844686648
20 0.35697042848521426 0.21889191643960035 0.1019915509957755 0.07175295186194368
22 0.2311406155703078 0.4838782924613987 0.028968014484007244 0.06403269754768393
17 0.3382619191309596 0.7148047229791099 0.06095353047676524 0.05812897366030881
10 0.4915509957754979 0.5544959128065395 0.051297525648762825 0.05267938237965486
3 0.15419432709716355 0.1455495004541326 0.08388654194327097 0.04495912806539509
22 0.8708509354254678 0.46662125340599453 0.053108026554013275 0.08583106267029972
16 0.7208811104405553 0.5631244323342416 0.08267954133977067 0.072661217075386
1 0.18497284248642124 0.4841053587647593 0.05491852745926373 0.05086285195277021
1 0.624019312009656 0.3076748410535876 0.10983705491852747 0.05858310626702997
23 0.6041038020519011 0.47524977293369663 0.0700060350030175 0.05495004541326067
13 0.6894990947495474 0.8458219800181652 0.05250452625226313 0.05495004541326067
1 0.18406759203379602 0.2204813805631244 0.09414604707302354 0.06494096276112625
21 0.359987929993965 0.6460036330608537 0.04888352444176222 0.039509536784741145
13 0.2628243814121907 0.21934604904632152 0.09354254677127338 0.07538601271571299
22 0.6544960772480386 0.4757039055404178 0.03922751961375981 0.07584014532243415
12 0.2987326493663247 0.13601271571298817 0.07966203983101992 0.0631244323342416
5 0.5588412794206398 0.3776112624886467 0.0712130356065178 0.061307901907356945
5 0.2788171394085697 0.3966848319709355 0.10380205190102595 0.0740236148955495
3 0.38774894387447195 0.7166212534059945 0.057332528666264336 0.05086285195277021
21 0.19945684972842487 0.319936421435059 0.07423053711526856 0.0631244323342416
22 0.8213639106819554 0.7783832879200726 0.03862401931200966 0.06448683015440508
13 0.6315630657815329 0.8966848319709355 0.06216053108026554 0.04768392370572207
21 0.3035606517803259 0.8621707538601271 0.08207604103802052 0.05040871934604904
11 0.2848521424260712 0.4791099000908265 0.09535304767652383 0.055404178019981834
13 0.13548581774290888 0.3212988192552225 0.06940253470126735 0.0631244323342416
22 0.35697042848521426 0.857402361489555 0.03922751961375981 0.07084468664850135
19 0.4266747133373567 0.8648955495004541 0.08086904043452021 0.055858310626702996
5 0.8741701870850935 0.645322434150772 0.07785153892576946 0.06993642143505903
14 0.7015691007845504 0.7788374205267938 0.07543753771876886 0.06267029972752043
5 0.5452625226312613 0.5544959128065395 0.058539529269764634 0.05449591280653951
14 0.3581774290887145 0.4732061762034514 0.07060953530476766 0.07084468664850135
6 0.23445986722993362 0.7150317892824705 0.06578153289076645 0.05313351498637602
22 0.8777911888955945 0.5624432334241598 0.045262522631261314 0.0667574931880109
11 0.47254073627036813 0.37375113533151677 0.0700060350030175 0.06357856494096276
3 0.5380205190102595 0.30517711171662126 0.06578153289076645 0.06357856494096276
21 0.5274592637296319 0.476158038147139 0.07604103802051901 0.05858310626702997
21 0.4372359686179843 0.7107175295186194 0.04888352444176222 0.05449591280653951
22 0.8165359082679542 0.6387375113533151 0.03741701870850935 0.0849227974568574
4 0.11587205793602898 0.22752043596730245 0.09897404948702475 0.06267029972752043
3 0.635787567893784 0.3939600363306085 0.08630054315027158 0.06494096276112625
22 0.7383826191913097 0.38396911898274294 0.04043452021726011 0.07947320617620345
14 0.87990343995172 0.38283378746594005 0.063971031985516 0.05903723887375113
5 0.5503922751961376 0.9384650317892824 0.07845503922751962 0.04495912806539509
13 0.49939649969824984 0.7113987284287011 0.07543753771876886 0.06494096276112625
17 0.6369945684972843 0.6235240690281562 0.07423053711526856 0.055404178019981834
6 0.7697646348823175 0.7788374205267938 0.07302353651176825 0.06630336058128973
1 0.6255280627640314 0.7801998183469573 0.08750754375377189 0.05722070844686648
5 0.6372963186481594 0.8499091734786557 0.063971031985516 0.0522252497729337
14 0.29299939649969825 0.7876930063578564 0.07785153892576946 0.05858310626702997
17 0.2248038624019312 0.7872388737511353 0.06095353047676524 0.055858310626702996
1 0.5820760410380206 0.6205722070844687 0.051297525648762825 0.04586739327883742
5 0.4127942063971032 0.4757039055404178 0.05914302957151479 0.05040871934604904
18 0.627942063971032 0.5526793823796549 0.1007845503922752 0.08356039963669391
21 0.39529269764634883 0.9418710263396911 0.053108026554013275 0.05994550408719346
20 0.4888352444176222 0.648047229791099 0.0675920337960169 0.05267938237965486
6 0.9269764634882318 0.4791099000908265 0.0748340374170187 0.07175295186194368
22 0.10350030175015087 0.14623069936421434 0.030778515389257695 0.04450499545867393
9 0.8114061557030778 0.5626702997275204 0.08871454435727218 0.09355131698455948
1 0.4671092335546168 0.31221616712079925 0.08931804465902234 0.0703905540417802
8 0.5552202776101388 0.8630790190735694 0.08086904043452021 0.0522252497729337
10 0.44146047073023537 0.22297910990009082 0.06940253470126735 0.0690281562216167
1 0.21967410983705493 0.13192552225249773 0.08086904043452021 0.0667574931880109
22 0.4716354858177429 0.48047229791099 0.0356065178032589 0.06721162579473206
14 0.29450814725407365 0.7145776566757492 0.05793602896801449 0.05858310626702997
22 0.4426674713337357 0.6469118982742961 0.02595051297525649 0.04495912806539509
11 0.3023536511768256 0.6521344232515894 0.05793602896801449 0.04995458673932788
8 0.3747736873868437 0.3138056312443233 0.10018105009052505 0.06630336058128973
21 0.4894387447193724 0.8655767484105359 0.06517803258901629 0.05267938237965486